 VARIABLES="X","Y","U","V","P"
 ZONE F=POINT, I=          16 , J=          16
   3.12500000E-02   3.12500000E-02   1.08107284E-03  -1.08412490E-03   8.36571492E-03
   9.37500000E-02   3.12500000E-02   1.51203829E-03   6.45956432E-04   8.12644884E-03
  0.156250000       3.12500000E-02  -1.83713052E-03   2.69534974E-03   7.74379261E-03
  0.218750000       3.12500000E-02  -9.02159140E-03   4.48219758E-03   7.29277171E-03
  0.281250000       3.12500000E-02  -1.93609297E-02   5.85129810E-03   6.83981646E-03
  0.343750000       3.12500000E-02  -3.18150744E-02   6.59811776E-03   6.46537542E-03
  0.406250000       3.12500000E-02  -4.49873991E-02   6.57050405E-03   6.28380477E-03
  0.468750000       3.12500000E-02  -5.72644882E-02   5.70359826E-03   6.44538552E-03
  0.531250000       3.12500000E-02  -6.69714957E-02   4.00060602E-03   7.11342180E-03
  0.593750000       3.12500000E-02  -7.24772513E-02   1.50180352E-03   8.41612648E-03
  0.656250000       3.12500000E-02  -7.22160488E-02  -1.76762580E-03   1.03707612E-02
  0.718750000       3.12500000E-02  -6.45748675E-02  -5.87994140E-03   1.25451442E-02
  0.781250000       3.12500000E-02  -4.89923581E-02  -9.71076544E-03   1.44038433E-02
  0.843750000       3.12500000E-02  -2.76922733E-02  -1.15987454E-02   1.52945062E-02
  0.906250000       3.12500000E-02  -7.35792285E-03  -8.74532014E-03   1.50412992E-02
  0.968750000       3.12500000E-02   6.91296998E-04   6.88319444E-04   1.44032305E-02
   3.12500000E-02   9.37500000E-02  -2.33096932E-03   1.58048933E-04   8.60409159E-03
   9.37500000E-02   9.37500000E-02  -1.06928032E-02   7.31707690E-03   8.34048633E-03
  0.156250000       9.37500000E-02  -2.49458700E-02   1.36078475E-02   7.96470605E-03
  0.218750000       9.37500000E-02  -4.25590351E-02   1.83510967E-02   7.48542510E-03
  0.281250000       9.37500000E-02  -6.16522096E-02   2.14014426E-02   6.94628153E-03
  0.343750000       9.37500000E-02  -8.05583447E-02   2.23976895E-02   6.43294863E-03
  0.406250000       9.37500000E-02  -9.76632014E-02   2.10402533E-02   6.07665814E-03
  0.468750000       9.37500000E-02 -0.111359529       1.72013529E-02   6.04957156E-03
  0.531250000       9.37500000E-02 -0.120064117       1.09092146E-02   6.53632125E-03
  0.593750000       9.37500000E-02 -0.122261852       2.29043863E-03   7.67689943E-03
  0.656250000       9.37500000E-02 -0.116549157      -8.53912905E-03   9.40657966E-03
  0.718750000       9.37500000E-02 -0.102443457      -2.08682157E-02   1.14886425E-02
  0.781250000       9.37500000E-02  -8.06483030E-02  -3.21172029E-02   1.33529967E-02
  0.843750000       9.37500000E-02  -5.31167351E-02  -3.80440652E-02   1.43683143E-02
  0.906250000       9.37500000E-02  -2.45156717E-02  -3.12565416E-02   1.43194897E-02
  0.968750000       9.37500000E-02  -5.37775224E-03  -4.00522677E-03   1.38189849E-02
   3.12500000E-02  0.156250000      -6.25577848E-03   8.73509329E-03   8.91641062E-03
   9.37500000E-02  0.156250000      -2.19978802E-02   2.28225552E-02   8.52894224E-03
  0.156250000      0.156250000      -4.19272184E-02   3.22629176E-02   8.02322756E-03
  0.218750000      0.156250000      -6.29948005E-02   3.83583903E-02   7.34995212E-03
  0.281250000      0.156250000      -8.37646127E-02   4.12427969E-02   6.54005166E-03
  0.343750000      0.156250000     -0.102916144       4.06039171E-02   5.69519214E-03
  0.406250000      0.156250000     -0.119146429       3.61630172E-02   4.98044118E-03
  0.468750000      0.156250000     -0.131202132       2.78273448E-02   4.60567139E-03
  0.531250000      0.156250000     -0.137925148       1.57088619E-02   4.78322897E-03
  0.593750000      0.156250000     -0.138334021       9.47217923E-05   5.65627450E-03
  0.656250000      0.156250000     -0.131797135      -1.85983982E-02   7.23849144E-03
  0.718750000      0.156250000     -0.118027203      -3.86942849E-02   9.34952032E-03
  0.781250000      0.156250000      -9.70365554E-02  -5.70914596E-02   1.14565529E-02
  0.843750000      0.156250000      -6.95575327E-02  -6.80989772E-02   1.29058659E-02
  0.906250000      0.156250000      -3.81624512E-02  -6.12185225E-02   1.32869054E-02
  0.968750000      0.156250000      -1.09856362E-02  -2.03763545E-02   1.29221752E-02
   3.12500000E-02  0.218750000      -7.97447562E-03   2.29551680E-02   8.90570227E-03
   9.37500000E-02  0.218750000      -2.67235059E-02   4.30714712E-02   8.38447362E-03
  0.156250000      0.218750000      -4.84819934E-02   5.36800846E-02   7.65111065E-03
  0.218750000      0.218750000      -7.00341612E-02   5.95440492E-02   6.65595895E-03
  0.281250000      0.218750000      -9.03080702E-02   6.10894635E-02   5.44934720E-03
  0.343750000      0.218750000     -0.108404055       5.79990298E-02   4.16097511E-03
  0.406250000      0.218750000     -0.123422988       5.00164069E-02   2.99124676E-03
  0.468750000      0.218750000     -0.134495467       3.71051021E-02   2.18476169E-03
  0.531250000      0.218750000     -0.140819266       1.94826778E-02   1.97870610E-03
  0.593750000      0.218750000     -0.141719043      -2.36599869E-03   2.52584368E-03
  0.656250000      0.218750000     -0.136728749      -2.76629031E-02   3.94499116E-03
  0.718750000      0.218750000     -0.125355840      -5.47750145E-02   6.12054020E-03
  0.781250000      0.218750000     -0.106950343      -8.04144144E-02   8.59030522E-03
  0.843750000      0.218750000      -8.10677409E-02  -9.81500745E-02   1.06777344E-02
  0.906250000      0.218750000      -4.84987982E-02  -9.51474011E-02   1.17212366E-02
  0.968750000      0.218750000      -1.53848594E-02  -4.67533767E-02   1.16101094E-02
   3.12500000E-02  0.281250000      -7.74530228E-03   3.86650860E-02   8.26886389E-03
   9.37500000E-02  0.281250000      -2.60118358E-02   6.43560141E-02   7.65433256E-03
  0.156250000      0.281250000      -4.70177196E-02   7.51402155E-02   6.68784231E-03
  0.218750000      0.281250000      -6.73411712E-02   7.99460262E-02   5.35098091E-03
  0.281250000      0.281250000      -8.60742703E-02   7.96879828E-02   3.72600812E-03
  0.343750000      0.281250000     -0.102643050       7.40657002E-02   1.97242945E-03
  0.406250000      0.281250000     -0.116491839       6.28238022E-02   3.20282095E-04
  0.468750000      0.281250000     -0.127049610       4.59385253E-02  -9.57225217E-04
  0.531250000      0.281250000     -0.133728817       2.36648526E-02  -1.59660447E-03
  0.593750000      0.281250000     -0.135962665      -3.40217073E-03  -1.42048858E-03
  0.656250000      0.281250000     -0.133310646      -3.42591666E-02  -2.32886334E-04
  0.718750000      0.281250000     -0.125163838      -6.76930249E-02   1.96257653E-03
  0.781250000      0.281250000     -0.110375911     -0.100689791       4.79368586E-03
  0.843750000      0.281250000      -8.74056518E-02 -0.126733050       7.58601772E-03
  0.906250000      0.281250000      -5.53607866E-02 -0.131188318       9.43132490E-03
  0.968750000      0.281250000      -1.85274705E-02  -8.06705877E-02   9.69769619E-03
   3.12500000E-02  0.343750000      -6.24968531E-03   5.26515469E-02   6.98997732E-03
   9.37500000E-02  0.343750000      -2.17092410E-02   8.40777457E-02   6.33616559E-03
  0.156250000      0.343750000      -4.01513427E-02   9.48509201E-02   5.18806884E-03
  0.218750000      0.343750000      -5.79631627E-02   9.83621627E-02   3.56437988E-03
  0.281250000      0.343750000      -7.42572397E-02   9.62985903E-02   1.57430139E-03
  0.343750000      0.343750000      -8.86821449E-02   8.84560719E-02  -6.00931584E-04
  0.406250000      0.343750000     -0.100956947       7.45707452E-02  -2.71053542E-03
  0.468750000      0.343750000     -0.110764928       5.45753874E-02  -4.45723347E-03
  0.531250000      0.343750000     -0.117712177       2.86744088E-02  -5.54558588E-03
  0.593750000      0.343750000     -0.121343657      -2.52696918E-03  -5.75615838E-03
  0.656250000      0.343750000     -0.121281937      -3.78314629E-02  -4.87190066E-03
  0.718750000      0.343750000     -0.116931751      -7.66055733E-02  -2.76019541E-03
  0.781250000      0.343750000     -0.106783710     -0.116706446       3.14775447E-04
  0.843750000      0.343750000      -8.82199109E-02 -0.152249366       3.73185845E-03
  0.906250000      0.343750000      -5.86303845E-02 -0.167310342       6.39529480E-03
  0.968750000      0.343750000      -2.04086434E-02 -0.119609639       7.12608034E-03
   3.12500000E-02  0.406250000      -4.07347037E-03   6.29681647E-02   5.28147072E-03
   9.37500000E-02  0.406250000      -1.53612904E-02  0.100495160       4.63362923E-03
  0.156250000      0.406250000      -3.00155319E-02  0.111519590       3.37513187E-03
  0.218750000      0.406250000      -4.43257764E-02  0.113812789       1.55553105E-03
  0.281250000      0.406250000      -5.73234633E-02  0.110145390      -7.01480603E-04
  0.343750000      0.406250000      -6.88028857E-02  0.100527301      -3.20583838E-03
  0.406250000      0.406250000      -7.87225738E-02   8.47141966E-02  -5.69659425E-03
  0.468750000      0.406250000      -8.70417207E-02   6.25833124E-02  -7.85801653E-03
  0.531250000      0.406250000      -9.36475173E-02   3.42451259E-02  -9.36063100E-03
  0.593750000      0.406250000      -9.83295068E-02   2.40186462E-04  -9.93390195E-03
  0.656250000      0.406250000     -0.100829974      -3.81387845E-02  -9.39161889E-03
  0.718750000      0.406250000     -0.100689784      -8.07721168E-02  -7.49176275E-03
  0.781250000      0.406250000      -9.61876959E-02 -0.127178550      -4.37564822E-03
  0.843750000      0.406250000      -8.35870355E-02 -0.172935471      -5.39863307E-04
  0.906250000      0.406250000      -5.84341288E-02 -0.201365277       2.83786515E-03
  0.968750000      0.406250000      -2.10963525E-02 -0.161115706       4.06650640E-03
   3.12500000E-02  0.468750000      -1.73271517E-03   6.87698871E-02   3.43373045E-03
   9.37500000E-02  0.468750000      -8.28148238E-03  0.112521335       2.83511705E-03
  0.156250000      0.468750000      -1.84052214E-02  0.124266222       1.54601061E-03
  0.218750000      0.468750000      -2.85448935E-02  0.125518352      -3.60040227E-04
  0.281250000      0.468750000      -3.75592075E-02  0.120462544      -2.75763799E-03
  0.343750000      0.468750000      -4.53248769E-02  0.109473884      -5.46052633E-03
  0.406250000      0.468750000      -5.20091578E-02   9.23964232E-02  -8.20792839E-03
  0.468750000      0.468750000      -5.78691214E-02   6.91085458E-02  -1.06737260E-02
  0.531250000      0.468750000      -6.31863773E-02   3.96717601E-02  -1.24997785E-02
  0.593750000      0.468750000      -6.81860223E-02   4.52184118E-03  -1.33620445E-02
  0.656250000      0.468750000      -7.28935450E-02  -3.51898074E-02  -1.31501704E-02
  0.718750000      0.468750000      -7.71534145E-02  -7.95834213E-02  -1.15769273E-02
  0.781250000      0.468750000      -7.91535378E-02 -0.130855709      -8.65643751E-03
  0.843750000      0.468750000      -7.39663169E-02 -0.187037110      -4.68289899E-03
  0.906250000      0.468750000      -5.51095307E-02 -0.231268436      -7.78597489E-04
  0.968750000      0.468750000      -2.07231659E-02 -0.202934921       9.33648669E-04
   3.12500000E-02  0.531250000       2.58261716E-04   7.02415407E-02   1.69256062E-03
   9.37500000E-02  0.531250000      -1.67858135E-03  0.119530201       1.21556385E-03
  0.156250000      0.531250000      -6.89617312E-03  0.132597208      -1.88189206E-05
  0.218750000      0.531250000      -1.25335734E-02  0.132970065      -1.88841764E-03
  0.281250000      0.531250000      -1.71587244E-02  0.126664057      -4.28396510E-03
  0.343750000      0.531250000      -2.06919722E-02  0.114592724      -7.03286799E-03
  0.406250000      0.531250000      -2.34693922E-02   9.67665166E-02  -9.88163054E-03
  0.468750000      0.531250000      -2.59940550E-02   7.31531829E-02  -1.25017120E-02
  0.531250000      0.531250000      -2.89443880E-02   4.39243987E-02  -1.45198051E-02
  0.593750000      0.531250000      -3.32037210E-02   9.55465436E-03  -1.55747458E-02
  0.656250000      0.531250000      -3.93724665E-02  -2.93246098E-02  -1.56104425E-02
  0.718750000      0.531250000      -4.77868803E-02  -7.27572590E-02  -1.44289657E-02
  0.781250000      0.531250000      -5.67256510E-02 -0.126729891      -1.19072255E-02
  0.843750000      0.531250000      -6.00700900E-02 -0.192996278      -8.07231758E-03
  0.906250000      0.531250000      -4.90961373E-02 -0.255133986      -3.83482175E-03
  0.968750000      0.531250000      -1.94458030E-02 -0.243102968      -1.66184246E-03
   3.12500000E-02  0.593750000       1.72053464E-03   6.82609007E-02   2.68939417E-04
   9.37500000E-02  0.593750000       3.53768910E-03  0.121627353      -9.11467141E-05
  0.156250000      0.593750000       2.99278158E-03  0.136262640      -1.12212356E-03
  0.218750000      0.593750000       2.03300803E-03  0.135908425      -2.81635043E-03
  0.281250000      0.593750000       1.97782391E-03  0.128420413      -5.06507279E-03
  0.343750000      0.593750000       2.89911451E-03  0.115470082      -7.71115487E-03
  0.406250000      0.593750000       4.28783894E-03   9.73051339E-02  -1.05098169E-02
  0.468750000      0.593750000       5.44212107E-03   7.40147755E-02  -1.31340893E-02
  0.531250000      0.593750000       5.48450788E-03   4.59996536E-02  -1.52099896E-02
  0.593750000      0.593750000       3.02867731E-03   1.42195402E-02  -1.63688604E-02
  0.656250000      0.593750000      -3.51290405E-03  -2.12593600E-02  -1.65352076E-02
  0.718750000      0.593750000      -1.50593249E-02  -6.08465560E-02  -1.57376323E-02
  0.781250000      0.593750000      -3.03524043E-02 -0.114397593      -1.36951562E-02
  0.843750000      0.593750000      -4.26508263E-02 -0.189678013      -1.01674106E-02
  0.906250000      0.593750000      -4.07381281E-02 -0.271334171      -5.66070573E-03
  0.968750000      0.593750000      -1.73704121E-02 -0.279918611      -2.96187215E-03
   3.12500000E-02  0.656250000       2.50575622E-03   6.40328899E-02  -7.72117928E-04
   9.37500000E-02  0.656250000       6.81733247E-03  0.119723499      -9.90899396E-04
  0.156250000      0.656250000       1.02394503E-02  0.135288745      -1.72282266E-03
  0.218750000      0.656250000       1.39642684E-02  0.134122461      -3.09659634E-03
  0.281250000      0.656250000       1.87141113E-02  0.125524163      -5.08874981E-03
  0.343750000      0.656250000       2.41823327E-02  0.111996487      -7.55143492E-03
  0.406250000      0.656250000       2.95406915E-02   9.40569490E-02  -1.02238897E-02
  0.468750000      0.656250000       3.37708294E-02   7.19065666E-02  -1.27540119E-02
  0.531250000      0.656250000       3.57550494E-02   4.61084172E-02  -1.47496238E-02
  0.593750000      0.656250000       3.44218835E-02   1.79229379E-02  -1.58703271E-02
  0.656250000      0.656250000       2.85455044E-02  -1.25266723E-02  -1.59377344E-02
  0.718750000      0.656250000       1.70450639E-02  -4.65191156E-02  -1.53262392E-02
  0.781250000      0.656250000      -1.71604753E-03  -9.46623608E-02  -1.38961831E-02
  0.843750000      0.656250000      -2.21112557E-02 -0.176715210      -1.06381653E-02
  0.906250000      0.656250000      -2.99004912E-02 -0.278419256      -5.59433550E-03
  0.968750000      0.656250000      -1.44064324E-02 -0.311696291      -2.01487774E-03
   3.12500000E-02  0.718750000       2.17116415E-03   5.93537018E-02  -1.50819647E-03
   9.37500000E-02  0.718750000       7.22529553E-03  0.115032271      -1.50884991E-03
  0.156250000      0.718750000       1.39291268E-02  0.129850879      -1.78451359E-03
  0.218750000      0.718750000       2.24808753E-02  0.127285376      -2.71231914E-03
  0.281250000      0.718750000       3.23806368E-02  0.117720023      -4.38452465E-03
  0.343750000      0.718750000       4.25505638E-02  0.104178116      -6.64876029E-03
  0.406250000      0.718750000       5.17444760E-02   8.73446912E-02  -9.20320302E-03
  0.468750000      0.718750000       5.86670674E-02   6.74910173E-02  -1.16542606E-02
  0.531250000      0.718750000       6.20312467E-02   4.52002920E-02  -1.35834822E-02
  0.593750000      0.718750000       6.07170686E-02   2.14997586E-02  -1.46443509E-02
  0.656250000      0.718750000       5.38556688E-02  -3.34916380E-03  -1.46605298E-02
  0.718750000      0.718750000       4.14889865E-02  -3.18182446E-02  -1.39143066E-02
  0.781250000      0.718750000       2.44360920E-02  -7.35439435E-02  -1.22363027E-02
  0.843750000      0.718750000       2.17246683E-03 -0.155175298      -9.26604960E-03
  0.906250000      0.718750000      -1.52090080E-02 -0.274793446      -2.91136606E-03
  0.968750000      0.718750000      -9.96292196E-03 -0.336068988       2.61082174E-03
   3.12500000E-02  0.781250000      -4.64194542E-04   5.76434210E-02  -2.11712671E-03
   9.37500000E-02  0.781250000       2.94358237E-03  0.108273149      -1.62990065E-03
  0.156250000      0.781250000       1.31522529E-02  0.119690090      -1.26968662E-03
  0.218750000      0.781250000       2.72730775E-02  0.114769697      -1.64732710E-03
  0.281250000      0.781250000       4.30297181E-02  0.104581639      -3.00165871E-03
  0.343750000      0.781250000       5.82924820E-02   9.18936059E-02  -5.13196643E-03
  0.406250000      0.781250000       7.14748576E-02   7.72693753E-02  -7.65770953E-03
  0.468750000      0.781250000       8.12102854E-02   6.09289445E-02  -1.01251435E-02
  0.531250000      0.781250000       8.62921327E-02   4.33377773E-02  -1.20813437E-02
  0.593750000      0.781250000       8.57990533E-02   2.51884963E-02  -1.31609030E-02
  0.656250000      0.781250000       7.91615546E-02   6.47528376E-03  -1.31615121E-02
  0.718750000      0.781250000       6.67498484E-02  -1.68558247E-02  -1.22798588E-02
  0.781250000      0.781250000       4.98265140E-02  -5.45288026E-02  -9.99186561E-03
  0.843750000      0.781250000       2.96173505E-02 -0.131724507      -5.09685697E-03
  0.906250000      0.781250000       7.15903472E-03 -0.258418053       3.76776722E-03
  0.968750000      0.781250000      -2.25382019E-03 -0.348292649       1.35732237E-02
   3.12500000E-02  0.843750000      -6.13884954E-03   6.42417446E-02  -2.80215871E-03
   9.37500000E-02  0.843750000      -7.09804380E-03   9.92148221E-02  -1.43165712E-03
  0.156250000      0.843750000       8.40870477E-03  0.103019610      -1.48625637E-04
  0.218750000      0.843750000       3.04442309E-02   9.52725783E-02   7.01843092E-05
  0.281250000      0.843750000       5.34134172E-02   8.53476077E-02  -1.06614805E-03
  0.343750000      0.843750000       7.45993108E-02   7.46816546E-02  -3.20285163E-03
  0.406250000      0.843750000       9.25090015E-02   6.33995980E-02  -5.83953131E-03
  0.468750000      0.843750000      0.106050640       5.15372790E-02  -8.45242105E-03
  0.531250000      0.843750000      0.114391111       3.93246338E-02  -1.05529949E-02
  0.593750000      0.843750000      0.117071971       2.70297304E-02  -1.17520671E-02
  0.656250000      0.843750000      0.114179656       1.41752465E-02  -1.18132345E-02
  0.718750000      0.843750000      0.105573386      -3.53292259E-03  -1.06081367E-02
  0.781250000      0.843750000       9.23523083E-02  -3.77112292E-02  -7.29500875E-03
  0.843750000      0.843750000       7.37110227E-02 -0.109706104       1.33464846E-03
  0.906250000      0.843750000       4.39677499E-02 -0.228258520       1.78986806E-02
  0.968750000      0.843750000       1.27305724E-02 -0.337827176       3.66154797E-02
   3.12500000E-02  0.906250000      -1.14056077E-02   8.17796290E-02  -4.88067279E-03
   9.37500000E-02  0.906250000      -1.14687914E-02   8.26827139E-02  -1.00249471E-03
  0.156250000      0.906250000       1.72635093E-02   7.52917752E-02   1.62833079E-03
  0.218750000      0.906250000       5.17928675E-02   6.64157495E-02   2.36499193E-03
  0.281250000      0.906250000       8.45690817E-02   5.84453754E-02   1.24399038E-03
  0.343750000      0.906250000      0.113888890       5.10735139E-02  -1.07252935E-03
  0.406250000      0.906250000      0.139026970       4.39642332E-02  -3.94984940E-03
  0.468750000      0.906250000      0.159508616       3.69601287E-02  -6.80734823E-03
  0.531250000      0.906250000      0.175025582       3.00580822E-02  -9.13033169E-03
  0.593750000      0.906250000      0.185469687       2.31841393E-02  -1.04941837E-02
  0.656250000      0.906250000      0.190982252       1.54089993E-02  -1.05456505E-02
  0.718750000      0.906250000      0.192552850       2.26995558E-03  -8.84937029E-03
  0.781250000      0.906250000      0.189123437      -2.68733166E-02  -3.04202200E-03
  0.843750000      0.906250000      0.170631826      -8.34331885E-02   1.25009855E-02
  0.906250000      0.906250000      0.121188968     -0.175378203       4.25350070E-02
  0.968750000      0.906250000       4.33982536E-02 -0.281713724       8.07666630E-02
   3.12500000E-02  0.968750000       4.65877950E-02   4.65907119E-02  -1.19324941E-02
   9.37500000E-02  0.968750000      0.128837496       3.56671810E-02   9.98855336E-04
  0.156250000      0.968750000      0.193441272       2.89476905E-02   5.05940150E-03
  0.218750000      0.968750000      0.247013390       2.46353578E-02   5.54520218E-03
  0.281250000      0.968750000      0.293042958       2.14026459E-02   4.00513504E-03
  0.343750000      0.968750000      0.333135724       1.86948329E-02   1.29594770E-03
  0.406250000      0.968750000      0.368085027       1.62553433E-02  -1.92224339E-03
  0.468750000      0.968750000      0.398310542       1.39681436E-02  -5.07202046E-03
  0.531250000      0.968750000      0.424067736       1.17854755E-02  -7.64173595E-03
  0.593750000      0.968750000      0.445473194       9.61642712E-03  -9.16977972E-03
  0.656250000      0.968750000      0.462017119       6.92560431E-03  -9.03443992E-03
  0.718750000      0.968750000      0.470069647       1.12833362E-03  -5.27562434E-03
  0.781250000      0.968750000      0.459473848      -1.17184129E-02   5.71681140E-03
  0.843750000      0.968750000      0.413549751      -3.41954045E-02   2.92479359E-02
  0.906250000      0.968750000      0.308841825      -7.04980865E-02   7.26545751E-02
  0.968750000      0.968750000      0.119167812     -0.119162008      0.136596367    
