 VARIABLES="X","Y","U","V","P"
 ZONE F=POINT, I=          16 , J=          16
   3.12500000E-02   3.12500000E-02   1.05138717E-03  -1.05417345E-03   8.30444042E-03
   9.37500000E-02   3.12500000E-02   1.44674024E-03   6.52234245E-04   8.06905981E-03
  0.156250000       3.12500000E-02  -1.87826296E-03   2.66556023E-03   7.69237010E-03
  0.218750000       3.12500000E-02  -8.98074359E-03   4.43057530E-03   7.24831969E-03
  0.281250000       3.12500000E-02  -1.92095842E-02   5.79290604E-03   6.80287834E-03
  0.343750000       3.12500000E-02  -3.15507054E-02   6.54388871E-03   6.43602433E-03
  0.406250000       3.12500000E-02  -4.46251296E-02   6.52716961E-03   6.26096874E-03
  0.468750000       3.12500000E-02  -5.68297058E-02   5.67474775E-03   6.42627431E-03
  0.531250000       3.12500000E-02  -6.64947480E-02   3.98787763E-03   7.09347241E-03
  0.593750000       3.12500000E-02  -7.19916821E-02   1.50622497E-03   8.38943385E-03
  0.656250000       3.12500000E-02  -7.17588589E-02  -1.74298882E-03   1.03321346E-02
  0.718750000       3.12500000E-02  -6.41851798E-02  -5.83623676E-03   1.24920318E-02
  0.781250000       3.12500000E-02  -4.87040579E-02  -9.65209305E-03   1.43379010E-02
  0.843750000       3.12500000E-02  -2.75282115E-02  -1.15321456E-02   1.52226584E-02
  0.906250000       3.12500000E-02  -7.31508154E-03  -8.68968200E-03   1.49722174E-02
  0.968750000       3.12500000E-02   6.85149629E-04   6.82483311E-04   1.43390549E-02
   3.12500000E-02   9.37500000E-02  -2.31108232E-03   1.98520138E-04   8.53923149E-03
   9.37500000E-02   9.37500000E-02  -1.05922613E-02   7.26938667E-03   8.27993453E-03
  0.156250000       9.37500000E-02  -2.47152634E-02   1.34794060E-02   7.91073404E-03
  0.218750000       9.37500000E-02  -4.21946645E-02   1.81837343E-02   7.43953511E-03
  0.281250000       9.37500000E-02  -6.11694641E-02   2.12310068E-02   6.90956879E-03
  0.343750000       9.37500000E-02  -7.99817443E-02   2.22494602E-02   6.40570326E-03
  0.406250000       9.37500000E-02  -9.70229730E-02   2.09300295E-02   6.05772156E-03
  0.468750000       9.37500000E-02 -0.110689379       1.71375331E-02   6.03589183E-03
  0.531250000       9.37500000E-02 -0.119399101       1.08952690E-02   6.52309414E-03
  0.593750000       9.37500000E-02 -0.121636331       2.32767966E-03   7.65846157E-03
  0.656250000       9.37500000E-02 -0.115993902      -8.44736118E-03   9.37790517E-03
  0.718750000       9.37500000E-02 -0.101980671      -2.07299720E-02   1.14463260E-02
  0.781250000       9.37500000E-02  -8.02918077E-02  -3.19433473E-02   1.32979071E-02
  0.843750000       9.37500000E-02  -5.28746173E-02  -3.78518328E-02   1.43058840E-02
  0.906250000       9.37500000E-02  -2.43871957E-02  -3.10894884E-02   1.42569588E-02
  0.968750000       9.37500000E-02  -5.34111634E-03  -3.97984218E-03   1.37589034E-02
   3.12500000E-02  0.156250000      -6.18206896E-03   8.68295971E-03   8.84501263E-03
   9.37500000E-02  0.156250000      -2.17717364E-02   2.26365384E-02   8.46444629E-03
  0.156250000      0.156250000      -4.15566936E-02   3.20004448E-02   7.96814263E-03
  0.218750000      0.156250000      -6.25070408E-02   3.80756743E-02   7.30652921E-03
  0.281250000      0.156250000      -8.31889659E-02   4.09825817E-02   6.50974130E-03
  0.343750000      0.156250000     -0.102283932       4.03957367E-02   5.67799108E-03
  0.406250000      0.156250000     -0.118489787       3.60250212E-02   4.97442205E-03
  0.468750000      0.156250000     -0.130552113       2.77681649E-02   4.60693613E-03
  0.531250000      0.156250000     -0.137309551       1.57299824E-02   4.78641782E-03
  0.593750000      0.156250000     -0.137775123       1.93474989E-04   5.65572595E-03
  0.656250000      0.156250000     -0.131308228      -1.84270740E-02   7.22826878E-03
  0.718750000      0.156250000     -0.117614605      -3.84655409E-02   9.32566449E-03
  0.781250000      0.156250000      -9.67047513E-02  -5.68193793E-02   1.14185801E-02
  0.843750000      0.156250000      -6.93109483E-02  -6.78034648E-02   1.28571214E-02
  0.906250000      0.156250000      -3.80073227E-02  -6.09476268E-02   1.32333012E-02
  0.968750000      0.156250000      -1.09318821E-02  -2.02598311E-02   1.28685609E-02
   3.12500000E-02  0.218750000      -7.89154600E-03   2.27475390E-02   8.83148238E-03
   9.37500000E-02  0.218750000      -2.64792368E-02   4.27296534E-02   8.31955019E-03
  0.156250000      0.218750000      -4.81010638E-02   5.32946810E-02   7.59964064E-03
  0.218750000      0.218750000      -6.95551708E-02   5.91705739E-02   6.62089558E-03
  0.281250000      0.218750000      -8.97667110E-02   6.07705973E-02   5.43194963E-03
  0.343750000      0.218750000     -0.107833654       5.77640608E-02   4.16040886E-03
  0.406250000      0.218750000     -0.122853830       4.98817228E-02   3.00444476E-03
  0.468750000      0.218750000     -0.133953318       3.70756388E-02   2.20675231E-03
  0.531250000      0.218750000     -0.140323341       1.95540786E-02   2.00354774E-03
  0.593750000      0.218750000     -0.141280174      -2.20428873E-03   2.54791626E-03
  0.656250000      0.218750000     -0.136349529      -2.74250470E-02   3.95721197E-03
  0.718750000      0.218750000     -0.125033855      -5.44789210E-02   6.11880235E-03
  0.781250000      0.218750000     -0.106683314      -8.00731927E-02   8.57298821E-03
  0.843750000      0.218750000      -8.08584541E-02  -9.77796242E-02   1.06462417E-02
  0.906250000      0.218750000      -4.83586490E-02  -9.47894603E-02   1.16802724E-02
  0.968750000      0.218750000      -1.53341275E-02  -4.65318039E-02   1.15667311E-02
   3.12500000E-02  0.281250000      -7.67598022E-03   3.83064114E-02   8.20023939E-03
   9.37500000E-02  0.281250000      -2.58046985E-02   6.38686568E-02   7.59612303E-03
  0.156250000      0.281250000      -4.66932096E-02   7.46485889E-02   6.64615445E-03
  0.218750000      0.281250000      -6.69379234E-02   7.95033053E-02   5.32950880E-03
  0.281250000      0.281250000      -8.56285095E-02   7.93338269E-02   3.72576970E-03
  0.343750000      0.281250000     -0.102187157       7.38263205E-02   1.99171877E-03
  0.406250000      0.281250000     -0.116053425       6.27111569E-02   3.54908814E-04
  0.468750000      0.281250000     -0.126649901       4.59512696E-02  -9.13248397E-04
  0.531250000      0.281250000     -0.133380890       2.37905085E-02  -1.54983322E-03
  0.593750000      0.281250000     -0.135669827      -3.18396231E-03  -1.37670524E-03
  0.656250000      0.281250000     -0.133066446      -3.39705646E-02  -1.99328671E-04
  0.718750000      0.281250000     -0.124957040      -6.73535690E-02   1.98215758E-03
  0.781250000      0.281250000     -0.110198438     -0.100307703       4.79718205E-03
  0.843750000      0.281250000      -8.72582793E-02 -0.126315206       7.57345324E-03
  0.906250000      0.281250000      -5.52563816E-02 -0.130764931       9.40626115E-03
  0.968750000      0.281250000      -1.84884388E-02  -8.03588778E-02   9.66816302E-03
   3.12500000E-02  0.343750000      -6.20294875E-03   5.21779358E-02   6.93416363E-03
   9.37500000E-02  0.343750000      -2.15619747E-02   8.34693238E-02   6.29069936E-03
  0.156250000      0.343750000      -3.99120562E-02   9.42728668E-02   5.16058551E-03
  0.218750000      0.343750000      -5.76644614E-02   9.78684872E-02   3.55921080E-03
  0.281250000      0.343750000      -7.39319175E-02   9.59259272E-02   1.59232749E-03
  0.343750000      0.343750000      -8.83597583E-02   8.82267505E-02  -5.62113652E-04
  0.406250000      0.343750000     -0.100662366       7.44913965E-02  -2.65606865E-03
  0.468750000      0.343750000     -0.110516354       5.46372719E-02  -4.39401949E-03
  0.531250000      0.343750000     -0.117518753       2.88555305E-02  -5.48082218E-03
  0.593750000      0.343750000     -0.121203557      -2.25788052E-03  -5.69596561E-03
  0.656250000      0.343750000     -0.121180058      -3.75084989E-02  -4.82255127E-03
  0.718750000      0.343750000     -0.116847716      -7.62462914E-02  -2.72432505E-03
  0.781250000      0.343750000     -0.106704511     -0.116310611       3.35462391E-04
  0.843750000      0.343750000      -8.81439224E-02 -0.151812077       3.73673905E-03
  0.906250000      0.343750000      -5.85693568E-02 -0.166848302       6.38672942E-03
  0.968750000      0.343750000      -2.03842279E-02 -0.119234324       7.11171050E-03
   3.12500000E-02  0.406250000      -4.05193074E-03   6.24271892E-02   5.24136191E-03
   9.37500000E-02  0.406250000      -1.52811613E-02   9.97968316E-02   4.60310653E-03
  0.156250000      0.406250000      -2.98709460E-02  0.110876285       3.36276391E-03
  0.218750000      0.406250000      -4.41399217E-02  0.113283850       1.56602613E-03
  0.281250000      0.406250000      -5.71230464E-02  0.109765813      -6.67327433E-04
  0.343750000      0.406250000      -6.86130524E-02  0.100316435      -3.15093994E-03
  0.406250000      0.406250000      -7.85653293E-02   8.46741274E-02  -5.62689546E-03
  0.468750000      0.406250000      -8.69336650E-02   6.26981929E-02  -7.78127834E-03
  0.531250000      0.406250000      -9.35960859E-02   3.44822034E-02  -9.28466022E-03
  0.593750000      0.406250000      -9.83280838E-02   5.54242288E-04  -9.86472517E-03
  0.656250000      0.406250000     -0.100856565      -3.77963707E-02  -9.33473278E-03
  0.718750000      0.406250000     -0.100717768      -8.04142728E-02  -7.44748302E-03
  0.781250000      0.406250000      -9.62001383E-02 -0.126792744      -4.34444379E-03
  0.843750000      0.406250000      -8.35798308E-02 -0.172505021      -5.22351183E-04
  0.906250000      0.406250000      -5.84159344E-02 -0.200892657       2.84292083E-03
  0.968750000      0.406250000      -2.10864935E-02 -0.160706103       4.06534318E-03
   3.12500000E-02  0.468750000      -1.73503091E-03   6.82103261E-02   3.40796006E-03
   9.37500000E-02  0.468750000      -8.26761872E-03  0.111768052       2.81763915E-03
  0.156250000      0.468750000      -1.83562040E-02  0.123578951       1.54599571E-03
  0.218750000      0.468750000      -2.84713414E-02  0.124967158      -3.37689678E-04
  0.281250000      0.468750000      -3.74792591E-02  0.120082676      -2.71218549E-03
  0.343750000      0.468750000      -4.52568009E-02  0.109283194      -5.39520057E-03
  0.406250000      0.468750000      -5.19699454E-02   9.23944190E-02  -8.12932756E-03
  0.468750000      0.468750000      -5.78732714E-02   6.92745373E-02  -1.05904713E-02
  0.531250000      0.468750000      -6.32423535E-02   3.99630964E-02  -1.24204634E-02
  0.593750000      0.468750000      -6.82884604E-02   4.87562316E-03  -1.32927615E-02
  0.656250000      0.468750000      -7.30158985E-02  -3.48409563E-02  -1.30943041E-02
  0.718750000      0.468750000      -7.72646591E-02  -7.92428404E-02  -1.15324613E-02
  0.781250000      0.468750000      -7.92375505E-02 -0.130496070      -8.62251502E-03
  0.843750000      0.468750000      -7.40164295E-02 -0.186634511      -4.65969602E-03
  0.906250000      0.468750000      -5.51284030E-02 -0.230810553      -7.65649020E-04
  0.968750000      0.468750000      -2.07260661E-02 -0.202518433       9.40770726E-04
   3.12500000E-02  0.531250000       2.38244844E-04   6.97047338E-02   1.67724513E-03
   9.37500000E-02  0.531250000      -1.72355678E-03  0.118763655       1.20593852E-03
  0.156250000      0.531250000      -6.94070384E-03  0.131887734      -1.20414788E-05
  0.218750000      0.531250000      -1.25704631E-02  0.132408023      -1.86034618E-03
  0.281250000      0.531250000      -1.71956271E-02  0.126286700      -4.23375424E-03
  0.343750000      0.531250000      -2.07375363E-02  0.114417151      -6.96376013E-03
  0.406250000      0.531250000      -2.35312879E-02   9.67911035E-02  -9.80053376E-03
  0.468750000      0.531250000      -2.60790791E-02   7.33555034E-02  -1.24179795E-02
  0.531250000      0.531250000      -2.90588997E-02   4.42575142E-02  -1.44429626E-02
  0.593750000      0.531250000      -3.33504789E-02   9.94284078E-03  -1.55112948E-02
  0.656250000      0.531250000      -3.95323224E-02  -2.89787184E-02  -1.55606065E-02
  0.718750000      0.531250000      -4.79342155E-02  -7.24381059E-02  -1.43896770E-02
  0.781250000      0.531250000      -5.68507053E-02 -0.126398772      -1.18770916E-02
  0.843750000      0.531250000      -6.01608418E-02 -0.192633718      -8.05061124E-03
  0.906250000      0.531250000      -4.91437316E-02 -0.254710793      -3.82116972E-03
  0.968750000      0.531250000      -1.94588583E-02 -0.242702514      -1.65327860E-03
   3.12500000E-02  0.593750000       1.68432621E-03   6.77805394E-02   2.57393491E-04
   9.37500000E-02  0.593750000       3.44172586E-03  0.120889388      -9.79895267E-05
  0.156250000      0.593750000       2.86249071E-03  0.135558277      -1.11551175E-03
  0.218750000      0.593750000       1.88634207E-03  0.135348916      -2.78999098E-03
  0.281250000      0.593750000       1.82138907E-03  0.128048167      -5.01749991E-03
  0.343750000      0.593750000       2.73585995E-03  0.115301847      -7.64509384E-03
  0.406250000      0.593750000       4.12214547E-03   9.73376185E-02  -1.04318699E-02
  0.468750000      0.593750000       5.28171100E-03   7.42234886E-02  -1.30536770E-02
  0.531250000      0.593750000       5.34198526E-03   4.63348329E-02  -1.51372999E-02
  0.593750000      0.593750000       2.91683152E-03   1.46047771E-02  -1.63116381E-02
  0.656250000      0.593750000      -3.62091977E-03  -2.09023990E-02  -1.64896864E-02
  0.718750000      0.593750000      -1.51860258E-02  -6.05325103E-02  -1.57041680E-02
  0.781250000      0.593750000      -3.04849148E-02 -0.114078030      -1.36728631E-02
  0.843750000      0.593750000      -4.27652150E-02 -0.189356476      -1.01530896E-02
  0.906250000      0.593750000      -4.08064052E-02 -0.270959258      -5.65362116E-03
  0.968750000      0.593750000      -1.73911359E-02 -0.279551893      -2.95943674E-03
   3.12500000E-02  0.656250000       2.45569786E-03   6.36388958E-02  -7.85232754E-04
   9.37500000E-02  0.656250000       6.67508086E-03  0.119051196      -1.00105326E-03
  0.156250000      0.656250000       1.00279562E-02  0.134621948      -1.72185653E-03
  0.218750000      0.656250000       1.37094129E-02  0.133584052      -3.07789841E-03
  0.281250000      0.656250000       1.84343606E-02  0.125163525      -5.04954858E-03
  0.343750000      0.656250000       2.38929819E-02  0.111830294      -7.49341492E-03
  0.406250000      0.656250000       2.92586610E-02   9.40792114E-02  -1.01530571E-02
  0.468750000      0.656250000       3.35165523E-02   7.20891058E-02  -1.26795573E-02
  0.531250000      0.656250000       3.55514213E-02   4.63983715E-02  -1.46816596E-02
  0.593750000      0.656250000       3.42853740E-02   1.82536095E-02  -1.58168338E-02
  0.656250000      0.656250000       2.84573361E-02  -1.21683050E-02  -1.58956014E-02
  0.718750000      0.656250000       1.69552155E-02  -4.61865589E-02  -1.53002637E-02
  0.781250000      0.656250000      -1.83608104E-03  -9.43256766E-02  -1.38854459E-02
  0.843750000      0.656250000      -2.22365707E-02 -0.176423699      -1.06351944E-02
  0.906250000      0.656250000      -2.99844779E-02 -0.278101474      -5.60057350E-03
  0.968750000      0.656250000      -1.44331725E-02 -0.311376750      -2.02636980E-03
   3.12500000E-02  0.718750000       2.10782117E-03   5.90731651E-02  -1.52686634E-03
   9.37500000E-02  0.718750000       7.04156514E-03  0.114459120      -1.52634853E-03
  0.156250000      0.718750000       1.36444122E-02  0.129254937      -1.79451937E-03
  0.218750000      0.718750000       2.21227147E-02  0.126792207      -2.70716101E-03
  0.281250000      0.718750000       3.19767296E-02  0.117383316      -4.35941573E-03
  0.343750000      0.718750000       4.21276838E-02  0.104014277      -6.60387985E-03
  0.406250000      0.718750000       5.13302907E-02   8.73457044E-02  -9.14371386E-03
  0.468750000      0.718750000       5.82893118E-02   6.76275939E-02  -1.15889097E-02
  0.531250000      0.718750000       6.17120862E-02   4.54243049E-02  -1.35219805E-02
  0.593750000      0.718750000       6.04624115E-02   2.17628889E-02  -1.45942066E-02
  0.656250000      0.718750000       5.36606833E-02  -3.03267315E-03  -1.46254897E-02
  0.718750000      0.718750000       4.13437784E-02  -3.14930603E-02  -1.38949361E-02
  0.781250000      0.718750000       2.43178084E-02  -7.31971860E-02  -1.22356061E-02
  0.843750000      0.718750000       2.04832992E-03 -0.154882550      -9.28517804E-03
  0.906250000      0.718750000      -1.53095014E-02 -0.274540931      -2.93791387E-03
  0.968750000      0.718750000      -9.99546237E-03 -0.335808098       2.57727155E-03
   3.12500000E-02  0.781250000      -5.40643232E-04   5.75027764E-02  -2.14438024E-03
   9.37500000E-02  0.781250000       2.72805197E-03  0.107819840      -1.65727769E-03
  0.156250000      0.781250000       1.28109800E-02  0.119201288      -1.29553163E-03
  0.218750000      0.781250000       2.68232021E-02  0.114351377      -1.66108424E-03
  0.281250000      0.781250000       4.25073244E-02  0.104287677      -2.99552642E-03
  0.343750000      0.781250000       5.77348210E-02   9.17398185E-02  -5.10424888E-03
  0.406250000      0.781250000       7.09186494E-02   7.72480518E-02  -7.61275645E-03
  0.468750000      0.781250000       8.06882232E-02   6.10147789E-02  -1.00714760E-02
  0.531250000      0.781250000       8.58272463E-02   4.34943140E-02  -1.20288264E-02
  0.593750000      0.781250000       8.54018331E-02   2.53848806E-02  -1.31179672E-02
  0.656250000      0.781250000       7.88477808E-02   6.71369024E-03  -1.31343715E-02
  0.718750000      0.781250000       6.65104166E-02  -1.65778138E-02  -1.22680552E-02
  0.781250000      0.781250000       4.96339649E-02  -5.42088449E-02  -1.00050513E-02
  0.843750000      0.781250000       2.94698812E-02 -0.131443262      -5.13611594E-03
  0.906250000      0.781250000       7.05824653E-03 -0.258222461       3.70903523E-03
  0.968750000      0.781250000      -2.29288125E-03 -0.348102272       1.35092549E-02
   3.12500000E-02  0.843750000      -6.19415194E-03   6.42331615E-02  -2.83863000E-03
   9.37500000E-02  0.843750000      -7.29831681E-03   9.89143252E-02  -1.47509063E-03
  0.156250000      0.843750000       8.03911965E-03  0.102674104      -1.96061083E-04
  0.218750000      0.843750000       2.99331434E-02   9.49620456E-02   3.29729592E-05
  0.281250000      0.843750000       5.28010651E-02   8.51201564E-02  -1.08213769E-03
  0.343750000      0.843750000       7.39313513E-02   7.45519549E-02  -3.19429277E-03
  0.406250000      0.843750000       9.18296129E-02   6.33630604E-02  -5.81034319E-03
  0.468750000      0.843750000      0.105397001       5.15767187E-02  -8.41131061E-03
  0.531250000      0.843750000      0.113788947       3.94169390E-02  -1.05103841E-02
  0.593750000      0.843750000      0.116534486       2.71561351E-02  -1.17174173E-02
  0.656250000      0.843750000      0.113710582       1.43301878E-02  -1.17938388E-02
  0.718750000      0.843750000      0.105179861      -3.32213379E-03  -1.06095448E-02
  0.781250000      0.843750000       9.20535251E-02  -3.74652855E-02  -7.32810795E-03
  0.843750000      0.843750000       7.35167414E-02 -0.109498739       1.26859488E-03
  0.906250000      0.843750000       4.38604020E-02 -0.228119791       1.78087391E-02
  0.968750000      0.843750000       1.26948431E-02 -0.337710023       3.65151800E-02
   3.12500000E-02  0.906250000      -1.14148408E-02   8.18361863E-02  -4.93356586E-03
   9.37500000E-02  0.906250000      -1.15765305E-02   8.25621337E-02  -1.06640486E-03
  0.156250000      0.906250000       1.69769190E-02   7.51166865E-02   1.55580917E-03
  0.218750000      0.906250000       5.13425581E-02   6.62423968E-02   2.30281684E-03
  0.281250000      0.906250000       8.39945376E-02   5.83082438E-02   1.20615808E-03
  0.343750000      0.906250000      0.113238938       5.09856194E-02  -1.08186773E-03
  0.406250000      0.906250000      0.138348341       4.39260416E-02  -3.93476151E-03
  0.468750000      0.906250000      0.158840328       3.69643345E-02  -6.77706581E-03
  0.531250000      0.906250000      0.174396083       3.00940350E-02  -9.09600127E-03
  0.593750000      0.906250000      0.184897512       2.32434683E-02  -1.04664573E-02
  0.656250000      0.906250000      0.190480232       1.54912779E-02  -1.05339512E-02
  0.718750000      0.906250000      0.192138389       2.38991389E-03  -8.86322279E-03
  0.781250000      0.906250000      0.188821256      -2.67427210E-02  -3.09300888E-03
  0.843750000      0.906250000      0.170445740      -8.33289176E-02   1.24132875E-02
  0.906250000      0.906250000      0.121092871     -0.175309747       4.24205288E-02
  0.968750000      0.906250000       4.33684587E-02 -0.281660259       8.06382447E-02
   3.12500000E-02  0.968750000       4.66212407E-02   4.66237888E-02  -1.19924210E-02
   9.37500000E-02  0.968750000      0.128889620       3.56518403E-02   9.19316604E-04
  0.156250000      0.968750000      0.193436891       2.89053190E-02   4.96877916E-03
  0.218750000      0.968750000      0.246918797       2.45861374E-02   5.46562020E-03
  0.281250000      0.968750000      0.292857170       2.13594306E-02   3.95192578E-03
  0.343750000      0.968750000      0.332876563       1.86636988E-02   1.27386278E-03
  0.406250000      0.968750000      0.367777884       1.62379332E-02  -1.91717036E-03
  0.468750000      0.968750000      0.397981286       1.39633045E-02  -5.04916953E-03
  0.531250000      0.968750000      0.423738748       1.17907561E-02  -7.61266286E-03
  0.593750000      0.968750000      0.445162594       9.62984283E-03  -9.14607197E-03
  0.656250000      0.968750000      0.461741805       6.94768969E-03  -9.02785640E-03
  0.718750000      0.968750000      0.469851613       1.16354425E-03  -5.30107180E-03
  0.781250000      0.968750000      0.459325552      -1.16842315E-02   5.65956440E-03
  0.843750000      0.968750000      0.413462311      -3.41696292E-02   2.91557536E-02
  0.906250000      0.968750000      0.308798254      -7.04815537E-02   7.25346580E-02
  0.968750000      0.968750000      0.119154766     -0.119149677      0.136459514    
