 VARIABLES="X","Y","U","V","P"
 ZONE F=POINT, I=          32 , J=          32
   1.56250000E-02   1.56250000E-02   4.04133374E-04  -4.04836930E-04   1.57841779E-02
   4.68750000E-02   1.56250000E-02   1.31185574E-03  -5.04534750E-04   1.57450438E-02
   7.81250000E-02   1.56250000E-02   2.07117526E-03  -2.56667146E-04   1.56069482E-02
  0.109375000       1.56250000E-02   2.24447623E-03   8.15070816E-05   1.53930802E-02
  0.140625000       1.56250000E-02   1.74303143E-03   4.18110372E-04   1.51224043E-02
  0.171875000       1.56250000E-02   5.88046445E-04   7.35088368E-04   1.48072084E-02
  0.203125000       1.56250000E-02  -1.19410257E-03   1.04532763E-03   1.44532574E-02
  0.234375000       1.56250000E-02  -3.60100903E-03   1.35991536E-03   1.40677821E-02
  0.265625000       1.56250000E-02  -6.64125662E-03   1.67875213E-03   1.36650875E-02
  0.296875000       1.56250000E-02  -1.03083663E-02   1.98687403E-03   1.32664740E-02
  0.328125000       1.56250000E-02  -1.45568531E-02   2.26023979E-03   1.29013397E-02
  0.359375000       1.56250000E-02  -1.92883220E-02   2.46997853E-03   1.26061440E-02
  0.390625000       1.56250000E-02  -2.43455414E-02   2.58611282E-03   1.24222869E-02
  0.421875000       1.56250000E-02  -2.95137279E-02   2.58106086E-03   1.23930164E-02
  0.453125000       1.56250000E-02  -3.45282182E-02   2.43251142E-03   1.25595201E-02
  0.484375000       1.56250000E-02  -3.90869305E-02   2.12534401E-03   1.29563203E-02
  0.515625000       1.56250000E-02  -4.28657010E-02   1.65260164E-03   1.36060873E-02
  0.546875000       1.56250000E-02  -4.55355011E-02   1.01636199E-03   1.45139741E-02
  0.578125000       1.56250000E-02  -4.67839316E-02   2.31173646E-04   1.56614482E-02
  0.609375000       1.56250000E-02  -4.63591367E-02  -6.56945631E-04   1.69750508E-02
  0.640625000       1.56250000E-02  -4.39934805E-02  -1.70980603E-03   1.83241200E-02
  0.671875000       1.56250000E-02  -3.94806340E-02  -2.80426210E-03   1.95928887E-02
  0.703125000       1.56250000E-02  -3.28863561E-02  -3.79135832E-03   2.06436254E-02
  0.734375000       1.56250000E-02  -2.45921370E-02  -4.50429274E-03   2.13444158E-02
  0.765625000       1.56250000E-02  -1.53283570E-02  -4.76097688E-03   2.16046050E-02
  0.796875000       1.56250000E-02  -6.18457841E-03  -4.38430905E-03   2.14131530E-02
  0.828125000       1.56250000E-02   1.44865713E-03  -3.25039821E-03   2.08729263E-02
  0.859375000       1.56250000E-02   6.19985117E-03  -1.50221505E-03   2.01687831E-02
  0.890625000       1.56250000E-02   7.54228607E-03   1.58398732E-04   1.94993876E-02
  0.921875000       1.56250000E-02   6.15127617E-03   1.23126258E-03   1.90172791E-02
  0.953125000       1.56250000E-02   3.35521274E-03   1.56346499E-03   1.87715255E-02
  0.984375000       1.56250000E-02   8.95539299E-04   8.95120786E-04   1.87528580E-02
   1.56250000E-02   4.68750000E-02   5.04027819E-04  -1.31464622E-03   1.58218872E-02
   4.68750000E-02   4.68750000E-02   1.34041137E-03  -1.34261651E-03   1.57775246E-02
   7.81250000E-02   4.68750000E-02   1.34445389E-03  -1.86201680E-04   1.56493504E-02
  0.109375000       4.68750000E-02  -1.46060891E-04   1.32404943E-03   1.54609196E-02
  0.140625000       4.68750000E-02  -3.29756597E-03   2.82438332E-03   1.52222384E-02
  0.171875000       4.68750000E-02  -8.05880595E-03   4.24099201E-03   1.49393706E-02
  0.203125000       4.68750000E-02  -1.43300965E-02   5.58891799E-03   1.46146286E-02
  0.234375000       4.68750000E-02  -2.19812877E-02   6.87062554E-03   1.42528582E-02
  0.265625000       4.68750000E-02  -3.08273323E-02   8.05071741E-03   1.38651663E-02
  0.296875000       4.68750000E-02  -4.06083055E-02   9.05959774E-03   1.34705035E-02
  0.328125000       4.68750000E-02  -5.09885773E-02   9.81314480E-03   1.30964154E-02
  0.359375000       4.68750000E-02  -6.15697093E-02   1.02268197E-02   1.27784777E-02
  0.390625000       4.68750000E-02  -7.19107538E-02   1.02249673E-02   1.25584472E-02
  0.421875000       4.68750000E-02  -8.15498978E-02   9.74723883E-03   1.24811595E-02
  0.453125000       4.68750000E-02  -9.00240690E-02   8.75291880E-03   1.25904363E-02
  0.484375000       4.68750000E-02  -9.68855470E-02   7.22321868E-03   1.29241813E-02
  0.515625000       4.68750000E-02 -0.101715893       5.16201649E-03   1.35089830E-02
  0.546875000       4.68750000E-02 -0.104137495       2.59650405E-03   1.43546313E-02
  0.578125000       4.68750000E-02 -0.103821509      -4.18501382E-04   1.54496636E-02
  0.609375000       4.68750000E-02 -0.100422934      -3.83281033E-03   1.66748408E-02
  0.640625000       4.68750000E-02  -9.37724262E-02  -7.55252503E-03   1.79595854E-02
  0.671875000       4.68750000E-02  -8.40076953E-02  -1.12418178E-02   1.91785097E-02
  0.703125000       4.68750000E-02  -7.14630857E-02  -1.44956475E-02   2.01942567E-02
  0.734375000       4.68750000E-02  -5.67145906E-02  -1.68458857E-02   2.08786018E-02
  0.765625000       4.68750000E-02  -4.06361222E-02  -1.77649427E-02   2.11456567E-02
  0.796875000       4.68750000E-02  -2.44518369E-02  -1.67117659E-02   2.09891759E-02
  0.828125000       4.68750000E-02  -9.74411890E-03  -1.32671855E-02   2.05077082E-02
  0.859375000       4.68750000E-02   1.58780417E-03  -7.57172424E-03   1.98948476E-02
  0.890625000       4.68750000E-02   7.65469344E-03  -1.18451088E-03   1.93289146E-02
  0.921875000       4.68750000E-02   8.21229070E-03   3.40455072E-03   1.89305581E-02
  0.953125000       4.68750000E-02   5.19708218E-03   5.19843958E-03   1.87310353E-02
  0.984375000       4.68750000E-02   1.56236894E-03   3.35201714E-03   1.87253896E-02
   1.56250000E-02   7.81250000E-02   1.12390800E-04  -1.93296466E-03   1.59675814E-02
   4.68750000E-02   7.81250000E-02  -4.16596245E-04  -1.03599101E-03   1.58946645E-02
   7.81250000E-02   7.81250000E-02  -2.79332395E-03   1.87508808E-03   1.57598332E-02
  0.109375000       7.81250000E-02  -7.37612881E-03   5.33135934E-03   1.55785605E-02
  0.140625000       7.81250000E-02  -1.41173266E-02   8.70512612E-03   1.53543521E-02
  0.171875000       7.81250000E-02  -2.28382237E-02   1.18378233E-02   1.50833055E-02
  0.203125000       7.81250000E-02  -3.32761444E-02   1.46968411E-02   1.47608938E-02
  0.234375000       7.81250000E-02  -4.50952761E-02   1.72287263E-02   1.43872434E-02
  0.265625000       7.81250000E-02  -5.78923747E-02   1.93316638E-02   1.39705315E-02
  0.296875000       7.81250000E-02  -7.12119043E-02   2.08753329E-02   1.35286925E-02
  0.328125000       7.81250000E-02  -8.45668986E-02   2.17291620E-02   1.30899679E-02
  0.359375000       7.81250000E-02  -9.74593461E-02   2.17811950E-02   1.26922429E-02
  0.390625000       7.81250000E-02 -0.109398469       2.09479239E-02   1.23810470E-02
  0.421875000       7.81250000E-02 -0.119916096       1.91785321E-02   1.22061279E-02
  0.453125000       7.81250000E-02 -0.128578767       1.64562408E-02   1.22168716E-02
  0.484375000       7.81250000E-02 -0.134996906       1.27975065E-02   1.24568343E-02
  0.515625000       7.81250000E-02 -0.138830721       8.24998692E-03   1.29578784E-02
  0.546875000       7.81250000E-02 -0.139792338       2.88984459E-03   1.37344934E-02
  0.578125000       7.81250000E-02 -0.137641460      -3.18075321E-03   1.47517053E-02
  0.609375000       7.81250000E-02 -0.132248104      -9.86473821E-03   1.59285367E-02
  0.640625000       7.81250000E-02 -0.123658881      -1.67628247E-02   1.71932988E-02
  0.671875000       7.81250000E-02 -0.112057954      -2.33999882E-02   1.84203126E-02
  0.703125000       7.81250000E-02  -9.77472663E-02  -2.91958712E-02   1.94710065E-02
  0.734375000       7.81250000E-02  -8.11935589E-02  -3.34512368E-02   2.02146135E-02
  0.765625000       7.81250000E-02  -6.30883500E-02  -3.53468210E-02   2.05594227E-02
  0.796875000       7.81250000E-02  -4.44119535E-02  -3.39941829E-02   2.04887688E-02
  0.828125000       7.81250000E-02  -2.64904052E-02  -2.86176205E-02   2.00873539E-02
  0.859375000       7.81250000E-02  -1.10110398E-02  -1.90360770E-02   1.95330828E-02
  0.890625000       7.81250000E-02   2.27529090E-05  -6.82425126E-03   1.90165266E-02
  0.921875000       7.81250000E-02   4.76271985E-03   3.74336261E-03   1.86468773E-02
  0.953125000       7.81250000E-02   4.02828166E-03   8.60592723E-03   1.84749421E-02
  0.984375000       7.81250000E-02   1.34573353E-03   6.25893520E-03   1.84687842E-02
   1.56250000E-02  0.109375000      -6.27264904E-04  -1.42002641E-03   1.62013620E-02
   4.68750000E-02  0.109375000      -3.38186836E-03   1.73029595E-03   1.60782915E-02
   7.81250000E-02  0.109375000      -8.96796491E-03   7.06679001E-03   1.59203615E-02
  0.109375000      0.109375000      -1.70297306E-02   1.27794454E-02   1.57261435E-02
  0.140625000      0.109375000      -2.72163954E-02   1.81801915E-02   1.54865775E-02
  0.171875000      0.109375000      -3.91886085E-02   2.30512451E-02   1.51886493E-02
  0.203125000      0.109375000      -5.25637493E-02   2.72919759E-02   1.48214642E-02
  0.234375000      0.109375000      -6.69012442E-02   3.07858866E-02   1.43814785E-02
  0.265625000      0.109375000      -8.17197114E-02   3.33859734E-02   1.38758495E-02
  0.296875000      0.109375000      -9.65223536E-02   3.49394232E-02   1.33240549E-02
  0.328125000      0.109375000     -0.110819049       3.53133194E-02   1.27581228E-02
  0.359375000      0.109375000     -0.124142729       3.44101042E-02   1.22214174E-02
  0.390625000      0.109375000     -0.136061490       3.21742371E-02   1.17659429E-02
  0.421875000      0.109375000     -0.146187425       2.85934694E-02   1.14482148E-02
  0.453125000      0.109375000     -0.154182598       2.36971527E-02   1.13239046E-02
  0.484375000      0.109375000     -0.159762323       1.75527167E-02   1.14417374E-02
  0.515625000      0.109375000     -0.162696064       1.02607217E-02   1.18370447E-02
  0.546875000      0.109375000     -0.162805364       1.94844638E-03   1.25256088E-02
  0.578125000      0.109375000     -0.159957737      -7.23955501E-03   1.34605225E-02
  0.609375000      0.109375000     -0.154126242      -1.70326661E-02   1.46089634E-02
  0.640625000      0.109375000     -0.145364851      -2.69476455E-02   1.58820264E-02
  0.671875000      0.109375000     -0.133758694      -3.64247188E-02   1.71598606E-02
  0.703125000      0.109375000     -0.119479418      -4.47639003E-02   1.83053873E-02
  0.734375000      0.109375000     -0.102824405      -5.10950387E-02   1.91843770E-02
  0.765625000      0.109375000      -8.42690766E-02  -5.43668717E-02   1.96940396E-02
  0.796875000      0.109375000      -6.45322204E-02  -5.33908047E-02   1.97965708E-02
  0.828125000      0.109375000      -4.46554534E-02  -4.70227748E-02   1.95462629E-02
  0.859375000      0.109375000      -2.61027217E-02  -3.46664563E-02   1.90894455E-02
  0.890625000      0.109375000      -1.08823637E-02  -1.74514055E-02   1.86135396E-02
  0.921875000      0.109375000      -1.29741430E-03   4.22538724E-05   1.82580333E-02
  0.953125000      0.109375000       1.73207535E-03   1.00086536E-02   1.80537924E-02
  0.984375000      0.109375000       8.32249119E-04   8.43573827E-03   1.80122741E-02
   1.56250000E-02  0.140625000      -1.56474125E-03   7.69980601E-04   1.64711885E-02
   4.68750000E-02  0.140625000      -6.82354299E-03   7.54921045E-03   1.62891969E-02
   7.81250000E-02  0.140625000      -1.55898407E-02   1.55953299E-02   1.60941593E-02
  0.109375000      0.140625000      -2.67190207E-02   2.34369803E-02   1.58597920E-02
  0.140625000      0.140625000      -3.95928919E-02   3.05784121E-02   1.55645059E-02
  0.171875000      0.140625000      -5.37904389E-02   3.68181244E-02   1.51888523E-02
  0.203125000      0.140625000      -6.89023733E-02   4.20076773E-02   1.47188529E-02
  0.234375000      0.140625000      -8.44875425E-02   4.59885821E-02   1.41505599E-02
  0.265625000      0.140625000     -0.100087449       4.85976785E-02   1.34933079E-02
  0.296875000      0.140625000     -0.115250707       4.96899895E-02   1.27710830E-02
  0.328125000      0.140625000     -0.129551977       4.91575152E-02   1.20221535E-02
  0.359375000      0.140625000     -0.142604351       4.69391942E-02   1.12970686E-02
  0.390625000      0.140625000     -0.154066265       4.30235267E-02   1.06550585E-02
  0.421875000      0.140625000     -0.163644806       3.74467596E-02   1.01591256E-02
  0.453125000      0.140625000     -0.171095788       3.02884448E-02   9.87011101E-03
  0.484375000      0.140625000     -0.176221579       2.16656551E-02   9.84006748E-03
  0.515625000      0.140625000     -0.178867534       1.17263757E-02   1.01054916E-02
  0.546875000      0.140625000     -0.178918779       6.42283936E-04   1.06804632E-02
  0.578125000      0.140625000     -0.176301345      -1.13996174E-02   1.15379691E-02
  0.609375000      0.140625000     -0.170969903      -2.40368843E-02   1.26566151E-02
  0.640625000      0.140625000     -0.162892789      -3.67835537E-02   1.39527135E-02
  0.671875000      0.140625000     -0.152064830      -4.90249097E-02   1.53133050E-02
  0.703125000      0.140625000     -0.138533711      -5.99764362E-02   1.66051909E-02
  0.734375000      0.140625000     -0.122432753      -6.86411858E-02   1.76912360E-02
  0.765625000      0.140625000     -0.104028627      -7.37831593E-02   1.84546318E-02
  0.796875000      0.140625000      -8.37910771E-02  -7.39521012E-02   1.88287348E-02
  0.828125000      0.140625000      -6.24944046E-02  -6.76382408E-02   1.88245736E-02
  0.859375000      0.140625000      -4.13712822E-02  -5.37302122E-02   1.85408350E-02
  0.890625000      0.140625000      -2.23377533E-02  -3.26449051E-02   1.81373060E-02
  0.921875000      0.140625000      -8.09132215E-03  -8.59897211E-03   1.77632235E-02
  0.953125000      0.140625000      -9.84276645E-04   8.51003081E-03   1.75018571E-02
  0.984375000      0.140625000       2.90136755E-04   9.55695659E-03   1.73971429E-02
   1.56250000E-02  0.171875000      -2.47390964E-03   4.80656698E-03   1.66986529E-02
   4.68750000E-02  0.171875000      -9.99885798E-03   1.62917506E-02   1.64571907E-02
   7.81250000E-02  0.171875000      -2.13912837E-02   2.70064473E-02   1.62114669E-02
  0.109375000      0.171875000      -3.48309241E-02   3.65897194E-02   1.59078315E-02
  0.140625000      0.171875000      -4.95358370E-02   4.49996218E-02   1.55149819E-02
  0.171875000      0.171875000      -6.50691018E-02   5.21230735E-02   1.50112361E-02
  0.203125000      0.171875000      -8.10505450E-02   5.77917099E-02   1.43837463E-02
  0.234375000      0.171875000      -9.70908180E-02   6.18258901E-02   1.36319036E-02
  0.265625000      0.171875000     -0.112799071       6.40648007E-02   1.27701741E-02
  0.296875000      0.171875000     -0.127802685       6.43864349E-02   1.18290847E-02
  0.328125000      0.171875000     -0.141762018       6.27188906E-02   1.08541995E-02
  0.359375000      0.171875000     -0.154378250       5.90441227E-02   9.90331359E-03
  0.390625000      0.171875000     -0.165395528       5.33960052E-02   9.04216338E-03
  0.421875000      0.171875000     -0.174599245       4.58552092E-02   8.33902787E-03
  0.453125000      0.171875000     -0.181811601       3.65423933E-02   7.85847194E-03
  0.484375000      0.171875000     -0.186886042       2.56112907E-02   7.65472883E-03
  0.515625000      0.171875000     -0.189702466       1.32426880E-02   7.76496902E-03
  0.546875000      0.171875000     -0.190165460      -3.60171194E-04   8.20258446E-03
  0.578125000      0.171875000     -0.188206524      -1.49740223E-02   8.96857027E-03
  0.609375000      0.171875000     -0.183755636      -3.02454755E-02   1.00497790E-02
  0.640625000      0.171875000     -0.176727995      -4.56806943E-02   1.13732405E-02
  0.671875000      0.171875000     -0.167044193      -6.06408864E-02   1.28361806E-02
  0.703125000      0.171875000     -0.154641211      -7.42962956E-02   1.43121611E-02
  0.734375000      0.171875000     -0.139496788      -8.55688900E-02   1.56628620E-02
  0.765625000      0.171875000     -0.121674664      -9.30842757E-02   1.67567693E-02
  0.796875000      0.171875000     -0.101399943      -9.51661468E-02   1.74940377E-02
  0.828125000      0.171875000      -7.91803747E-02  -8.99435729E-02   1.78333111E-02
  0.859375000      0.171875000      -5.60028553E-02  -7.57287815E-02   1.78110488E-02
  0.890625000      0.171875000      -3.36480513E-02  -5.20380102E-02   1.75398216E-02
  0.921875000      0.171875000      -1.50626888E-02  -2.20410097E-02   1.71708688E-02
  0.953125000      0.171875000      -3.77994520E-03   3.55896098E-03   1.68299954E-02
  0.984375000      0.171875000      -1.97537534E-04   9.64839943E-03   1.66370347E-02
   1.56250000E-02  0.203125000      -3.19406670E-03   1.04724197E-02   1.67847183E-02
   4.68750000E-02  0.203125000      -1.24270506E-02   2.73790881E-02   1.64910406E-02
   7.81250000E-02  0.203125000      -2.56702043E-02   4.05495167E-02   1.61839947E-02
  0.109375000      0.203125000      -4.06216010E-02   5.14326617E-02   1.57867558E-02
  0.140625000      0.203125000      -5.64034730E-02   6.06386438E-02   1.52627062E-02
  0.171875000      0.203125000      -7.25902468E-02   6.81995377E-02   1.45918624E-02
  0.203125000      0.203125000      -8.88505876E-02   7.39528015E-02   1.37659777E-02
  0.234375000      0.203125000     -0.104863226       7.77138919E-02   1.27905440E-02
  0.265625000      0.203125000     -0.120315939       7.93344229E-02   1.16870599E-02
  0.296875000      0.203125000     -0.134918749       7.87204206E-02   1.04934834E-02
  0.328125000      0.203125000     -0.148413479       7.58367330E-02   9.26262047E-03
  0.359375000      0.203125000     -0.160577163       7.07045346E-02   8.05877894E-03
  0.390625000      0.203125000     -0.171220452       6.33950382E-02   6.95313606E-03
  0.421875000      0.203125000     -0.180182800       5.40216640E-02   6.01815525E-03
  0.453125000      0.203125000     -0.187326729       4.27320674E-02   5.32145984E-03
  0.484375000      0.203125000     -0.192532778       2.97022127E-02   4.91946004E-03
  0.515625000      0.203125000     -0.195697039       1.51328035E-02   4.85090585E-03
  0.546875000      0.203125000     -0.196733013      -7.50908162E-04   5.13065234E-03
  0.578125000      0.203125000     -0.195577472      -1.76974405E-02   5.78456465E-03
  0.609375000      0.203125000     -0.192158043      -3.53922620E-02   6.81396853E-03
  0.640625000      0.203125000     -0.186366573      -5.33532500E-02   8.15824978E-03
  0.671875000      0.203125000     -0.178067178      -7.09521472E-02   9.72737838E-03
  0.703125000      0.203125000     -0.167098224      -8.73580575E-02   1.14048459E-02
  0.734375000      0.203125000     -0.153290138     -0.101461187       1.30542973E-02
  0.765625000      0.203125000     -0.136508971     -0.111797318       1.45316590E-02
  0.796875000      0.203125000     -0.116736963     -0.116502337       1.57037508E-02
  0.828125000      0.203125000      -9.42094475E-02 -0.113357328       1.64726134E-02
  0.859375000      0.203125000      -6.96422160E-02 -0.100062877       1.68020800E-02
  0.890625000      0.203125000      -4.46090549E-02  -7.50951543E-02   1.67394821E-02
  0.921875000      0.203125000      -2.21069325E-02  -4.00746651E-02   1.64181255E-02
  0.953125000      0.203125000      -6.62876200E-03  -5.17160539E-03   1.60144176E-02
  0.984375000      0.203125000      -6.42356230E-04   8.80735926E-03   1.57106519E-02
   1.56250000E-02  0.234375000      -3.63598671E-03   1.73003208E-02   1.66383497E-02
   4.68750000E-02  0.234375000      -1.38923079E-02   4.00356948E-02   1.63034238E-02
   7.81250000E-02  0.234375000      -2.81928889E-02   5.54314330E-02   1.59295183E-02
  0.109375000      0.234375000      -4.39300463E-02   6.72342926E-02   1.54237915E-02
  0.140625000      0.234375000      -6.01613224E-02   7.68454373E-02   1.47484206E-02
  0.171875000      0.234375000      -7.64758810E-02   8.44897181E-02   1.38877537E-02
  0.203125000      0.234375000      -9.25907716E-02   9.00339335E-02   1.28401499E-02
  0.234375000      0.234375000     -0.108249858       9.33010951E-02   1.16186766E-02
  0.265625000      0.234375000     -0.123212703       9.41599607E-02   1.02526546E-02
  0.296875000      0.234375000     -0.137260839       9.25436169E-02   8.78752861E-03
  0.328125000      0.234375000     -0.150202319       8.84481817E-02   7.28286430E-03
  0.359375000      0.234375000     -0.161871731       8.19252580E-02   5.80872223E-03
  0.390625000      0.234375000     -0.172126859       7.30724335E-02   4.44097351E-03
  0.421875000      0.234375000     -0.180844143       6.20241649E-02   3.25586228E-03
  0.453125000      0.234375000     -0.187914461       4.89445142E-02   2.32420163E-03
  0.484375000      0.234375000     -0.193241104       3.40234376E-02   1.70526106E-03
  0.515625000      0.234375000     -0.196740389       1.74763389E-02   1.44082715E-03
  0.546875000      0.234375000     -0.198344827      -4.52710316E-04   1.54920877E-03
  0.578125000      0.234375000     -0.198009372      -1.94854178E-02   2.07136315E-03
  0.609375000      0.234375000     -0.195677787      -3.93543355E-02   3.03040049E-03
  0.640625000      0.234375000     -0.191239715      -5.96200824E-02   4.37833369E-03
  0.671875000      0.234375000     -0.184519395      -7.97048211E-02   6.03978056E-03
  0.703125000      0.234375000     -0.175269827      -9.88242477E-02   7.91151728E-03
  0.734375000      0.234375000     -0.163184732     -0.115889058       9.86379199E-03
  0.765625000      0.234375000     -0.147939861     -0.129396930       1.17452787E-02
  0.796875000      0.234375000     -0.129276946     -0.137339666       1.33940065E-02
  0.828125000      0.234375000     -0.107151359     -0.137175620       1.46568883E-02
  0.859375000      0.234375000      -8.19807500E-02 -0.125985324       1.54198706E-02
  0.890625000      0.234375000      -5.50628453E-02 -0.101126902       1.56490169E-02
  0.921875000      0.234375000      -2.92679183E-02  -6.23432025E-02   1.54332407E-02
  0.953125000      0.234375000      -9.75926500E-03  -1.78931318E-02   1.49822794E-02
  0.984375000      0.234375000      -1.19169918E-03   6.97219279E-03   1.45664550E-02
   1.56250000E-02  0.265625000      -3.77893914E-03   2.47131158E-02   1.61953922E-02
   4.68750000E-02  0.265625000      -1.43753933E-02   5.34709245E-02   1.58323161E-02
   7.81250000E-02  0.265625000      -2.90070511E-02   7.09233135E-02   1.53920669E-02
  0.109375000      0.265625000      -4.49008942E-02   8.33685696E-02   1.47735318E-02
  0.140625000      0.265625000      -6.10591173E-02   9.30961818E-02   1.39407441E-02
  0.171875000      0.265625000      -7.70773292E-02  0.100567691       1.28836688E-02
  0.203125000      0.265625000      -9.27111208E-02  0.105701149       1.16079422E-02
  0.234375000      0.265625000     -0.107757621      0.108336598       1.01345582E-02
  0.265625000      0.265625000     -0.122033820      0.108361311       8.50062259E-03
  0.296875000      0.265625000     -0.135376260      0.105731383       6.75874110E-03
  0.328125000      0.265625000     -0.147641927      0.100466803       4.97475173E-03
  0.359375000      0.265625000     -0.158706695       9.26407129E-02   3.22403014E-03
  0.390625000      0.265625000     -0.168462619       8.23686272E-02   1.58692966E-03
  0.421875000      0.265625000     -0.176815793       6.97995871E-02   1.43577170E-04
  0.453125000      0.265625000     -0.183685511       5.51107302E-02  -1.03158574E-03
  0.484375000      0.265625000     -0.189005092       3.85053679E-02  -1.87561009E-03
  0.515625000      0.265625000     -0.192723572       2.02143136E-02  -2.34268000E-03
  0.546875000      0.265625000     -0.194807261       4.99703339E-04  -2.40976736E-03
  0.578125000      0.265625000     -0.195240051      -2.03383714E-02  -2.03300314E-03
  0.609375000      0.265625000     -0.193994612      -4.20765541E-02  -1.16371422E-03
  0.640625000      0.265625000     -0.190976590      -6.43524230E-02   1.62251614E-04
  0.671875000      0.265625000     -0.185987622      -8.66807252E-02   1.88529887E-03
  0.703125000      0.265625000     -0.178711534     -0.108373530       3.91887501E-03
  0.734375000      0.265625000     -0.168719530     -0.128417000       6.14568824E-03
  0.765625000      0.265625000     -0.155507386     -0.145326763       8.41517746E-03
  0.796875000      0.265625000     -0.138579845     -0.157001734       1.05456561E-02
  0.828125000      0.265625000     -0.117605105     -0.160615921       1.23361945E-02
  0.859375000      0.265625000      -9.26780552E-02 -0.152645230       1.35957766E-02
  0.890625000      0.265625000      -6.47658557E-02 -0.129299968       1.41979344E-02
  0.921875000      0.265625000      -3.64792570E-02  -8.82547200E-02   1.41610922E-02
  0.953125000      0.265625000      -1.32380947E-02  -3.47345248E-02   1.37057770E-02
  0.984375000      0.265625000      -1.88705139E-03   3.89239192E-03   1.31750237E-02
   1.56250000E-02  0.296875000      -3.64592508E-03   3.21359187E-02   1.54299960E-02
   4.68750000E-02  0.296875000      -1.39679508E-02   6.69620186E-02   1.50525849E-02
   7.81250000E-02  0.296875000      -2.82987468E-02   8.63897800E-02   1.45518277E-02
  0.109375000      0.296875000      -4.38138992E-02   9.93065313E-02   1.38252098E-02
  0.140625000      0.296875000      -5.94597571E-02  0.108958155       1.28406566E-02
  0.171875000      0.296875000      -7.48253763E-02  0.116085932       1.15940413E-02
  0.203125000      0.296875000      -8.96916091E-02  0.120679975       1.00980364E-02
  0.234375000      0.296875000     -0.103894383      0.122604802       8.38109571E-03
  0.265625000      0.296875000     -0.117292464      0.121765889       6.48764987E-03
  0.296875000      0.296875000     -0.129761532      0.118137650       4.47703153E-03
  0.328125000      0.296875000     -0.141192824      0.111757562       2.42099771E-03
  0.359375000      0.296875000     -0.151491791      0.102714494       4.00122954E-04
  0.390625000      0.296875000     -0.160577804       9.11383182E-02  -1.50064938E-03
  0.421875000      0.296875000     -0.168385327       7.71927312E-02  -3.19702970E-03
  0.453125000      0.296875000     -0.174866647       6.10711798E-02  -4.61062370E-03
  0.484375000      0.296875000     -0.179994494       4.29952107E-02  -5.67447301E-03
  0.515625000      0.296875000     -0.183762819       2.32143588E-02  -6.33837050E-03
  0.546875000      0.296875000     -0.186183780       2.00745161E-03  -6.57394854E-03
  0.578125000      0.296875000     -0.187280700      -2.03134026E-02  -6.34715194E-03
  0.609375000      0.296875000     -0.187066033      -4.35588919E-02  -5.58409607E-03
  0.640625000      0.296875000     -0.185476959      -6.74747974E-02  -4.31024283E-03
  0.671875000      0.296875000     -0.182312220      -9.17101949E-02  -2.56921584E-03
  0.703125000      0.296875000     -0.177206933     -0.115724154      -4.28045983E-04
  0.734375000      0.296875000     -0.169628516     -0.138636142       2.01468635E-03
  0.765625000      0.296875000     -0.158906832     -0.159041509       4.61913925E-03
  0.796875000      0.296875000     -0.144315511     -0.174806625       7.19651766E-03
  0.828125000      0.296875000     -0.125229031     -0.182873696       9.51077975E-03
  0.859375000      0.296875000     -0.101395689     -0.179149926       1.13014197E-02
  0.890625000      0.296875000      -7.34027773E-02 -0.158702910       1.23441536E-02
  0.921875000      0.296875000      -4.34989184E-02 -0.117045030       1.25622265E-02
  0.953125000      0.296875000      -1.70485694E-02  -5.56385778E-02   1.21512888E-02
  0.984375000      0.296875000      -2.80496688E-03  -8.00598064E-04   1.15196053E-02
   1.56250000E-02  0.328125000      -3.28230183E-03   3.90622094E-02   1.43557936E-02
   4.68750000E-02  0.328125000      -1.28130876E-02   7.98842460E-02   1.39773469E-02
   7.81250000E-02  0.328125000      -2.63099037E-02  0.101290599       1.34256501E-02
  0.109375000      0.328125000      -4.09963205E-02  0.114603072       1.26022305E-02
  0.140625000      0.328125000      -5.57600297E-02  0.124067485       1.14801778E-02
  0.171875000      0.328125000      -7.01693147E-02  0.130748451       1.00609958E-02
  0.203125000      0.328125000      -8.40168670E-02  0.134728879       8.36360455E-03
  0.234375000      0.328125000      -9.71640795E-02  0.135904312       6.42311573E-03
  0.265625000      0.328125000     -0.109498054      0.134197712       4.29054257E-03
  0.296875000      0.328125000     -0.120921031      0.129598022       2.03146716E-03
  0.328125000      0.328125000     -0.131347805      0.122156203      -2.76611623E-04
  0.359375000      0.328125000     -0.140705854      0.111974590      -2.54790648E-03
  0.390625000      0.328125000     -0.148937762       9.91985798E-02  -4.69272025E-03
  0.421875000      0.328125000     -0.156006098       8.40113685E-02  -6.62242901E-03
  0.453125000      0.328125000     -0.161899164       6.66303784E-02  -8.25476088E-03
  0.484375000      0.328125000     -0.166635036       4.73034978E-02  -9.51909088E-03
  0.515625000      0.328125000     -0.170260757       2.63040420E-02  -1.03613716E-02
  0.546875000      0.328125000     -0.172843724       3.92565690E-03  -1.07484683E-02
  0.578125000      0.328125000     -0.174455822      -1.95187926E-02  -1.06641194E-02
  0.609375000      0.328125000     -0.175159007      -4.38614488E-02  -1.00170728E-02
  0.640625000      0.328125000     -0.174937546      -6.89796284E-02  -8.82480014E-03
  0.671875000      0.328125000     -0.173609719      -9.46952924E-02  -7.11595174E-03
  0.703125000      0.328125000     -0.170787647     -0.120664351      -4.93632210E-03
  0.734375000      0.328125000     -0.165860191     -0.146200418      -2.36015790E-03
  0.765625000      0.328125000     -0.158011049     -0.170047387       4.93774132E-04
  0.796875000      0.328125000     -0.146292508     -0.190110713       3.44449747E-03
  0.828125000      0.328125000     -0.129781127     -0.203168273       6.23785704E-03
  0.859375000      0.328125000     -0.107856542     -0.204614803       8.55765957E-03
  0.890625000      0.328125000      -8.06809366E-02 -0.188408613       1.00835804E-02
  0.921875000      0.328125000      -5.00567853E-02 -0.147869766       1.06234569E-02
  0.953125000      0.328125000      -2.10682768E-02  -8.02552775E-02   1.03054391E-02
  0.984375000      0.328125000      -3.94575065E-03  -7.55218789E-03   9.58666764E-03
   1.56250000E-02  0.359375000      -2.74306349E-03   4.50857952E-02   1.30195748E-02
   4.68750000E-02  0.359375000      -1.10731199E-02   9.17175710E-02   1.26520880E-02
   7.81250000E-02  0.359375000      -2.32977122E-02  0.115174547       1.20612225E-02
  0.109375000      0.359375000      -3.67826670E-02  0.128886759       1.11565245E-02
  0.140625000      0.359375000      -5.03565259E-02  0.138118178       9.91700124E-03
  0.171875000      0.359375000      -6.35533482E-02  0.144301355       8.34927615E-03
  0.203125000      0.359375000      -7.61656240E-02  0.147634089       6.47754688E-03
  0.234375000      0.359375000      -8.80696848E-02  0.148049533       4.34255786E-03
  0.265625000      0.359375000      -9.91712958E-02  0.145488113       2.00112071E-03
  0.296875000      0.359375000     -0.109390862      0.139951095      -4.75482986E-04
  0.328125000      0.359375000     -0.118660145      0.131500989      -3.00422357E-03
  0.359375000      0.359375000     -0.126923740      0.120254040      -5.49406046E-03
  0.390625000      0.359375000     -0.134144172      0.106374785      -7.85047095E-03
  0.421875000      0.359375000     -0.140309751       9.00729597E-02  -9.98063013E-03
  0.453125000      0.359375000     -0.145443216       7.15995878E-02  -1.17988214E-02
  0.484375000      0.359375000     -0.149607465       5.12389690E-02  -1.32317161E-02
  0.515625000      0.359375000     -0.152904034       2.92955209E-02  -1.42228510E-02
  0.546875000      0.359375000     -0.155460179       6.07794803E-03  -1.47358757E-02
  0.578125000      0.359375000     -0.157403678      -1.81109868E-02  -1.47743607E-02
  0.609375000      0.359375000     -0.158855081      -4.31104675E-02  -1.42436773E-02
  0.640625000      0.359375000     -0.159860432      -6.89429194E-02  -1.31563917E-02
  0.671875000      0.359375000     -0.160282642      -9.56342965E-02  -1.15284976E-02
  0.703125000      0.359375000     -0.159743816     -0.123083487      -9.38474853E-03
  0.734375000      0.359375000     -0.157588840     -0.150861621      -6.77131582E-03
  0.765625000      0.359375000     -0.152883768     -0.177939028      -3.77664948E-03
  0.796875000      0.359375000     -0.144475654     -0.202345133      -5.58601925E-04
  0.828125000      0.359375000     -0.131143332     -0.220777750       2.63043749E-03
  0.859375000      0.359375000     -0.111879408     -0.228194803       5.43813081E-03
  0.890625000      0.359375000      -8.63819942E-02 -0.217503220       7.45828869E-03
  0.921875000      0.359375000      -5.59413806E-02 -0.179841936       8.37224443E-03
  0.953125000      0.359375000      -2.52111703E-02 -0.108004019       8.20216443E-03
  0.984375000      0.359375000      -5.32015692E-03  -1.68188475E-02   7.43376138E-03
   1.56250000E-02  0.390625000      -2.08684150E-03   4.99141142E-02   1.14910332E-02
   4.68750000E-02  0.390625000      -8.91518220E-03  0.102044135       1.11449752E-02
   7.81250000E-02  0.390625000      -1.95173323E-02  0.127671033       1.05280532E-02
  0.109375000      0.390625000      -3.14977355E-02  0.141852379       9.56021249E-03
  0.140625000      0.390625000      -4.36313897E-02  0.150857434       8.22685752E-03
  0.171875000      0.390625000      -5.54062054E-02  0.156531811       6.53922372E-03
  0.203125000      0.390625000      -6.66042790E-02  0.159212887       4.52581234E-03
  0.234375000      0.390625000      -7.71093294E-02  0.158879668       2.23193225E-03
  0.265625000      0.390625000      -8.68401676E-02  0.155491188      -2.80718028E-04
  0.296875000      0.390625000      -9.57311094E-02  0.149060249      -2.93575972E-03
  0.328125000      0.390625000     -0.103727914      0.139660537      -5.64499572E-03
  0.359375000      0.390625000     -0.110789925      0.127423510      -8.31228681E-03
  0.390625000      0.390625000     -0.116896585      0.112536520      -1.08383950E-02
  0.421875000      0.390625000     -0.122057304       9.52421725E-02  -1.31265661E-02
  0.453125000      0.390625000     -0.126322389       7.58339316E-02  -1.50883673E-02
  0.484375000      0.390625000     -0.129791319       5.46430498E-02  -1.66490842E-02
  0.515625000      0.390625000     -0.132612765       3.20147648E-02  -1.77517682E-02
  0.546875000      0.390625000     -0.134969786       8.27712007E-03  -1.83592588E-02
  0.578125000      0.390625000     -0.137047127      -1.62842348E-02  -1.84909664E-02
  0.609375000      0.390625000     -0.139030725      -4.14974838E-02  -1.80666745E-02
  0.640625000      0.390625000     -0.141041875      -6.75350577E-02  -1.70971658E-02
  0.671875000      0.390625000     -0.143014401      -9.46435705E-02  -1.55894663E-02
  0.703125000      0.390625000     -0.144622296     -0.123001844      -1.35499686E-02
  0.734375000      0.390625000     -0.145214558     -0.152503297      -1.09961461E-02
  0.765625000      0.390625000     -0.143781245     -0.182433724      -7.97975622E-03
  0.796875000      0.390625000     -0.138990045     -0.211048514      -4.62172832E-03
  0.828125000      0.390625000     -0.129327804     -0.235068515      -1.15183380E-03
  0.859375000      0.390625000     -0.113385633     -0.249110490       2.06557754E-03
  0.890625000      0.390625000      -9.03618485E-02 -0.245109797       4.55743074E-03
  0.921875000      0.390625000      -6.09723702E-02 -0.212067008       5.87895652E-03
  0.953125000      0.390625000      -2.93118395E-02 -0.138171494       5.91460755E-03
  0.984375000      0.390625000      -6.85807783E-03  -2.89977118E-02   5.14062773E-03
   1.56250000E-02  0.421875000      -1.37450313E-03   5.33740669E-02   9.85142775E-03
   4.68750000E-02  0.421875000      -6.50713127E-03  0.110542074       9.53629334E-03
   7.81250000E-02  0.421875000      -1.52159799E-02  0.138480902       8.90755188E-03
  0.109375000      0.421875000      -2.54501719E-02  0.153254360       7.89640471E-03
  0.140625000      0.421875000      -3.59459855E-02  0.162082791       6.49499521E-03
  0.171875000      0.421875000      -4.61349040E-02  0.167268842       4.71884478E-03
  0.203125000      0.421875000      -5.57794683E-02  0.169318050       2.59987195E-03
  0.234375000      0.421875000      -6.47656620E-02  0.168266237       1.86872654E-04
  0.265625000      0.421875000      -7.30229542E-02  0.164094180      -2.45461822E-03
  0.296875000      0.421875000      -8.04991275E-02  0.156826764      -5.24397381E-03
  0.328125000      0.421875000      -8.71543512E-02  0.146549344      -8.08840245E-03
  0.359375000      0.421875000      -9.29629207E-02  0.133409396      -1.08870752E-02
  0.390625000      0.421875000      -9.79196280E-02  0.117618799      -1.35363657E-02
  0.421875000      0.421875000     -0.102049783       9.94560719E-02  -1.59359742E-02
  0.453125000      0.421875000     -0.105421223       7.92621821E-02  -1.79954413E-02
  0.484375000      0.421875000     -0.108155265       5.74235693E-02  -1.96399316E-02
  0.515625000      0.421875000     -0.110431172       3.43374088E-02  -2.08141133E-02
  0.546875000      0.421875000     -0.112474240       1.03602838E-02  -2.14827284E-02
  0.578125000      0.421875000     -0.114511944      -1.42468382E-02  -2.16717329E-02
  0.609375000      0.421875000     -0.116794445      -3.92635912E-02  -2.13351287E-02
  0.640625000      0.421875000     -0.119528018      -6.50194287E-02  -2.04830170E-02
  0.671875000      0.421875000     -0.122739404      -9.19709951E-02  -1.91182662E-02
  0.703125000      0.421875000     -0.126206800     -0.120595366      -1.72345191E-02
  0.734375000      0.421875000     -0.129349649     -0.151171505      -1.48240095E-02
  0.765625000      0.421875000     -0.131142408     -0.183403581      -1.18998084E-02
  0.796875000      0.421875000     -0.130113423     -0.215897083      -8.53569061E-03
  0.828125000      0.421875000     -0.124471575     -0.245523006      -4.91920533E-03
  0.859375000      0.421875000     -0.112395063     -0.266674429      -1.39991229E-03
  0.890625000      0.421875000      -9.25475061E-02 -0.270417690       1.50879100E-03
  0.921875000      0.421875000      -6.50073737E-02 -0.243689775       3.24817677E-03
  0.953125000      0.421875000      -3.31891738E-02 -0.170028836       3.54299671E-03
  0.984375000      0.421875000      -8.46413057E-03  -4.43204232E-02   2.80932314E-03
   1.56250000E-02  0.453125000      -6.71228219E-04   5.54185957E-02   8.18288140E-03
   4.68750000E-02  0.453125000      -4.01933212E-03  0.116975635       7.90904462E-03
   7.81250000E-02  0.453125000      -1.06315855E-02  0.147365749       7.28401961E-03
  0.109375000      0.453125000      -1.89302042E-02  0.162900075       6.25049556E-03
  0.140625000      0.453125000      -2.76379772E-02  0.171639025       4.80798399E-03
  0.171875000      0.453125000      -3.61201987E-02  0.176382884       2.97609530E-03
  0.203125000      0.453125000      -4.41106483E-02  0.177839071       7.89403042E-04
  0.234375000      0.453125000      -5.14934361E-02  0.176115245      -1.70097023E-03
  0.265625000      0.453125000      -5.82084805E-02  0.171219543      -4.42690076E-03
  0.296875000      0.453125000      -6.42191619E-02  0.163191259      -7.30462186E-03
  0.328125000      0.453125000      -6.95034117E-02  0.152128249      -1.02377106E-02
  0.359375000      0.453125000      -7.40536153E-02  0.138193995      -1.31213665E-02
  0.390625000      0.453125000      -7.78812170E-02  0.121623874      -1.58480871E-02
  0.421875000      0.453125000      -8.10245126E-02  0.102730282      -1.83144305E-02
  0.453125000      0.453125000      -8.35588872E-02   8.18999261E-02  -2.04283111E-02
  0.484375000      0.453125000      -8.56082067E-02   5.95754534E-02  -2.21155398E-02
  0.515625000      0.453125000      -8.73544365E-02   3.62138897E-02  -2.33241972E-02
  0.546875000      0.453125000      -8.90395567E-02   1.22180786E-02  -2.40252223E-02
  0.578125000      0.453125000      -9.09471512E-02  -1.21534597E-02  -2.42301170E-02
  0.609375000      0.453125000      -9.33584720E-02  -3.66575718E-02  -2.39606109E-02
  0.640625000      0.453125000      -9.65168476E-02  -6.17283657E-02  -2.32126899E-02
  0.671875000      0.453125000     -0.100572929      -8.79899561E-02  -2.19929665E-02
  0.703125000      0.453125000     -0.105471022     -0.116206765      -2.02910807E-02
  0.734375000      0.453125000     -0.110787004     -0.147097707      -1.80819482E-02
  0.765625000      0.453125000     -0.115565732     -0.180902943      -1.53434090E-02
  0.796875000      0.453125000     -0.118258700     -0.216731459      -1.20971808E-02
  0.828125000      0.453125000     -0.116823509     -0.251764089      -8.47268663E-03
  0.859375000      0.453125000     -0.109017834     -0.280314714      -4.77798795E-03
  0.890625000      0.453125000      -9.29354876E-02 -0.292707264      -1.53502682E-03
  0.921875000      0.453125000      -6.79531842E-02 -0.273923218       6.06307236E-04
  0.953125000      0.453125000      -3.66893336E-02 -0.202878356       1.20121962E-03
  0.984375000      0.453125000      -1.00506144E-02  -6.28355443E-02   5.50977187E-04
   1.56250000E-02  0.484375000      -4.71533713E-05   5.61359525E-02   6.55807648E-03
   4.68750000E-02  0.484375000      -1.62493100E-03  0.121181898       6.34323712E-03
   7.81250000E-02  0.484375000      -5.99201676E-03  0.154136509       5.73756639E-03
  0.109375000      0.484375000      -1.22092078E-02  0.170643240       4.70280554E-03
  0.140625000      0.484375000      -1.90206096E-02  0.179413795       3.24664987E-03
  0.171875000      0.484375000      -2.57142894E-02  0.183783576       1.39222271E-03
  0.203125000      0.484375000      -3.19851600E-02  0.184700191      -8.23953422E-04
  0.234375000      0.484375000      -3.77106220E-02  0.182363883      -3.34974146E-03
  0.265625000      0.484375000      -4.28415015E-02  0.176819354      -6.11591386E-03
  0.296875000      0.484375000      -4.73602675E-02  0.168124408      -9.03708395E-03
  0.328125000      0.484375000      -5.12675866E-02  0.156391054      -1.20144766E-02
  0.359375000      0.484375000      -5.45794964E-02  0.141798466      -1.49403866E-02
  0.390625000      0.484375000      -5.73290214E-02  0.124602333      -1.77041907E-02
  0.421875000      0.484375000      -5.95702678E-02  0.105142623      -2.01996807E-02
  0.453125000      0.484375000      -6.13844991E-02   8.38427395E-02  -2.23331247E-02
  0.484375000      0.484375000      -6.28880709E-02   6.11921959E-02  -2.40306910E-02
  0.515625000      0.484375000      -6.42423779E-02   3.77042815E-02  -2.52437294E-02
  0.546875000      0.484375000      -6.56658635E-02   1.38427280E-02  -2.59501114E-02
  0.578125000      0.484375000      -6.74477816E-02  -1.00824004E-02  -2.61510480E-02
  0.609375000      0.484375000      -6.98692426E-02  -3.38899866E-02  -2.59227157E-02
  0.640625000      0.484375000      -7.31924772E-02  -5.80088906E-02  -2.52539106E-02
  0.671875000      0.484375000      -7.76827931E-02  -8.31580609E-02  -2.41603553E-02
  0.703125000      0.484375000      -8.34912807E-02 -0.110327616      -2.26372965E-02
  0.734375000      0.484375000      -9.04444456E-02 -0.140703797      -2.06537731E-02
  0.765625000      0.484375000      -9.77724269E-02 -0.175186783      -1.81613714E-02
  0.796875000      0.484375000     -0.103946738     -0.213577658      -1.51315816E-02
  0.828125000      0.484375000     -0.106723875     -0.253573954      -1.16257975E-02
  0.859375000      0.484375000     -0.103441402     -0.289591700      -7.88696390E-03
  0.890625000      0.484375000      -9.15879011E-02 -0.311365545      -4.41172859E-03
  0.921875000      0.484375000      -6.97728395E-02 -0.302062392      -1.90979801E-03
  0.953125000      0.484375000      -3.97080891E-02 -0.236068279      -9.92129557E-04
  0.984375000      0.484375000      -1.15532950E-02  -8.44397098E-02  -1.52186526E-03
   1.56250000E-02  0.515625000       4.95144224E-04   5.56870773E-02   5.05091716E-03
   4.68750000E-02  0.515625000       5.56019018E-04  0.123145714       4.89081442E-03
   7.81250000E-02  0.515625000      -1.53675675E-03  0.158630565       4.33853641E-03
  0.109375000      0.515625000      -5.54747134E-03  0.176375538       3.32229445E-03
  0.140625000      0.515625000      -1.03863459E-02  0.185330868       1.88049895E-03
  0.171875000      0.515625000      -1.52418297E-02  0.189415559       3.65735541E-05
  0.203125000      0.515625000      -1.97576955E-02  0.189855754      -2.17124610E-03
  0.234375000      0.515625000      -2.37959623E-02  0.186973870      -4.69137821E-03
  0.265625000      0.515625000      -2.73180045E-02  0.180865139      -7.45541044E-03
  0.296875000      0.515625000      -3.03288084E-02  0.171612009      -1.03780655E-02
  0.328125000      0.515625000      -3.28568071E-02  0.159343481      -1.33598559E-02
  0.359375000      0.515625000      -3.49476337E-02  0.144254297      -1.62915345E-02
  0.390625000      0.515625000      -3.66624892E-02  0.126617044      -1.90603416E-02
  0.421875000      0.515625000      -3.80782783E-02  0.106791534      -2.15577669E-02
  0.453125000      0.515625000      -3.92886624E-02   8.52253065E-02  -2.36881934E-02
  0.484375000      0.515625000      -4.04060520E-02   6.24375716E-02  -2.53771264E-02
  0.515625000      0.515625000      -4.15649638E-02   3.89790162E-02  -2.65773013E-02
  0.546875000      0.515625000      -4.29285243E-02   1.53617682E-02  -2.72706933E-02
  0.578125000      0.515625000      -4.47005033E-02  -8.04107450E-03  -2.74646655E-02
  0.609375000      0.515625000      -4.71266769E-02  -3.10775507E-02  -2.72526108E-02
  0.640625000      0.515625000      -5.04861996E-02  -5.41328453E-02  -2.66323928E-02
  0.671875000      0.515625000      -5.50978258E-02  -7.79269189E-02  -2.56306101E-02
  0.703125000      0.515625000      -6.13110922E-02 -0.103532284      -2.42571849E-02
  0.734375000      0.515625000      -6.92792311E-02 -0.132573664      -2.24882457E-02
  0.765625000      0.515625000      -7.85529092E-02 -0.166711658      -2.02625543E-02
  0.796875000      0.515625000      -8.77692923E-02 -0.206659108      -1.75105333E-02
  0.828125000      0.515625000      -9.45765078E-02 -0.250905812      -1.42234396E-02
  0.859375000      0.515625000      -9.59103853E-02 -0.294206768      -1.05614197E-02
  0.890625000      0.515625000      -8.86207521E-02 -0.325892597      -6.96332892E-03
  0.921875000      0.515625000      -7.04826564E-02 -0.327488065      -4.16195532E-03
  0.953125000      0.515625000      -4.21942770E-02 -0.268995762      -2.91803339E-03
  0.984375000      0.515625000      -1.29342107E-02 -0.108927354      -3.29775526E-03
   1.56250000E-02  0.546875000       9.89155145E-04   5.42019904E-02   3.73021816E-03
   4.68750000E-02  0.546875000       2.51730904E-03  0.123040035       3.60548962E-03
   7.81250000E-02  0.546875000       2.53713923E-03  0.160807416       3.10626253E-03
  0.109375000      0.546875000       7.58427661E-04  0.179986745       2.16048281E-03
  0.140625000      0.546875000      -2.02024914E-03  0.189336449       7.64299184E-04
  0.171875000      0.546875000      -5.00685675E-03  0.193252102      -1.03701069E-03
  0.203125000      0.546875000      -7.75449583E-03  0.193283677      -3.19910794E-03
  0.234375000      0.546875000      -1.00918561E-02  0.189923525      -5.67385135E-03
  0.265625000      0.546875000      -1.19886771E-02  0.183337361      -8.39589350E-03
  0.296875000      0.546875000      -1.34744141E-02  0.173640341      -1.12819988E-02
  0.328125000      0.546875000      -1.46086626E-02  0.160982341      -1.42336963E-02
  0.359375000      0.546875000      -1.54710216E-02  0.145574376      -1.71417184E-02
  0.390625000      0.546875000      -1.61561854E-02  0.127703369      -1.98923033E-02
  0.421875000      0.546875000      -1.67704560E-02  0.107742101      -2.23752260E-02
  0.453125000      0.546875000      -1.74282603E-02   8.61500353E-02  -2.44927891E-02
  0.484375000      0.546875000      -1.82478093E-02   6.34569973E-02  -2.61686128E-02
  0.515625000      0.546875000      -1.93451270E-02   4.02229652E-02  -2.73544844E-02
  0.546875000      0.546875000      -2.08266191E-02   1.69698466E-02  -2.80332807E-02
  0.578125000      0.546875000      -2.27920935E-02  -5.90499956E-03  -2.82169431E-02
  0.609375000      0.546875000      -2.53962092E-02  -2.81769838E-02  -2.80080698E-02
  0.640625000      0.546875000      -2.88672931E-02  -5.01968712E-02  -2.74098217E-02
  0.671875000      0.546875000      -3.34983394E-02  -7.26147592E-02  -2.64588613E-02
  0.703125000      0.546875000      -3.97696868E-02  -9.63549018E-02  -2.51892917E-02
  0.734375000      0.546875000      -4.81729284E-02 -0.123375326      -2.35952251E-02
  0.765625000      0.546875000      -5.86971678E-02 -0.156108335      -2.16171779E-02
  0.796875000      0.546875000      -7.03438371E-02 -0.196396217      -1.91612579E-02
  0.828125000      0.546875000      -8.08144733E-02 -0.243888289      -1.61550436E-02
  0.859375000      0.546875000      -8.66991803E-02 -0.294003725      -1.26661956E-02
  0.890625000      0.546875000      -8.41834843E-02 -0.335899621      -9.04795621E-03
  0.921875000      0.546875000      -7.01383501E-02 -0.349663556      -6.01742556E-03
  0.953125000      0.546875000      -4.41398062E-02 -0.301106989      -4.45857085E-03
  0.984375000      0.546875000      -1.41772274E-02 -0.136038840      -4.66574356E-03
   1.56250000E-02  0.578125000       1.39548851E-03   5.18166125E-02   2.62271659E-03
   4.68750000E-02  0.578125000       4.20010230E-03  0.121091008       2.54159095E-03
   7.81250000E-02  0.578125000       6.15039375E-03  0.160784647       2.09716870E-03
  0.109375000      0.578125000       6.49260776E-03  0.181444705       1.22137333E-03
  0.140625000      0.578125000       5.75749204E-03  0.191391587      -8.67374401E-05
  0.171875000      0.578125000       4.67288867E-03  0.195268273      -1.79629191E-03
  0.203125000      0.578125000       3.71833728E-03  0.194970697      -3.87105648E-03
  0.234375000      0.578125000       3.09496420E-03  0.191199213      -6.26155408E-03
  0.265625000      0.578125000       2.83909938E-03  0.184217349      -8.90451483E-03
  0.296875000      0.578125000       2.90230382E-03  0.174186915      -1.17201172E-02
  0.328125000      0.578125000       3.19285225E-03  0.161284477      -1.46125890E-02
  0.359375000      0.578125000       3.59435356E-03  0.145738930      -1.74741093E-02
  0.390625000      0.578125000       3.97519814E-03  0.127849609      -2.01910790E-02
  0.421875000      0.578125000       4.19561844E-03  0.107996672      -2.26521473E-02
  0.453125000      0.578125000       4.11510607E-03   8.66410434E-02  -2.47573517E-02
  0.484375000      0.578125000       3.60136735E-03   6.43066466E-02  -2.64271740E-02
  0.515625000      0.578125000       2.54096347E-03   4.15383577E-02  -2.76097953E-02
  0.546875000      0.578125000       8.50853918E-04   1.88332107E-02  -2.82845460E-02
  0.578125000      0.578125000      -1.49764738E-03  -3.44750239E-03  -2.84632519E-02
  0.609375000      0.578125000      -4.51305835E-03  -2.50084251E-02  -2.82553583E-02
  0.640625000      0.578125000      -8.30255169E-03  -4.60987501E-02  -2.76622716E-02
  0.671875000      0.578125000      -1.30828880E-02  -6.72958791E-02  -2.67206542E-02
  0.703125000      0.578125000      -1.93460602E-02  -8.91341865E-02  -2.55064070E-02
  0.734375000      0.578125000      -2.78016236E-02 -0.113732755      -2.40322817E-02
  0.765625000      0.578125000      -3.89106497E-02 -0.144113779      -2.22497769E-02
  0.796875000      0.578125000      -5.22629917E-02 -0.183388487      -2.00667568E-02
  0.828125000      0.578125000      -6.58624917E-02 -0.232823193      -1.73606854E-02
  0.859375000      0.578125000      -7.60791227E-02 -0.288965404      -1.41057717E-02
  0.890625000      0.578125000      -7.84305483E-02 -0.341100723      -1.05486494E-02
  0.921875000      0.578125000      -6.88119680E-02 -0.368125260      -7.35425577E-03
  0.953125000      0.578125000      -4.55618575E-02 -0.331893504      -5.49720414E-03
  0.984375000      0.578125000      -1.52802849E-02 -0.165496334      -5.51331649E-03
   1.56250000E-02  0.609375000       1.69776625E-03   4.87226322E-02   1.73709809E-03
   4.68750000E-02  0.609375000       5.54993935E-03  0.117526591       1.70179142E-03
   7.81250000E-02  0.609375000       9.20461211E-03  0.158742428       1.32562686E-03
  0.109375000      0.609375000       1.15090795E-02  0.180838913       5.41986723E-04
  0.140625000      0.609375000       1.27437823E-02  0.191497028      -6.55351614E-04
  0.171875000      0.609375000       1.35441106E-02  0.195447102      -2.24475493E-03
  0.203125000      0.609375000       1.43907508E-02  0.194900692      -4.19583125E-03
  0.234375000      0.609375000       1.55034214E-02  0.190781832      -6.46683201E-03
  0.265625000      0.609375000       1.69170611E-02  0.183479875      -9.00036003E-03
  0.296875000      0.609375000       1.85608771E-02  0.173221305      -1.17205698E-02
  0.328125000      0.609375000       2.03085989E-02  0.160216719      -1.45338466E-02
  0.359375000      0.609375000       2.20050104E-02  0.144714519      -1.73328817E-02
  0.390625000      0.609375000       2.34805420E-02  0.127024084      -2.00031865E-02
  0.421875000      0.609375000       2.45620832E-02  0.107527182      -2.24315319E-02
  0.453125000      0.609375000       2.50839926E-02   8.66764188E-02  -2.45154332E-02
  0.484375000      0.609375000       2.49009654E-02   6.49754703E-02  -2.61725150E-02
  0.515625000      0.609375000       2.39031278E-02   4.29351777E-02  -2.73480881E-02
  0.546875000      0.609375000       2.20332891E-02   2.10035816E-02  -2.80192606E-02
  0.578125000      0.609375000       1.92961432E-02  -5.25236945E-04  -2.81947423E-02
  0.609375000      0.609375000       1.57996472E-02  -2.14121491E-02  -2.79815197E-02
  0.640625000      0.609375000       1.15886126E-02  -4.16883007E-02  -2.73900479E-02
  0.671875000      0.609375000       6.41388353E-03  -6.17455691E-02  -2.64871791E-02
  0.703125000      0.609375000      -1.06641790E-04  -8.18956643E-02  -2.52949260E-02
  0.734375000      0.609375000      -8.52868892E-03 -0.104089141      -2.38887519E-02
  0.765625000      0.609375000      -1.97209381E-02 -0.131452233      -2.22238153E-02
  0.796875000      0.609375000      -3.40424404E-02 -0.168372929      -2.02577207E-02
  0.828125000      0.609375000      -5.01005575E-02 -0.218178481      -1.78299043E-02
  0.859375000      0.609375000      -6.42835349E-02 -0.279208422      -1.48281157E-02
  0.890625000      0.609375000      -7.14870989E-02 -0.341301203      -1.13791963E-02
  0.921875000      0.609375000      -6.65618479E-02 -0.382467687      -8.06469377E-03
  0.953125000      0.609375000      -4.64802682E-02 -0.360882312      -5.91768045E-03
  0.984375000      0.609375000      -1.62463114E-02 -0.197022900      -5.72245661E-03
   1.56250000E-02  0.640625000       1.88598898E-03   4.51381393E-02   1.06778310E-03
   4.68750000E-02  0.640625000       6.51958492E-03  0.112623647       1.07732951E-03
   7.81250000E-02  0.640625000       1.15980944E-02  0.154910445       7.82052812E-04
  0.109375000      0.640625000       1.56570300E-02  0.178306088       1.15550989E-04
  0.140625000      0.640625000       1.87487639E-02  0.189702541      -9.39830556E-04
  0.171875000      0.640625000       2.13942137E-02  0.193795621      -2.37574475E-03
  0.203125000      0.640625000       2.40423568E-02  0.193058074      -4.17212443E-03
  0.234375000      0.640625000       2.69102901E-02  0.188645512      -6.29593711E-03
  0.265625000      0.640625000       3.00213639E-02  0.181094170      -8.69637728E-03
  0.296875000      0.640625000       3.32780294E-02  0.170710251      -1.13019189E-02
  0.328125000      0.640625000       3.65177542E-02  0.157745004      -1.40211741E-02
  0.359375000      0.640625000       3.95466350E-02  0.142466471      -1.67472009E-02
  0.390625000      0.640625000       4.21593152E-02  0.125190184      -1.93645190E-02
  0.421875000      0.640625000       4.41535488E-02  0.106292129      -2.17579603E-02
  0.453125000      0.640625000       4.53439839E-02   8.62062871E-02  -2.38224640E-02
  0.484375000      0.640625000       4.55765501E-02   6.54034093E-02  -2.54725106E-02
  0.515625000      0.640625000       4.47416902E-02   4.43473160E-02  -2.66495869E-02
  0.546875000      0.640625000       4.27824035E-02   2.34277956E-02  -2.73258723E-02
  0.578125000      0.640625000       3.96997929E-02   2.87727918E-03  -2.75030658E-02
  0.609375000      0.640625000       3.56285907E-02  -1.72403418E-02  -2.72893570E-02
  0.640625000      0.640625000       3.06876190E-02  -3.67019102E-02  -2.66832653E-02
  0.671875000      0.640625000       2.48263385E-02  -5.56902811E-02  -2.57482585E-02
  0.703125000      0.640625000       1.79555975E-02  -7.45545924E-02  -2.45482512E-02
  0.734375000      0.640625000       9.63509921E-03  -9.46832225E-02  -2.31682193E-02
  0.765625000      0.640625000      -1.37730502E-03 -0.118649758      -2.16185190E-02
  0.796875000      0.640625000      -1.60748921E-02 -0.152153254      -1.97997019E-02
  0.828125000      0.640625000      -3.38341594E-02 -0.200578332      -1.75943188E-02
  0.859375000      0.640625000      -5.14746606E-02 -0.264983207      -1.48230772E-02
  0.890625000      0.640625000      -6.34105429E-02 -0.336385608      -1.14855124E-02
  0.921875000      0.640625000      -6.33959696E-02 -0.392322242      -8.05548485E-03
  0.953125000      0.640625000      -4.68904227E-02 -0.387614489      -5.59980469E-03
  0.984375000      0.640625000      -1.70729086E-02 -0.230342135      -5.16201649E-03
   1.56250000E-02  0.671875000       1.95138378E-03   4.12999801E-02   5.97505481E-04
   4.68750000E-02  0.671875000       7.05991918E-03  0.106717899       6.48309011E-04
   7.81250000E-02  0.671875000       1.32174427E-02  0.149578273       4.45927697E-04
  0.109375000      0.671875000       1.87651254E-02  0.174030021      -7.49952160E-05
  0.140625000      0.671875000       2.35616714E-02  0.186089173      -9.50500718E-04
  0.171875000      0.671875000       2.79959999E-02  0.190328732      -2.19366932E-03
  0.203125000      0.671875000       3.24482247E-02  0.189424962      -3.80081707E-03
  0.234375000      0.671875000       3.71017382E-02  0.184758484      -5.75003680E-03
  0.265625000      0.671875000       4.19510752E-02  0.177023113      -7.99748488E-03
  0.296875000      0.671875000       4.68646102E-02  0.166614458      -1.04753878E-02
  0.328125000      0.671875000       5.16419560E-02  0.153828025      -1.30935814E-02
  0.359375000      0.671875000       5.60524166E-02  0.138949290      -1.57445446E-02
  0.390625000      0.671875000       5.98592460E-02  0.122293800      -1.83109827E-02
  0.421875000      0.671875000       6.28370792E-02  0.104222998      -2.06751637E-02
  0.453125000      0.671875000       6.47871196E-02   8.51418674E-02  -2.27288865E-02
  0.484375000      0.671875000       6.55509159E-02   6.54785931E-02  -2.43828706E-02
  0.515625000      0.671875000       6.50192648E-02   4.56458442E-02  -2.55739465E-02
  0.546875000      0.671875000       6.31297231E-02   2.59851795E-02  -2.62683257E-02
  0.578125000      0.671875000       5.98570555E-02   6.68200944E-03  -2.64590923E-02
  0.609375000      0.671875000       5.53343669E-02  -1.24446973E-02  -2.62439400E-02
  0.640625000      0.671875000       4.96963039E-02  -3.09124794E-02  -2.56282426E-02
  0.671875000      0.671875000       4.29623388E-02  -4.88789603E-02  -2.46671997E-02
  0.703125000      0.671875000       3.51634026E-02  -6.66913390E-02  -2.34306119E-02
  0.734375000      0.671875000       2.61824504E-02  -8.52408186E-02  -2.19949279E-02
  0.765625000      0.671875000       1.55354720E-02 -0.106429309      -2.04199534E-02
  0.796875000      0.671875000       1.38474046E-03 -0.135522604      -1.87546518E-02
  0.828125000      0.671875000      -1.72724705E-02 -0.180790395      -1.67154633E-02
  0.859375000      0.671875000      -3.77147198E-02 -0.246686906      -1.41154146E-02
  0.890625000      0.671875000      -5.41475341E-02 -0.326312274      -1.08426167E-02
  0.921875000      0.671875000      -5.92268594E-02 -0.397330374      -7.24319089E-03
  0.953125000      0.671875000      -4.67301607E-02 -0.411608517      -4.40861145E-03
  0.984375000      0.671875000      -1.77403912E-02 -0.265155554      -3.67178535E-03
   1.56250000E-02  0.703125000       1.88117579E-03   3.74665745E-02   2.99540261E-04
   4.68750000E-02  0.703125000       7.10585108E-03  0.100216180       3.85398569E-04
   7.81250000E-02  0.703125000       1.39204990E-02  0.143105745       2.88523152E-04
  0.109375000      0.703125000       2.06292812E-02  0.168244213      -5.35120998E-05
  0.140625000      0.703125000       2.69448124E-02  0.180761442      -7.04289298E-04
  0.171875000      0.703125000       3.31062861E-02  0.185059816      -1.70987088E-03
  0.203125000      0.703125000       3.93802077E-02  0.183967650      -3.09095858E-03
  0.234375000      0.703125000       4.58742753E-02  0.179069042      -4.83991811E-03
  0.265625000      0.703125000       5.25280610E-02  0.171211228      -6.91966712E-03
  0.296875000      0.703125000       5.91641515E-02  0.160879523      -9.26440582E-03
  0.328125000      0.703125000       6.55419976E-02  0.148411572      -1.17830895E-02
  0.359375000      0.703125000       7.13972002E-02  0.134104803      -1.43656423E-02
  0.390625000      0.703125000       7.64674097E-02  0.118266739      -1.68914422E-02
  0.421875000      0.703125000       8.05107951E-02  0.101234965      -1.92390271E-02
  0.453125000      0.703125000       8.33209604E-02   8.33762437E-02  -2.12962013E-02
  0.484375000      0.703125000       8.47391933E-02   6.50689900E-02  -2.29692236E-02
  0.515625000      0.703125000       8.46618712E-02   4.66713123E-02  -2.41898578E-02
  0.546875000      0.703125000       8.30408931E-02   2.84770411E-02  -2.49192044E-02
  0.578125000      0.703125000       7.98721761E-02   1.06380749E-02  -2.51479466E-02
  0.609375000      0.703125000       7.51018450E-02  -7.10153393E-03  -2.49050781E-02
  0.640625000      0.703125000       6.88086078E-02  -2.43185684E-02  -2.42970940E-02
  0.671875000      0.703125000       6.11923188E-02  -4.11174037E-02  -2.33161505E-02
  0.703125000      0.703125000       5.23481593E-02  -5.78052513E-02  -2.20349412E-02
  0.734375000      0.703125000       4.22952548E-02  -7.50892237E-02  -2.05296651E-02
  0.765625000      0.703125000       3.08834799E-02  -9.45190936E-02  -1.88709907E-02
  0.796875000      0.703125000       1.73966344E-02 -0.119792961      -1.71112400E-02
  0.828125000      0.703125000      -6.37380406E-04 -0.159827277      -1.52504565E-02
  0.859375000      0.703125000      -2.29432136E-02 -0.224901080      -1.27516789E-02
  0.890625000      0.703125000      -4.34836298E-02 -0.311124563      -9.44543537E-03
  0.921875000      0.703125000      -5.38112149E-02 -0.397111326      -5.54122077E-03
  0.953125000      0.703125000      -4.58349138E-02 -0.432301044      -2.17132573E-03
  0.984375000      0.703125000      -1.81960370E-02 -0.301092267      -1.03134476E-03
   1.56250000E-02  0.734375000       1.64494151E-03   3.39395441E-02   1.39283744E-04
   4.68750000E-02  0.734375000       6.54339138E-03   9.36179906E-02   2.52005848E-04
   7.81250000E-02  0.734375000       1.35013964E-02  0.135928959       2.77074258E-04
  0.109375000      0.734375000       2.09889542E-02  0.161222488       1.55053771E-04
  0.140625000      0.734375000       2.86237970E-02  0.173830956      -2.18585439E-04
  0.171875000      0.734375000       3.64665911E-02  0.177984715      -9.37488745E-04
  0.203125000      0.734375000       4.46129441E-02  0.176621825      -2.05593184E-03
  0.234375000      0.734375000       5.30412346E-02  0.171492696      -3.58340144E-03
  0.265625000      0.734375000       6.16013631E-02  0.163574785      -5.48821827E-03
  0.296875000      0.734375000       7.00542554E-02  0.153429121      -7.70336948E-03
  0.328125000      0.734375000       7.81163275E-02  0.141425192      -1.01334844E-02
  0.359375000      0.734375000       8.54936093E-02  0.127862781      -1.26631288E-02
  0.390625000      0.734375000       9.19051766E-02  0.113031879      -1.51662361E-02
  0.421875000      0.734375000       9.70998555E-02   9.72373188E-02  -1.75161920E-02
  0.453125000      0.734375000      0.100868851       8.08007568E-02  -1.95958279E-02
  0.484375000      0.734375000      0.103054732       6.40467107E-02  -2.13062093E-02
  0.515625000      0.734375000      0.103554994       4.72771265E-02  -2.25732662E-02
  0.546875000      0.734375000      0.102316529       3.07370666E-02  -2.33513657E-02
  0.578125000      0.734375000       9.93098766E-02   1.45595744E-02  -2.36231573E-02
  0.609375000      0.734375000       9.44368690E-02  -1.37387891E-03  -2.33947225E-02
  0.640625000      0.734375000       8.77725035E-02  -1.70832593E-02  -2.27879472E-02
  0.671875000      0.734375000       7.95245916E-02  -3.24837305E-02  -2.17883214E-02
  0.703125000      0.734375000       6.97924271E-02  -4.78585064E-02  -2.04577483E-02
  0.734375000      0.734375000       5.86625151E-02  -6.38498217E-02  -1.88671462E-02
  0.765625000      0.734375000       4.61536795E-02  -8.18353966E-02  -1.70860626E-02
  0.796875000      0.734375000       3.20316032E-02 -0.104866102      -1.51676517E-02
  0.828125000      0.734375000       1.51262321E-02 -0.139813960      -1.31165525E-02
  0.859375000      0.734375000      -6.98828325E-03 -0.200493991      -1.08001791E-02
  0.890625000      0.734375000      -3.09784561E-02 -0.291001558      -7.29179569E-03
  0.921875000      0.734375000      -4.66595814E-02 -0.391226590      -2.83299456E-03
  0.953125000      0.734375000      -4.38704118E-02 -0.448952585       1.36655092E-03
  0.984375000      0.734375000      -1.83312222E-02 -0.337620109       3.09812790E-03
   1.56250000E-02  0.765625000       1.15801941E-03   3.11355870E-02   7.34750793E-05
   4.68750000E-02  0.765625000       5.13336062E-03   8.75458866E-02   2.07349396E-04
   7.81250000E-02  0.765625000       1.16257444E-02  0.128548115       3.81451333E-04
  0.109375000      0.765625000       1.94928944E-02  0.153246135       5.32593869E-04
  0.140625000      0.765625000       2.82797776E-02  0.165383339       4.95567510E-04
  0.171875000      0.765625000       3.78116369E-02  0.169055820       1.13286624E-04
  0.203125000      0.765625000       4.79396060E-02  0.167275101      -7.10722990E-04
  0.234375000      0.765625000       5.84487133E-02  0.161901534      -2.00424436E-03
  0.265625000      0.765625000       6.90593570E-02  0.153995603      -3.73759796E-03
  0.296875000      0.765625000       7.94538856E-02  0.144162267      -5.83767192E-03
  0.328125000      0.765625000       8.93039852E-02  0.132782280      -8.20027478E-03
  0.359375000      0.765625000       9.82922390E-02  0.120143518      -1.07011590E-02
  0.390625000      0.765625000      0.106127948      0.106508054      -1.32065117E-02
  0.421875000      0.765625000      0.112558797       9.21405256E-02  -1.55832013E-02
  0.453125000      0.765625000      0.117379501       7.73133039E-02  -1.77083053E-02
  0.484375000      0.765625000      0.120436892       6.22966886E-02  -1.94773339E-02
  0.515625000      0.765625000      0.121629536       4.73401845E-02  -2.08102018E-02
  0.546875000      0.765625000      0.120898426       3.26494761E-02  -2.16543674E-02
  0.578125000      0.765625000      0.118201047       1.83568895E-02  -2.19842680E-02
  0.609375000      0.765625000      0.113459826       4.44835518E-03  -2.17956994E-02
  0.640625000      0.765625000      0.106713057      -9.48951486E-03  -2.11941414E-02
  0.671875000      0.765625000       9.81085151E-02  -2.32207682E-02  -2.01846752E-02
  0.703125000      0.765625000       8.77560601E-02  -3.70333232E-02  -1.88052673E-02
  0.734375000      0.765625000       7.57673830E-02  -5.15537187E-02  -1.71166938E-02
  0.765625000      0.765625000       6.22397959E-02  -6.80932775E-02  -1.51777156E-02
  0.796875000      0.765625000       4.71895039E-02  -8.94349888E-02  -1.30306333E-02
  0.828125000      0.765625000       3.02753001E-02 -0.121425562      -1.06754992E-02
  0.859375000      0.765625000       9.41369031E-03 -0.175907195      -8.03590007E-03
  0.890625000      0.765625000      -1.58322193E-02 -0.266353905      -4.33328748E-03
  0.921875000      0.765625000      -3.68875712E-02 -0.379139841       1.08084106E-03
  0.953125000      0.765625000      -4.02225703E-02 -0.460495889       6.61977148E-03
  0.984375000      0.765625000      -1.79442521E-02 -0.373896539       9.27850977E-03
   1.56250000E-02  0.796875000       2.13211577E-04   2.97632664E-02   3.95626703E-05
   4.68750000E-02  0.796875000       2.37225159E-03   8.27813447E-02   2.13778563E-04
   7.81250000E-02  0.796875000       7.73026189E-03  0.121459454       5.85661153E-04
  0.109375000      0.796875000       1.56686585E-02  0.144526452       1.07751903E-03
  0.140625000      0.796875000       2.55599245E-02  0.155422166       1.43904984E-03
  0.171875000      0.796875000       3.68981212E-02  0.158144474       1.43763493E-03
  0.203125000      0.796875000       4.92072627E-02  0.155747369       9.28042340E-04
  0.234375000      0.796875000       6.20089993E-02  0.150117159      -1.33641166E-04
  0.265625000      0.796875000       7.48569369E-02  0.142320976      -1.71343284E-03
  0.296875000      0.796875000       8.73436928E-02  0.132956147      -3.72557552E-03
  0.328125000      0.796875000       9.90998596E-02  0.122383691      -6.05190732E-03
  0.359375000      0.796875000      0.109794632      0.110861599      -8.55593849E-03
  0.390625000      0.796875000      0.119138882       9.86134261E-02  -1.10941306E-02
  0.421875000      0.796875000      0.126889348       8.58580172E-02  -1.35258473E-02
  0.453125000      0.796875000      0.132852361       7.28168488E-02  -1.57221407E-02
  0.484375000      0.796875000      0.136885554       5.97076938E-02  -1.75731275E-02
  0.515625000      0.796875000      0.138896018       4.67314050E-02  -1.89933069E-02
  0.546875000      0.796875000      0.138834178       3.40564996E-02  -1.99244022E-02
  0.578125000      0.796875000      0.136685148       2.18013972E-02  -2.03360170E-02
  0.609375000      0.796875000      0.132450759       9.98421758E-03  -2.02249531E-02
  0.640625000      0.796875000      0.125966489      -1.79007871E-03  -1.96150877E-02
  0.671875000      0.796875000      0.117292047      -1.36375614E-02  -1.86089147E-02
  0.703125000      0.796875000      0.106697194      -2.56663207E-02  -1.71879847E-02
  0.734375000      0.796875000       9.42710117E-02  -3.85038406E-02  -1.53949764E-02
  0.765625000      0.796875000       8.01036358E-02  -5.34471571E-02  -1.32641634E-02
  0.796875000      0.796875000       6.42749891E-02  -7.32021704E-02  -1.08030159E-02
  0.828125000      0.796875000       4.67633381E-02 -0.103233561      -7.95696676E-03
  0.859375000      0.796875000       2.70303357E-02 -0.153506666      -4.55772039E-03
  0.890625000      0.796875000       2.39512464E-03 -0.238876253      -3.01821099E-04
  0.921875000      0.796875000      -2.29835156E-02 -0.360186964       6.56681880E-03
  0.953125000      0.796875000      -3.38096321E-02 -0.465291440       1.42894369E-02
  0.984375000      0.796875000      -1.66750513E-02 -0.408517271       1.84774734E-02
   1.56250000E-02  0.828125000      -1.43306691E-03   3.09819356E-02  -2.97915467E-05
   4.68750000E-02  0.828125000      -2.54741707E-03   8.05152655E-02   1.89676895E-04
   7.81250000E-02  0.828125000       8.79028463E-04  0.114937961       9.06644156E-04
  0.109375000      0.828125000       8.93068220E-03  0.135054708       1.81196025E-03
  0.140625000      0.828125000       2.01400630E-02  0.143790066       2.62313522E-03
  0.171875000      0.828125000       3.35845873E-02  0.144990772       3.03255860E-03
  0.203125000      0.828125000       4.84027565E-02  0.141771019       2.83708493E-03
  0.234375000      0.828125000       6.37820810E-02  0.135910302       1.98428030E-03
  0.265625000      0.828125000       7.90898502E-02  0.128370792       5.22610790E-04
  0.296875000      0.828125000       9.38353986E-02  0.119673654      -1.44178327E-03
  0.328125000      0.828125000      0.107623383      0.110122681      -3.77197354E-03
  0.359375000      0.828125000      0.120126113       9.99267548E-02  -6.31665019E-03
  0.390625000      0.828125000      0.131071150       8.92615765E-02  -8.92143603E-03
  0.421875000      0.828125000      0.140237123       7.82968029E-02  -1.14379879E-02
  0.453125000      0.828125000      0.147452921       6.72032237E-02  -1.37316901E-02
  0.484375000      0.828125000      0.152596921       5.61485663E-02  -1.56879220E-02
  0.515625000      0.828125000      0.155594230       4.52874452E-02  -1.72165018E-02
  0.546875000      0.828125000      0.156412065       3.47491801E-02  -1.82540603E-02
  0.578125000      0.828125000      0.155052215       2.46221311E-02  -1.87642481E-02
  0.609375000      0.828125000      0.151533097       1.49211697E-02  -1.87359024E-02
  0.640625000      0.828125000      0.145813420       5.48056746E-03  -1.81771703E-02
  0.671875000      0.828125000      0.137787968      -4.20528837E-03  -1.71544068E-02
  0.703125000      0.828125000      0.127606988      -1.43205104E-02  -1.57049336E-02
  0.734375000      0.828125000      0.115494832      -2.53099762E-02  -1.38089769E-02
  0.765625000      0.828125000      0.101478830      -3.84573750E-02  -1.14594707E-02
  0.796875000      0.828125000       8.55893195E-02  -5.64746782E-02  -8.59650970E-03
  0.828125000      0.828125000       6.78354874E-02  -8.46976414E-02  -5.05431974E-03
  0.859375000      0.828125000       4.79561202E-02 -0.132433489      -4.71122941E-04
  0.890625000      0.828125000       2.49393284E-02 -0.212301791       5.74770663E-03
  0.921875000      0.828125000      -2.63373367E-03 -0.333814859       1.41254198E-02
  0.953125000      0.828125000      -2.27348357E-02 -0.460741818       2.55329423E-02
  0.984375000      0.828125000      -1.38733825E-02 -0.439067721       3.23877931E-02
   1.56250000E-02  0.859375000      -4.26595611E-03   3.66796628E-02  -2.10383354E-04
   4.68750000E-02  0.859375000      -1.04095805E-02   8.20725262E-02   9.45170978E-05
   7.81250000E-02  0.859375000      -9.75430384E-03  0.109295532       1.25999853E-03
  0.109375000      0.859375000      -1.41597120E-03  0.124303535       2.74422858E-03
  0.140625000      0.859375000       1.19024226E-02  0.130009651       4.04901663E-03
  0.171875000      0.859375000       2.81009059E-02  0.129124358       4.88402555E-03
  0.203125000      0.859375000       4.59459722E-02  0.124970652       4.97499760E-03
  0.234375000      0.859375000       6.42701685E-02  0.119004123       4.28297045E-03
  0.265625000      0.859375000       8.22936893E-02  0.111943439       2.88621127E-03
  0.296875000      0.859375000       9.94853005E-02  0.104162537       9.18848207E-04
  0.328125000      0.859375000      0.115456939       9.58738774E-02  -1.46038551E-03
  0.359375000      0.859375000      0.129908904       8.72216374E-02  -4.08457778E-03
  0.390625000      0.859375000      0.142604679       7.83276409E-02  -6.78879768E-03
  0.421875000      0.859375000      0.153360710       6.93113059E-02  -9.41774435E-03
  0.453125000      0.859375000      0.162042558       6.02943078E-02  -1.18320724E-02
  0.484375000      0.859375000      0.168562800       5.13970107E-02  -1.39134601E-02
  0.515625000      0.859375000      0.172878206       4.27303165E-02  -1.55681251E-02
  0.546875000      0.859375000      0.174985558       3.43852639E-02  -1.67284198E-02
  0.578125000      0.859375000      0.174915522       2.64199022E-02  -1.73525251E-02
  0.609375000      0.859375000      0.172722697       1.88389719E-02  -1.74222030E-02
  0.640625000      0.859375000      0.168460160       1.15481028E-02  -1.69386454E-02
  0.671875000      0.859375000      0.162044317       4.17095795E-03  -1.59166604E-02
  0.703125000      0.859375000      0.153364509      -3.83432885E-03  -1.44065470E-02
  0.734375000      0.859375000      0.142641157      -1.29599404E-02  -1.24159735E-02
  0.765625000      0.859375000      0.130014881      -2.41655633E-02  -9.83022153E-03
  0.796875000      0.859375000      0.115361869      -4.02256846E-02  -6.47110026E-03
  0.828125000      0.859375000       9.85474586E-02  -6.63814694E-02  -1.98360439E-03
  0.859375000      0.859375000       7.90643170E-02 -0.111391619       4.31192061E-03
  0.890625000      0.859375000       5.55662215E-02 -0.186834544       1.34493075E-02
  0.921875000      0.859375000       2.61680298E-02 -0.302317649       2.62793675E-02
  0.953125000      0.859375000      -3.40170041E-03 -0.442575455       4.22347412E-02
  0.984375000      0.859375000      -8.27989541E-03 -0.461223602       5.40058687E-02
   1.56250000E-02  0.890625000      -9.09622293E-03   5.00404276E-02  -8.83755798E-04
   4.68750000E-02  0.890625000      -2.23288853E-02   8.80848020E-02  -2.73090845E-04
   7.81250000E-02  0.890625000      -2.39664987E-02  0.104261786       1.62978098E-03
  0.109375000      0.890625000      -1.44279692E-02  0.111456312       3.86678334E-03
  0.140625000      0.890625000       2.16013193E-03  0.112945952       5.67829050E-03
  0.171875000      0.890625000       2.23941170E-02  0.109751001       6.94856700E-03
  0.203125000      0.890625000       4.40518297E-02  0.104836807       7.26673100E-03
  0.234375000      0.890625000       6.58077747E-02   9.90538895E-02   6.66402653E-03
  0.265625000      0.890625000       8.68970901E-02   9.27776545E-02   5.26740868E-03
  0.296875000      0.890625000      0.106836602       8.61949697E-02   3.24345985E-03
  0.328125000      0.890625000      0.125294790       7.94104338E-02   7.72468920E-04
  0.359375000      0.890625000      0.142030209       7.24975988E-02  -1.96459913E-03
  0.390625000      0.890625000      0.156863481       6.55235648E-02  -4.79397923E-03
  0.421875000      0.890625000      0.169665545       5.85590973E-02  -7.55498512E-03
  0.453125000      0.890625000      0.180353105       5.16796522E-02  -1.01049189E-02
  0.484375000      0.890625000      0.188886076       4.49615493E-02  -1.23230033E-02
  0.515625000      0.890625000      0.195264816       3.84750888E-02  -1.41129894E-02
  0.546875000      0.890625000      0.199525476       3.22760642E-02  -1.54040046E-02
  0.578125000      0.890625000      0.201733142       2.63949372E-02  -1.61494911E-02
  0.609375000      0.890625000      0.201971740       2.08213255E-02  -1.63240898E-02
  0.640625000      0.890625000      0.200326711       1.54759884E-02  -1.59180891E-02
  0.671875000      0.890625000      0.196841776       1.01458672E-02  -1.49285067E-02
  0.703125000      0.890625000      0.191387206       4.32627834E-03  -1.33428238E-02
  0.734375000      0.890625000      0.183751583      -2.76139518E-03  -1.11641102E-02
  0.765625000      0.890625000      0.174055248      -1.20425150E-02  -8.33730958E-03
  0.796875000      0.890625000      0.162328482      -2.59713642E-02  -4.35545295E-03
  0.828125000      0.890625000      0.148032308      -4.95291948E-02   1.43426890E-03
  0.859375000      0.890625000      0.129828632      -9.05627161E-02   1.02183232E-02
  0.890625000      0.890625000      0.105043970     -0.159387842       2.37646699E-02
  0.921875000      0.890625000       7.05155134E-02 -0.265846014       4.36344519E-02
  0.953125000      0.890625000       2.79746223E-02 -0.406945407       6.85307235E-02
  0.984375000      0.890625000       2.74906121E-03 -0.466757655       8.86075050E-02
   1.56250000E-02  0.921875000      -1.58842336E-02   7.50193447E-02  -3.25904228E-03
   4.68750000E-02  0.921875000      -3.61034125E-02   9.65541750E-02  -1.42304564E-03
   7.81250000E-02  0.921875000      -3.59060057E-02   9.72283930E-02   1.87054917E-03
  0.109375000      0.921875000      -2.16427092E-02   9.46832225E-02   5.13646286E-03
  0.140625000      0.921875000       7.81085342E-04   9.07020420E-02   7.52790039E-03
  0.171875000      0.921875000       2.67548338E-02   8.57818052E-02   9.15464200E-03
  0.203125000      0.921875000       5.32328300E-02   8.06650147E-02   9.60229710E-03
  0.234375000      0.921875000       7.91874975E-02   7.55102411E-02   9.00713727E-03
  0.265625000      0.921875000      0.104048476       7.03669712E-02   7.54932966E-03
  0.296875000      0.921875000      0.127462342       6.52492270E-02   5.42529766E-03
  0.328125000      0.921875000      0.149195880       6.01624846E-02   2.83305184E-03
  0.359375000      0.921875000      0.169089243       5.51159382E-02  -3.58543766E-05
  0.390625000      0.921875000      0.187033981       5.01274653E-02  -3.00146337E-03
  0.421875000      0.921875000      0.202963710       4.52245772E-02  -5.89969521E-03
  0.453125000      0.921875000      0.216850147       4.04421538E-02  -8.58600531E-03
  0.484375000      0.921875000      0.228700548       3.58182266E-02  -1.09384218E-02
  0.515625000      0.921875000      0.238554597       3.13885808E-02  -1.28593454E-02
  0.546875000      0.921875000      0.246479243       2.71804035E-02  -1.42757781E-02
  0.578125000      0.921875000      0.252560854       2.32044049E-02  -1.51374834E-02
  0.609375000      0.921875000      0.256893396       1.94434710E-02  -1.54127246E-02
  0.640625000      0.921875000      0.259561211       1.58333741E-02  -1.50807630E-02
  0.671875000      0.921875000      0.260610640       1.22256093E-02  -1.41194295E-02
  0.703125000      0.921875000      0.260002434       8.31009448E-03  -1.24845766E-02
  0.734375000      0.921875000      0.257491767       3.40078166E-03  -1.00741135E-02
  0.765625000      0.921875000      0.252767444      -3.78550263E-03  -6.79318141E-03
  0.796875000      0.921875000      0.245606840      -1.53439874E-02  -1.97761925E-03
  0.828125000      0.921875000      0.235016018      -3.52743678E-02   5.64728305E-03
  0.859375000      0.921875000      0.218210161      -6.98146373E-02   1.79641955E-02
  0.890625000      0.921875000      0.190361053     -0.127510473       3.78223807E-02
  0.921875000      0.921875000      0.145579964     -0.218423411       6.81328028E-02
  0.953125000      0.921875000       8.18716437E-02 -0.348129094      0.108310804    
  0.984375000      0.921875000       2.27632914E-02 -0.441248953      0.144246385    
   1.56250000E-02  0.953125000      -1.66968890E-02  0.107598834      -1.07630044E-02
   4.68750000E-02  0.953125000      -2.75690444E-02   9.50622410E-02  -3.74653493E-03
   7.81250000E-02  0.953125000      -8.21698830E-03   7.91663229E-02   2.08992325E-03
  0.109375000      0.953125000       2.15011965E-02   6.87587038E-02   6.59153331E-03
  0.140625000      0.953125000       5.44033796E-02   6.12949058E-02   9.70876589E-03
  0.171875000      0.953125000       8.77280831E-02   5.58844805E-02   1.14681199E-02
  0.203125000      0.953125000      0.120422423       5.13840243E-02   1.19203124E-02
  0.234375000      0.953125000      0.151839346       4.74140868E-02   1.12544103E-02
  0.265625000      0.953125000      0.181654900       4.37818691E-02   9.68738552E-03
  0.296875000      0.953125000      0.209693864       4.03777584E-02   7.43653812E-03
  0.328125000      0.953125000      0.235854238       3.71374525E-02   4.71116789E-03
  0.359375000      0.953125000      0.260075837       3.40246148E-02   1.70877983E-03
  0.390625000      0.953125000      0.282327771       3.10218465E-02  -1.38773769E-03
  0.421875000      0.953125000      0.302603871       2.81250738E-02  -4.41313069E-03
  0.453125000      0.953125000      0.320921361       2.53392980E-02  -7.22258352E-03
  0.484375000      0.953125000      0.337319672       2.26745121E-02  -9.69409011E-03
  0.515625000      0.953125000      0.351858675       2.01418512E-02  -1.17297554E-02
  0.546875000      0.953125000      0.364614516       1.77494437E-02  -1.32554621E-02
  0.578125000      0.953125000      0.375673294       1.54977925E-02  -1.42184366E-02
  0.609375000      0.953125000      0.385120571       1.33727696E-02  -1.45817976E-02
  0.640625000      0.953125000      0.393025011       1.13339080E-02  -1.43148061E-02
  0.671875000      0.953125000      0.399411559       9.29046422E-03  -1.33757936E-02
  0.703125000      0.953125000      0.404219866       7.04566855E-03  -1.16814096E-02
  0.734375000      0.953125000      0.407252908       4.14224155E-03  -9.05111246E-03
  0.765625000      0.953125000      0.408084512      -6.36079872E-04  -5.10512851E-03
  0.796875000      0.953125000      0.405647218      -8.89900234E-03   1.07857701E-03
  0.828125000      0.953125000      0.397536218      -2.30229199E-02   1.12096295E-02
  0.859375000      0.953125000      0.379287064      -4.70183417E-02   2.80587357E-02
  0.890625000      0.953125000      0.343738109      -8.69177803E-02   5.58234043E-02
  0.921875000      0.953125000      0.281051695     -0.151558951       9.95910242E-02
  0.953125000      0.953125000      0.181804776     -0.252049237      0.162086397    
  0.984375000      0.953125000       6.10322282E-02 -0.357457310      0.229465723    
   1.56250000E-02  0.984375000       6.21469319E-02   6.21474460E-02  -2.84786578E-02
   4.68750000E-02  0.984375000      0.168911338       4.46182117E-02  -3.16144060E-03
   7.81250000E-02  0.984375000      0.246346831       3.28188837E-02   5.59718953E-03
  0.109375000      0.984375000      0.305447042       2.62832157E-02   1.01944618E-02
  0.140625000      0.984375000      0.354019135       2.22910177E-02   1.29608735E-02
  0.171875000      0.984375000      0.395942628       1.96347535E-02   1.43633410E-02
  0.203125000      0.984375000      0.433225870       1.76507607E-02   1.45279430E-02
  0.234375000      0.984375000      0.466912806       1.60383694E-02   1.36253498E-02
  0.265625000      0.984375000      0.497599870       1.46505795E-02   1.18560046E-02
  0.296875000      0.984375000      0.525657773       1.34087466E-02   9.42739006E-03
  0.328125000      0.984375000      0.551333427       1.22679649E-02   6.54284377E-03
  0.359375000      0.984375000      0.574802518       1.12018557E-02   3.39588523E-03
  0.390625000      0.984375000      0.596199393       1.01952851E-02   1.66356389E-04
  0.421875000      0.984375000      0.615635037       9.24025476E-03  -2.98279617E-03
  0.453125000      0.984375000      0.633209288       8.33353214E-03  -5.90867363E-03
  0.484375000      0.984375000      0.649018168       7.47470325E-03  -8.49059410E-03
  0.515625000      0.984375000      0.663158298       6.66459510E-03  -1.06313303E-02
  0.546875000      0.984375000      0.675727546       5.90379396E-03  -1.22565366E-02
  0.578125000      0.984375000      0.686823368       5.19110728E-03  -1.33120753E-02
  0.609375000      0.984375000      0.696536481       4.52114874E-03  -1.37575734E-02
  0.640625000      0.984375000      0.704938769       3.88047216E-03  -1.35548767E-02
  0.671875000      0.984375000      0.712058425       3.23875644E-03  -1.26459785E-02
  0.703125000      0.984375000      0.717822552       2.52525997E-03  -1.09064579E-02
  0.734375000      0.984375000      0.721899390       1.55200763E-03  -8.02971795E-03
  0.765625000      0.984375000      0.723235369      -2.15233711E-04  -3.19081894E-03
  0.796875000      0.984375000      0.719684124      -3.33459466E-03   4.56370320E-03
  0.828125000      0.984375000      0.707775235      -8.57227109E-03   1.71690434E-02
  0.859375000      0.984375000      0.681874692      -1.73256528E-02   3.81545350E-02
  0.890625000      0.984375000      0.632675529      -3.18702534E-02   7.27982968E-02
  0.921875000      0.984375000      0.544774055      -5.60275577E-02  0.128162235    
  0.953125000      0.984375000      0.392586827      -9.61558595E-02  0.211450905    
  0.984375000      0.984375000      0.148214549     -0.148213506      0.323068738    
