 VARIABLES="X","Y","U","V","P"
 ZONE F=POINT, I=          32 , J=          32
   1.56250000E-02   1.56250000E-02   4.75622859E-04  -4.76392452E-04   3.81853059E-02
   4.68750000E-02   1.56250000E-02   1.67325267E-03  -7.23042060E-04   3.81568037E-02
   7.81250000E-02   1.56250000E-02   2.88934354E-03  -4.95104934E-04   3.80100310E-02
  0.109375000       1.56250000E-02   3.47859878E-03  -9.61866026E-05   3.77678573E-02
  0.140625000       1.56250000E-02   3.25899781E-03   3.13774013E-04   3.74568403E-02
  0.171875000       1.56250000E-02   2.23619305E-03   7.07043975E-04   3.70890126E-02
  0.203125000       1.56250000E-02   4.04230464E-04   1.12295302E-03   3.66645902E-02
  0.234375000       1.56250000E-02  -2.32142606E-03   1.60076818E-03   3.61831933E-02
  0.265625000       1.56250000E-02  -6.06605783E-03   2.14197533E-03   3.56547907E-02
  0.296875000       1.56250000E-02  -1.09122358E-02   2.70236167E-03   3.51069644E-02
  0.328125000       1.56250000E-02  -1.68127362E-02   3.19634005E-03   3.45882475E-02
  0.359375000       1.56250000E-02  -2.35149488E-02   3.50413099E-03   3.41663510E-02
  0.390625000       1.56250000E-02  -3.05102076E-02   3.48943844E-03   3.39186452E-02
  0.421875000       1.56250000E-02  -3.70371342E-02   3.03583941E-03   3.39139588E-02
  0.453125000       1.56250000E-02  -4.21650037E-02   2.09039869E-03   3.41898054E-02
  0.484375000       1.56250000E-02  -4.49498221E-02   6.92786532E-04   3.47310528E-02
  0.515625000       1.56250000E-02  -4.46247384E-02  -1.01950543E-03   3.54558527E-02
  0.546875000       1.56250000E-02  -4.07914147E-02  -2.81545706E-03   3.62182595E-02
  0.578125000       1.56250000E-02  -3.35448310E-02  -4.43278346E-03   3.68189812E-02
  0.609375000       1.56250000E-02  -2.35111751E-02  -5.60252415E-03   3.70481797E-02
  0.640625000       1.56250000E-02  -1.18176192E-02  -6.09265035E-03   3.67465839E-02
  0.671875000       1.56250000E-02   3.79648991E-05  -5.76447276E-03   3.58671397E-02
  0.703125000       1.56250000E-02   1.04326680E-02  -4.63165343E-03   3.45079787E-02
  0.734375000       1.56250000E-02   1.79803986E-02  -2.91738077E-03   3.28838900E-02
  0.765625000       1.56250000E-02   2.19009854E-02  -1.00439228E-03   3.12555879E-02
  0.796875000       1.56250000E-02   2.22336389E-02   6.70638401E-04   2.98399422E-02
  0.828125000       1.56250000E-02   1.97605379E-02   1.80142245E-03   2.87509188E-02
  0.859375000       1.56250000E-02   1.56258047E-02   2.33231252E-03   2.80055813E-02
  0.890625000       1.56250000E-02   1.09030716E-02   2.38944404E-03   2.75570508E-02
  0.921875000       1.56250000E-02   6.38172869E-03   2.13093334E-03   2.73372419E-02
  0.953125000       1.56250000E-02   2.67861341E-03   1.57121767E-03   2.72878259E-02
  0.984375000       1.56250000E-02   5.53456543E-04   5.53147693E-04   2.73558870E-02
   1.56250000E-02   4.68750000E-02   7.49448140E-04  -1.70326489E-03   3.82118374E-02
   4.68750000E-02   4.68750000E-02   2.30931840E-03  -2.25781277E-03   3.81784812E-02
   7.81250000E-02   4.68750000E-02   3.27560189E-03  -1.14736543E-03   3.80396917E-02
  0.109375000       4.68750000E-02   2.61762389E-03   6.20178995E-04   3.78237814E-02
  0.140625000       4.68750000E-02  -9.50432150E-05   2.52510002E-03   3.75519171E-02
  0.171875000       4.68750000E-02  -5.04633738E-03   4.46529267E-03   3.72299738E-02
  0.203125000       4.68750000E-02  -1.23891681E-02   6.53502764E-03   3.68521698E-02
  0.234375000       4.68750000E-02  -2.22688131E-02   8.78960080E-03   3.64116728E-02
  0.265625000       4.68750000E-02  -3.46868001E-02   1.11114699E-02   3.59102935E-02
  0.296875000       4.68750000E-02  -4.93084043E-02   1.31964646E-02   3.53658535E-02
  0.328125000       4.68750000E-02  -6.53290376E-02   1.46193085E-02   3.48175392E-02
  0.359375000       4.68750000E-02  -8.14876407E-02   1.49380248E-02   3.43277603E-02
  0.390625000       4.68750000E-02  -9.62449312E-02   1.38042839E-02   3.39761451E-02
  0.421875000       4.68750000E-02 -0.108052529       1.10518355E-02   3.38424221E-02
  0.453125000       4.68750000E-02 -0.115598843       6.74494775E-03   3.39810476E-02
  0.484375000       4.68750000E-02 -0.117963403       1.18399493E-03   3.43949646E-02
  0.515625000       4.68750000E-02 -0.114684686      -5.11814142E-03   3.50172482E-02
  0.546875000       4.68750000E-02 -0.105757989      -1.14804888E-02   3.57046910E-02
  0.578125000       4.68750000E-02  -9.16233808E-02  -1.71526503E-02   3.62598337E-02
  0.609375000       4.68750000E-02  -7.31913596E-02  -2.13520210E-02   3.64703760E-02
  0.640625000       4.68750000E-02  -5.18611372E-02  -2.33705305E-02   3.61718461E-02
  0.671875000       4.68750000E-02  -2.94783004E-02  -2.27284394E-02   3.53120342E-02
  0.703125000       4.68750000E-02  -8.18426628E-03  -1.93595961E-02   3.39865610E-02
  0.734375000       4.68750000E-02   9.85988416E-03  -1.37842204E-02   3.24169137E-02
  0.765625000       4.68750000E-02   2.28820890E-02  -7.08299736E-03   3.08682062E-02
  0.796875000       4.68750000E-02   2.99502127E-02  -6.53998810E-04   2.95583047E-02
  0.828125000       4.68750000E-02   3.12099718E-02   4.33705794E-03   2.85926610E-02
  0.859375000       4.68750000E-02   2.77928598E-02   7.34625850E-03   2.79591009E-02
  0.890625000       4.68750000E-02   2.13974603E-02   8.49140622E-03   2.75891498E-02
  0.921875000       4.68750000E-02   1.37924496E-02   8.15312099E-03   2.74046138E-02
  0.953125000       4.68750000E-02   6.62621716E-03   6.41618110E-03   2.73525696E-02
  0.984375000       4.68750000E-02   1.67592708E-03   2.78177997E-03   2.74203233E-02
   1.56250000E-02   7.81250000E-02   4.85604396E-04  -2.94038351E-03   3.83640453E-02
   4.68750000E-02   7.81250000E-02   9.68406443E-04  -3.06804990E-03   3.83027755E-02
   7.81250000E-02   7.81250000E-02  -1.99687958E-04  -1.40529883E-04   3.81519943E-02
  0.109375000       7.81250000E-02  -4.03019600E-03   4.09665797E-03   3.79427858E-02
  0.140625000       7.81250000E-02  -1.10577401E-02   8.78370274E-03   3.76911163E-02
  0.171875000       7.81250000E-02  -2.16200985E-02   1.37152625E-02   3.73905785E-02
  0.203125000       7.81250000E-02  -3.59111726E-02   1.89139508E-02   3.70190740E-02
  0.234375000       7.81250000E-02  -5.38353808E-02   2.42096018E-02   3.65515240E-02
  0.265625000       7.81250000E-02  -7.47911185E-02   2.90603731E-02   3.59728336E-02
  0.296875000       7.81250000E-02  -9.75772887E-02   3.26506533E-02   3.52904163E-02
  0.328125000       7.81250000E-02 -0.120534852       3.41388322E-02   3.45450900E-02
  0.359375000       7.81250000E-02 -0.141864508       3.29024196E-02   3.38147804E-02
  0.390625000       7.81250000E-02 -0.159950167       2.86787190E-02   3.32047828E-02
  0.421875000       7.81250000E-02 -0.173550397       2.15812810E-02   3.28243189E-02
  0.453125000       7.81250000E-02 -0.181831390       1.20389201E-02   3.27555090E-02
  0.484375000       7.81250000E-02 -0.184299916       7.19297910E-04   3.30246352E-02
  0.515625000       7.81250000E-02 -0.180711463      -1.15244407E-02   3.35758477E-02
  0.546875000       7.81250000E-02 -0.171024621      -2.36916095E-02   3.42688970E-02
  0.578125000       7.81250000E-02 -0.155453026      -3.46516818E-02   3.49032730E-02
  0.609375000       7.81250000E-02 -0.134562910      -4.31790575E-02   3.52506414E-02
  0.640625000       7.81250000E-02 -0.109372519      -4.80679497E-02   3.51178460E-02
  0.671875000       7.81250000E-02  -8.14404041E-02  -4.83496562E-02   3.44174094E-02
  0.703125000       7.81250000E-02  -5.28694764E-02  -4.36067693E-02   3.32160741E-02
  0.734375000       7.81250000E-02  -2.61457544E-02  -3.43080536E-02   3.17279175E-02
  0.765625000       7.81250000E-02  -3.75543558E-03  -2.19745897E-02   3.02388538E-02
  0.796875000       7.81250000E-02   1.23602413E-02  -8.94891471E-03   2.89944522E-02
  0.828125000       7.81250000E-02   2.13478338E-02   2.38205213E-03   2.81183701E-02
  0.859375000       7.81250000E-02   2.36386657E-02   1.04250349E-02   2.76005194E-02
  0.890625000       7.81250000E-02   2.06932053E-02   1.47509929E-02   2.73417979E-02
  0.921875000       7.81250000E-02   1.45441573E-02   1.56450979E-02   2.72389613E-02
  0.953125000       7.81250000E-02   7.44612515E-03   1.31859779E-02   2.72288769E-02
  0.984375000       7.81250000E-02   1.97472307E-03   6.43154141E-03   2.73147989E-02
   1.56250000E-02  0.109375000      -1.94378285E-04  -3.23368842E-03   3.86375636E-02
   4.68750000E-02  0.109375000      -1.90250028E-03  -1.55413058E-03   3.85235921E-02
   7.81250000E-02  0.109375000      -6.64386060E-03   4.24977299E-03   3.83438803E-02
  0.109375000      0.109375000      -1.50905997E-02   1.19784158E-02   3.81182730E-02
  0.140625000      0.109375000      -2.77402066E-02   2.05739588E-02   3.78472619E-02
  0.171875000      0.109375000      -4.49067652E-02   2.96488460E-02   3.75017822E-02
  0.203125000      0.109375000      -6.65159300E-02   3.88755873E-02   3.70315462E-02
  0.234375000      0.109375000      -9.18657780E-02   4.75171059E-02   3.63840312E-02
  0.265625000      0.109375000     -0.119572416       5.44104911E-02   3.55272293E-02
  0.296875000      0.109375000     -0.147807837       5.83175868E-02   3.44711132E-02
  0.328125000      0.109375000     -0.174704313       5.83216585E-02   3.32806371E-02
  0.359375000      0.109375000     -0.198692039       5.40329516E-02   3.20725515E-02
  0.390625000      0.109375000     -0.218632579       4.55706343E-02   3.09948213E-02
  0.421875000      0.109375000     -0.233771309       3.34248319E-02   3.01949009E-02
  0.453125000      0.109375000     -0.243612647       1.83143001E-02   2.97863018E-02
  0.484375000      0.109375000     -0.247802794       1.09929952E-03   2.98210606E-02
  0.515625000      0.109375000     -0.246056929      -1.72420908E-02   3.02678961E-02
  0.546875000      0.109375000     -0.238144994      -3.55761573E-02   3.10059991E-02
  0.578125000      0.109375000     -0.223937601      -5.25495820E-02   3.18425670E-02
  0.609375000      0.109375000     -0.203499794      -6.66126013E-02   3.25373262E-02
  0.640625000      0.109375000     -0.177246600      -7.60814846E-02   3.28568853E-02
  0.671875000      0.109375000     -0.146157727      -7.93605298E-02   3.26455645E-02
  0.703125000      0.109375000     -0.111980796      -7.53469989E-02   3.18896323E-02
  0.734375000      0.109375000      -7.72961602E-02  -6.39792010E-02   3.07402723E-02
  0.765625000      0.109375000      -4.52715494E-02  -4.67211902E-02   2.94662192E-02
  0.796875000      0.109375000      -1.89962331E-02  -2.65959483E-02   2.83446386E-02
  0.828125000      0.109375000      -5.59055246E-04  -7.39820022E-03   2.75478419E-02
  0.859375000      0.109375000       9.59693640E-03   7.75598455E-03   2.71023456E-02
  0.890625000      0.109375000       1.25754289E-02   1.73845291E-02   2.69225016E-02
  0.921875000      0.109375000       1.04476381E-02   2.12859008E-02   2.68883221E-02
  0.953125000      0.109375000       5.78911789E-03   1.92992147E-02   2.69181766E-02
  0.984375000      0.109375000       1.58565247E-03   9.99102369E-03   2.70039961E-02
   1.56250000E-02  0.140625000      -1.23889034E-03  -1.80252129E-03   3.89994904E-02
   4.68750000E-02  0.140625000      -6.01739716E-03   3.49658309E-03   3.88160683E-02
   7.81250000E-02  0.140625000      -1.53155047E-02   1.32332500E-02   3.85918990E-02
  0.109375000      0.140625000      -2.92055197E-02   2.53264625E-02   3.83126847E-02
  0.140625000      0.140625000      -4.79845516E-02   3.86493802E-02   3.79470140E-02
  0.171875000      0.140625000      -7.16867000E-02   5.24370521E-02   3.74299325E-02
  0.203125000      0.140625000      -9.96973664E-02   6.57022446E-02   3.66743654E-02
  0.234375000      0.140625000     -0.130646378       7.69845247E-02   3.56022120E-02
  0.265625000      0.140625000     -0.162658721       8.46575350E-02   3.41802202E-02
  0.296875000      0.140625000     -0.193808556       8.74516442E-02   3.24461386E-02
  0.328125000      0.140625000     -0.222495049       8.47668052E-02   3.05138640E-02
  0.359375000      0.140625000     -0.247583494       7.66606182E-02   2.85558291E-02
  0.390625000      0.140625000     -0.268354744       6.36517256E-02   2.67705210E-02
  0.421875000      0.140625000     -0.284383893       4.65088896E-02   2.53463704E-02
  0.453125000      0.140625000     -0.295424163       2.61093322E-02   2.44300067E-02
  0.484375000      0.140625000     -0.301309407       3.37722851E-03   2.41022892E-02
  0.515625000      0.140625000     -0.301868469      -2.07093097E-02   2.43680347E-02
  0.546875000      0.140625000     -0.296846867      -4.50450480E-02   2.51462329E-02
  0.578125000      0.140625000     -0.285867393      -6.82702512E-02   2.62706652E-02
  0.609375000      0.140625000     -0.268477470      -8.87224823E-02   2.75094993E-02
  0.640625000      0.140625000     -0.244313508     -0.104391694       2.86005549E-02
  0.671875000      0.140625000     -0.213401452     -0.113054186       2.93072965E-02
  0.703125000      0.140625000     -0.176570863     -0.112663761       2.94877291E-02
  0.734375000      0.140625000     -0.135867059     -0.102053702       2.91509554E-02
  0.765625000      0.140625000      -9.47092474E-02  -8.18317831E-02   2.84643508E-02
  0.796875000      0.140625000      -5.74376881E-02  -5.50347827E-02   2.76857540E-02
  0.828125000      0.140625000      -2.80467551E-02  -2.67899428E-02   2.70449780E-02
  0.859375000      0.140625000      -8.58570822E-03  -2.47175503E-03   2.66514458E-02
  0.890625000      0.140625000       1.47803104E-03   1.45675838E-02   2.64865197E-02
  0.921875000      0.140625000       4.41560335E-03   2.32905820E-02   2.64577642E-02
  0.953125000      0.140625000       3.17497319E-03   2.31911745E-02   2.64833663E-02
  0.984375000      0.140625000       9.49785870E-04   1.25255724E-02   2.65404321E-02
   1.56250000E-02  0.171875000      -2.56957626E-03   2.00379686E-03   3.93748246E-02
   4.68750000E-02  0.171875000      -1.09831952E-02   1.28775444E-02   3.91123146E-02
   7.81250000E-02  0.171875000      -2.52558887E-02   2.74177380E-02   3.88220735E-02
  0.109375000      0.171875000      -4.46719676E-02   4.44428027E-02   3.84271368E-02
  0.140625000      0.171875000      -6.91681877E-02   6.28031269E-02   3.78466025E-02
  0.171875000      0.171875000      -9.83094275E-02   8.11216682E-02   3.69693451E-02
  0.203125000      0.171875000     -0.130893633       9.76077020E-02   3.56734097E-02
  0.234375000      0.171875000     -0.165091053      0.110221013       3.38729769E-02
  0.265625000      0.171875000     -0.198893666      0.117231935       3.15629989E-02
  0.296875000      0.171875000     -0.230555400      0.117685303       2.88391374E-02
  0.328125000      0.171875000     -0.258812189      0.111473516       2.58860365E-02
  0.359375000      0.171875000     -0.282896161       9.91239622E-02   2.29427293E-02
  0.390625000      0.171875000     -0.302459121       8.15206617E-02   2.02602632E-02
  0.421875000      0.171875000     -0.317471802       5.96801490E-02   1.80634242E-02
  0.453125000      0.171875000     -0.328101456       3.46066318E-02   1.65231247E-02
  0.484375000      0.171875000     -0.334566534       7.22897984E-03   1.57401524E-02
  0.515625000      0.171875000     -0.336987793      -2.15821303E-02   1.57444626E-02
  0.546875000      0.171875000     -0.335252285      -5.09308204E-02   1.65027790E-02
  0.578125000      0.171875000     -0.328901082      -7.97168091E-02   1.78930908E-02
  0.609375000      0.171875000     -0.317097992     -0.106470764       1.97261441E-02
  0.640625000      0.171875000     -0.298728347     -0.129179060       2.17549428E-02
  0.671875000      0.171875000     -0.272671044     -0.145238370       2.36992091E-02
  0.703125000      0.171875000     -0.238306135     -0.151677489       2.52918694E-02
  0.734375000      0.171875000     -0.196235508     -0.145816833       2.63447613E-02
  0.765625000      0.171875000     -0.149020195     -0.126444191       2.68129595E-02
  0.796875000      0.171875000     -0.101453304      -9.52632427E-02   2.68149376E-02
  0.828125000      0.171875000      -5.96640259E-02  -5.77440709E-02   2.65739784E-02
  0.859375000      0.171875000      -2.87196618E-02  -2.19254326E-02   2.63031870E-02
  0.890625000      0.171875000      -1.00554330E-02   5.29086404E-03   2.61177681E-02
  0.921875000      0.171875000      -1.43261650E-03   2.10044496E-02   2.60255672E-02
  0.953125000      0.171875000       8.51503981E-04   2.44313367E-02   2.59873699E-02
  0.984375000      0.171875000       4.42751159E-04   1.39172347E-02   2.59891879E-02
   1.56250000E-02  0.203125000      -4.03080415E-03   8.60197656E-03   3.96354124E-02
   4.68750000E-02  0.203125000      -1.62005126E-02   2.68577449E-02   3.92876752E-02
   7.81250000E-02  0.203125000      -3.52324396E-02   4.67367321E-02   3.88954729E-02
  0.109375000      0.203125000      -5.95209897E-02   6.88231513E-02   3.82938646E-02
  0.140625000      0.203125000      -8.85377228E-02   9.19306055E-02   3.73396650E-02
  0.171875000      0.203125000     -0.121330813      0.113923654       3.58749889E-02
  0.203125000      0.203125000     -0.156229377      0.132284075       3.37600932E-02
  0.234375000      0.203125000     -0.191178083      0.144686878       3.09342630E-02
  0.265625000      0.203125000     -0.224225134      0.149612382       2.74584629E-02
  0.296875000      0.203125000     -0.253862470      0.146601349       2.35173572E-02
  0.328125000      0.203125000     -0.279154480      0.136104435       1.93844866E-02
  0.359375000      0.203125000     -0.299735487      0.119156823       1.53688071E-02
  0.390625000      0.203125000     -0.315737128       9.70517248E-02   1.17628593E-02
  0.421875000      0.203125000     -0.327650219       7.10745230E-02   8.80549941E-03
  0.453125000      0.203125000     -0.336135507       4.23271060E-02   6.66436413E-03
  0.484375000      0.203125000     -0.341826558       1.16646225E-02   5.43451170E-03
  0.515625000      0.203125000     -0.345161676      -2.02615559E-02   5.14611369E-03
  0.546875000      0.203125000     -0.346256852      -5.28920516E-02   5.79516031E-03
  0.578125000      0.203125000     -0.344773471      -8.55906084E-02   7.30977207E-03
  0.609375000      0.203125000     -0.339807630     -0.117366597       9.57156345E-03
  0.640625000      0.203125000     -0.329855710     -0.146605730       1.24056367E-02
  0.671875000      0.203125000     -0.312915325     -0.170810610       1.55699681E-02
  0.703125000      0.203125000     -0.286868393     -0.186518729       1.87554285E-02
  0.734375000      0.203125000     -0.250267804     -0.189648703       2.16140132E-02
  0.765625000      0.203125000     -0.203513980     -0.176583484       2.38308497E-02
  0.796875000      0.203125000     -0.150072783     -0.146134228       2.52298843E-02
  0.828125000      0.203125000      -9.68427509E-02 -0.101894677       2.58548558E-02
  0.859375000      0.203125000      -5.23492843E-02  -5.32150045E-02   2.59423219E-02
  0.890625000      0.203125000      -2.24108845E-02  -1.20245973E-02   2.57851370E-02
  0.921875000      0.203125000      -6.72162930E-03   1.40054086E-02   2.55924985E-02
  0.953125000      0.203125000      -7.90414168E-04   2.32126042E-02   2.54439935E-02
  0.984375000      0.203125000       1.96548848E-04   1.45556703E-02   2.53718570E-02
   1.56250000E-02  0.234375000      -5.40538179E-03   1.80359259E-02   3.96066941E-02
   4.68750000E-02  0.234375000      -2.09439769E-02   4.51270901E-02   3.91676873E-02
   7.81250000E-02  0.234375000      -4.39325832E-02   7.04824403E-02   3.86221372E-02
  0.109375000      0.234375000      -7.18619972E-02   9.72901285E-02   3.77031676E-02
  0.140625000      0.234375000     -0.103709176      0.124322541       3.62030044E-02
  0.171875000      0.234375000     -0.138067588      0.148678631       3.39303799E-02
  0.203125000      0.234375000     -0.172960997      0.167317182       3.07596996E-02
  0.234375000      0.234375000     -0.206275031      0.177913427       2.66979877E-02
  0.265625000      0.234375000     -0.236211956      0.179367453       2.19120793E-02
  0.296875000      0.234375000     -0.261564523      0.171834752       1.67016629E-02
  0.328125000      0.234375000     -0.281818509      0.156416431       1.14349704E-02
  0.359375000      0.234375000     -0.297127396      0.134734780       6.47546956E-03
  0.390625000      0.234375000     -0.308167338      0.108515903       2.12543062E-03
  0.421875000      0.234375000     -0.315903842       7.92607963E-02  -1.40051648E-03
  0.453125000      0.234375000     -0.321348041       4.80713882E-02  -3.97396181E-03
  0.484375000      0.234375000     -0.325372100       1.56365875E-02  -5.53450780E-03
  0.515625000      0.234375000     -0.328597039      -1.76724438E-02  -6.07061479E-03
  0.546875000      0.234375000     -0.331327498      -5.16546741E-02  -5.59195969E-03
  0.578125000      0.234375000     -0.333474576      -8.61635804E-02  -4.13063494E-03
  0.609375000      0.234375000     -0.334421843     -0.120811783      -1.73403881E-03
  0.640625000      0.234375000     -0.332846314     -0.154687881       1.52266957E-03
  0.671875000      0.234375000     -0.326568186     -0.185947269       5.50851552E-03
  0.703125000      0.234375000     -0.312603742     -0.211394191       9.99501348E-03
  0.734375000      0.234375000     -0.287675112     -0.226303607       1.46176815E-02
  0.765625000      0.234375000     -0.249405697     -0.224953294       1.88799743E-02
  0.796875000      0.234375000     -0.198181227     -0.202431977       2.22531222E-02
  0.828125000      0.234375000     -0.139043003     -0.157967359       2.43832693E-02
  0.859375000      0.234375000      -8.19636658E-02  -9.87174511E-02   2.52912119E-02
  0.890625000      0.234375000      -3.81459929E-02  -4.02806364E-02   2.53604725E-02
  0.921875000      0.234375000      -1.27460742E-02   1.16984686E-03   2.50903554E-02
  0.953125000      0.234375000      -2.22974038E-03   1.95981972E-02   2.48114355E-02
  0.984375000      0.234375000       9.99707336E-05   1.48513364E-02   2.46523730E-02
   1.56250000E-02  0.265625000      -6.46865973E-03   2.99077202E-02   3.90979536E-02
   4.68750000E-02  0.265625000      -2.45246831E-02   6.68449104E-02   3.85617763E-02
   7.81250000E-02  0.265625000      -5.02292700E-02   9.74523872E-02   3.78039703E-02
  0.109375000      0.265625000      -8.02332237E-02  0.128248408       3.64586711E-02
  0.140625000      0.265625000     -0.113050990      0.158024520       3.42643633E-02
  0.171875000      0.265625000     -0.146940023      0.183220044       3.10229771E-02
  0.203125000      0.265625000     -0.179781824      0.200507820       2.66642682E-02
  0.234375000      0.265625000     -0.209544688      0.207797527       2.13063434E-02
  0.265625000      0.265625000     -0.234704018      0.204578459       1.52527997E-02
  0.296875000      0.265625000     -0.254482925      0.191755027       8.92600324E-03
  0.328125000      0.265625000     -0.268912017      0.171179876       2.76998687E-03
  0.359375000      0.265625000     -0.278706968      0.145076334      -2.83594732E-03
  0.390625000      0.265625000     -0.284993917      0.115502864      -7.62400031E-03
  0.421875000      0.265625000     -0.288992286       8.40106010E-02  -1.14403013E-02
  0.453125000      0.265625000     -0.291777551       5.15531078E-02  -1.42191993E-02
  0.484375000      0.265625000     -0.294175804       1.85792800E-02  -1.59489866E-02
  0.515625000      0.265625000     -0.296758592      -1.48054082E-02  -1.66423041E-02
  0.546875000      0.265625000     -0.299866676      -4.86812666E-02  -1.63321383E-02
  0.578125000      0.265625000     -0.303630471      -8.32243562E-02  -1.50317121E-02
  0.609375000      0.265625000     -0.307889819     -0.118543006      -1.27453050E-02
  0.640625000      0.265625000     -0.311954141     -0.154466838      -9.47026908E-03
  0.671875000      0.265625000     -0.314257324     -0.190142661      -5.21807652E-03
  0.703125000      0.265625000     -0.312017351     -0.223403111      -6.39525460E-05
  0.734375000      0.265625000     -0.301199019     -0.250041991       5.76953543E-03
  0.765625000      0.265625000     -0.277218699     -0.263465554       1.18178185E-02
  0.796875000      0.265625000     -0.236781001     -0.255583405       1.73519440E-02
  0.828125000      0.265625000     -0.180769652     -0.219967470       2.15547215E-02
  0.859375000      0.265625000     -0.116977766     -0.157590836       2.39263754E-02
  0.890625000      0.265625000      -5.95908612E-02  -8.26142579E-02   2.46394891E-02
  0.921875000      0.265625000      -2.15642415E-02  -1.99255385E-02   2.44204216E-02
  0.953125000      0.265625000      -4.34739701E-03   1.29579781E-02   2.40160432E-02
  0.984375000      0.265625000      -6.90297820E-05   1.48814330E-02   2.37550009E-02
   1.56250000E-02  0.296875000      -7.04293000E-03   4.34171110E-02   3.79504934E-02
   4.68750000E-02  0.296875000      -2.64347568E-02   9.07784849E-02   3.73143367E-02
   7.81250000E-02  0.296875000      -5.33784665E-02  0.126161873       3.62923145E-02
  0.109375000      0.296875000      -8.38100463E-02  0.159969598       3.44395228E-02
  0.140625000      0.296875000     -0.115853935      0.191160768       3.14630494E-02
  0.171875000      0.296875000     -0.147576094      0.215691626       2.71921270E-02
  0.203125000      0.296875000     -0.176879719      0.230179340       2.16520056E-02
  0.234375000      0.296875000     -0.201964676      0.232972637       1.51033234E-02
  0.265625000      0.296875000     -0.221718401      0.224316329       7.99492374E-03
  0.296875000      0.296875000     -0.235907733      0.205986306       8.51264107E-04
  0.328125000      0.296875000     -0.245137617      0.180609256      -5.85119892E-03
  0.359375000      0.296875000     -0.250581324      0.150887817      -1.17663834E-02
  0.390625000      0.296875000     -0.253590375      0.118989944      -1.66977849E-02
  0.421875000      0.296875000     -0.255358726       8.62930268E-02  -2.05687247E-02
  0.453125000      0.296875000     -0.256757915       5.34580424E-02  -2.33756080E-02
  0.484375000      0.296875000     -0.258341491       2.06590611E-02  -2.51471102E-02
  0.515625000      0.296875000     -0.260444105      -1.21969655E-02  -2.59173326E-02
  0.546875000      0.296875000     -0.263292313      -4.53306511E-02  -2.57288795E-02
  0.578125000      0.296875000     -0.267087758      -7.90130869E-02  -2.45959274E-02
  0.609375000      0.296875000     -0.272004545     -0.113575943      -2.25119144E-02
  0.640625000      0.296875000     -0.278031528     -0.149340793      -1.94444153E-02
  0.671875000      0.296875000     -0.284614563     -0.186381102      -1.53370928E-02
  0.703125000      0.296875000     -0.290086389     -0.223931879      -1.01357987E-02
  0.734375000      0.296875000     -0.291063786     -0.259353787      -3.86370998E-03
  0.765625000      0.296875000     -0.282306761     -0.286891341       3.23551195E-03
  0.796875000      0.296875000     -0.257788956     -0.297114044       1.05254697E-02
  0.828125000      0.296875000     -0.213583350     -0.278655291       1.69444904E-02
  0.859375000      0.296875000     -0.152247652     -0.224032640       2.13658549E-02
  0.890625000      0.296875000      -8.62447768E-02 -0.139564618       2.33319830E-02
  0.921875000      0.296875000      -3.45576108E-02  -5.26914336E-02   2.34685577E-02
  0.953125000      0.296875000      -7.90768489E-03   1.85465766E-03   2.29720082E-02
  0.984375000      0.296875000      -5.07454504E-04   1.43041005E-02   2.25913972E-02
   1.56250000E-02  0.328125000      -7.03065842E-03   5.74886054E-02   3.60860378E-02
   4.68750000E-02  0.328125000      -2.64229383E-02  0.115486428       3.53542119E-02
   7.81250000E-02  0.328125000      -5.30928969E-02  0.155062646       3.40373404E-02
  0.109375000      0.328125000      -8.24349672E-02  0.190838039       3.16438302E-02
  0.140625000      0.328125000     -0.112277865      0.222175419       2.78777573E-02
  0.171875000      0.328125000     -0.140647024      0.244765639       2.26282515E-02
  0.203125000      0.328125000     -0.165622801      0.255383313       1.60439238E-02
  0.234375000      0.328125000     -0.185767770      0.252998412       8.53659865E-03
  0.265625000      0.328125000     -0.200470313      0.238747761       6.81040692E-04
  0.296875000      0.328125000     -0.210047424      0.215323180      -6.93996949E-03
  0.328125000      0.328125000     -0.215563118      0.186020508      -1.38689922E-02
  0.359375000      0.328125000     -0.218424946      0.153785184      -1.98315717E-02
  0.390625000      0.328125000     -0.219948754      0.120628767      -2.47164126E-02
  0.421875000      0.328125000     -0.221085429       8.75627697E-02  -2.85161398E-02
  0.453125000      0.328125000     -0.222372234       5.48779033E-02  -3.12698521E-02
  0.484375000      0.328125000     -0.224038780       2.24929079E-02  -3.30264159E-02
  0.515625000      0.328125000     -0.226162791      -9.80064925E-03  -3.38276625E-02
  0.546875000      0.328125000     -0.228805721      -4.22323644E-02  -3.37118544E-02
  0.578125000      0.328125000     -0.232101589      -7.50167444E-02  -3.26977596E-02
  0.609375000      0.328125000     -0.236303687     -0.108450457      -3.07862386E-02
  0.640625000      0.328125000     -0.241760910     -0.142979503      -2.79526711E-02
  0.671875000      0.328125000     -0.248728588     -0.179189533      -2.41350401E-02
  0.703125000      0.328125000     -0.256876886     -0.217501640      -1.92298591E-02
  0.734375000      0.328125000     -0.264431298     -0.257251203      -1.31224710E-02
  0.765625000      0.328125000     -0.267226219     -0.294955671      -5.79934753E-03
  0.796875000      0.328125000     -0.258525193     -0.322268844       2.41904194E-03
  0.828125000      0.328125000     -0.230842710     -0.325389534       1.06072631E-02
  0.859375000      0.328125000     -0.180560976     -0.288917512       1.72684137E-02
  0.890625000      0.328125000     -0.114259437     -0.206986323       2.10920703E-02
  0.921875000      0.328125000      -5.15232980E-02  -9.96953696E-02   2.20778119E-02
  0.953125000      0.328125000      -1.34475343E-02  -1.58694871E-02   2.15971507E-02
  0.984375000      0.328125000      -1.30868226E-03   1.24871284E-02   2.10836194E-02
   1.56250000E-02  0.359375000      -6.42140396E-03   7.09387213E-02   3.35362107E-02
   4.68750000E-02  0.359375000      -2.44958084E-02  0.139498681       3.27227339E-02
   7.81250000E-02  0.359375000      -4.95013520E-02  0.182721406       3.11101899E-02
  0.109375000      0.359375000      -7.65015781E-02  0.219517708       2.81973816E-02
  0.140625000      0.359375000     -0.103128113      0.249962226       2.37131082E-02
  0.171875000      0.359375000     -0.127500460      0.269718587       1.76288001E-02
  0.203125000      0.359375000     -0.147997409      0.275902659       1.02244318E-02
  0.234375000      0.359375000     -0.163613886      0.268241286       2.04702606E-03
  0.265625000      0.359375000     -0.174227417      0.248822808      -6.24231994E-03
  0.296875000      0.359375000     -0.180584803      0.221185297      -1.40523352E-02
  0.328125000      0.359375000     -0.183990061      0.189082652      -2.09838711E-02
  0.359375000      0.359375000     -0.185832590      0.155431122      -2.68487483E-02
  0.390625000      0.359375000     -0.187193677      0.121871702      -3.16113159E-02
  0.421875000      0.359375000     -0.188692689       8.89597014E-02  -3.53107490E-02
  0.453125000      0.359375000     -0.190555096       5.66344261E-02  -3.80045548E-02
  0.484375000      0.359375000     -0.192778349       2.46304218E-02  -3.97425406E-02
  0.515625000      0.359375000     -0.195286036      -7.30226934E-03  -4.05613743E-02
  0.546875000      0.359375000     -0.198029488      -3.93402837E-02  -4.04886082E-02
  0.578125000      0.359375000     -0.201040477      -7.15980232E-02  -3.95434648E-02
  0.609375000      0.359375000     -0.204477921     -0.104225978      -3.77367362E-02
  0.640625000      0.359375000     -0.208687782     -0.137533590      -3.50646302E-02
  0.671875000      0.359375000     -0.214213192     -0.172139481      -3.14940959E-02
  0.703125000      0.359375000     -0.221592709     -0.209021494      -2.69415844E-02
  0.734375000      0.359375000     -0.230685532     -0.249082431      -2.12598462E-02
  0.765625000      0.359375000     -0.239398658     -0.291615337      -1.42773213E-02
  0.796875000      0.359375000     -0.242335394     -0.331373096      -5.97619079E-03
  0.828125000      0.359375000     -0.230861932     -0.355441660       3.13408324E-03
  0.859375000      0.359375000     -0.196487799     -0.343522429       1.16574960E-02
  0.890625000      0.359375000     -0.138204977     -0.276967585       1.76376924E-02
  0.921875000      0.359375000      -7.05612302E-02 -0.160096169       2.00224146E-02
  0.953125000      0.359375000      -2.10607816E-02  -4.30471972E-02   1.98246501E-02
  0.984375000      0.359375000      -2.35719746E-03   8.82044435E-03   1.91681068E-02
   1.56250000E-02  0.390625000      -5.27907861E-03   8.26374888E-02   3.04422006E-02
   4.68750000E-02  0.390625000      -2.08675042E-02  0.161458984       2.95708552E-02
   7.81250000E-02  0.390625000      -4.30377163E-02  0.207932979       2.76918299E-02
  0.109375000      0.390625000      -6.67607635E-02  0.245026156       2.43285690E-02
  0.140625000      0.390625000      -8.95585567E-02  0.273875892       1.92557834E-02
  0.171875000      0.390625000     -0.109741881      0.290359676       1.25348503E-02
  0.203125000      0.390625000     -0.126051992      0.292069018       4.56503965E-03
  0.234375000      0.390625000     -0.137905121      0.279546112      -4.00459208E-03
  0.265625000      0.390625000     -0.145559251      0.255788326      -1.24716181E-02
  0.296875000      0.390625000     -0.149991155      0.225012481      -2.02750303E-02
  0.328125000      0.390625000     -0.152507707      0.191181242      -2.70909388E-02
  0.359375000      0.390625000     -0.154288605      0.156960249      -3.28095108E-02
  0.390625000      0.390625000     -0.156098068      0.123517647      -3.74481231E-02
  0.421875000      0.390625000     -0.158257246       9.09766555E-02  -4.10677642E-02
  0.453125000      0.390625000     -0.160789460       5.90168685E-02  -4.37256359E-02
  0.484375000      0.390625000     -0.163593143       2.72797477E-02  -4.54612076E-02
  0.515625000      0.390625000     -0.166556090      -4.47619241E-03  -4.62997667E-02
  0.546875000      0.390625000     -0.169602826      -3.63714918E-02  -4.62583043E-02
  0.578125000      0.390625000     -0.172704130      -6.84499666E-02  -4.53528054E-02
  0.609375000      0.390625000     -0.175895929     -0.100740463      -4.35993895E-02
  0.640625000      0.390625000     -0.179348260     -0.133352935      -4.10114042E-02
  0.671875000      0.390625000     -0.183479697     -0.166659743      -3.75893526E-02
  0.703125000      0.390625000     -0.189028263     -0.201570123      -3.32986116E-02
  0.734375000      0.390625000     -0.196805179     -0.239661694      -2.80348621E-02
  0.765625000      0.390625000     -0.206695408     -0.282431006      -2.16000881E-02
  0.796875000      0.390625000     -0.215776682     -0.328538418      -1.37703270E-02
  0.828125000      0.390625000     -0.216648906     -0.368877441      -4.60276427E-03
  0.859375000      0.390625000     -0.198550627     -0.382559717       4.98548336E-03
  0.890625000      0.390625000     -0.153749406     -0.341015726       1.29174469E-02
  0.921875000      0.390625000      -8.85257572E-02 -0.228917316       1.70846023E-02
  0.953125000      0.390625000      -2.99031362E-02  -8.23512673E-02   1.75686404E-02
  0.984375000      0.390625000      -3.47327162E-03   2.98921997E-03   1.67427957E-02
   1.56250000E-02  0.421875000      -3.72008304E-03   9.16351601E-02   2.70267129E-02
   4.68750000E-02  0.421875000      -1.58887785E-02  0.180215195       2.61289291E-02
   7.81250000E-02  0.421875000      -3.43101248E-02  0.229765087       2.40364075E-02
  0.109375000      0.421875000      -5.41221127E-02  0.266726553       2.03227475E-02
  0.140625000      0.421875000      -7.28032291E-02  0.293652952       1.48206083E-02
  0.171875000      0.421875000      -8.89028460E-02  0.306865364       7.67464656E-03
  0.203125000      0.421875000     -0.101528421      0.304500163      -6.22849737E-04
  0.234375000      0.421875000     -0.110440046      0.287882030      -9.35980119E-03
  0.265625000      0.421875000     -0.116114423      0.260784209      -1.78296510E-02
  0.296875000      0.421875000     -0.119549766      0.227887869      -2.55214758E-02
  0.328125000      0.421875000     -0.121873073      0.193150178      -3.21827903E-02
  0.359375000      0.421875000     -0.123965010      0.158868909      -3.77619043E-02
  0.390625000      0.421875000     -0.126295060      0.125753492      -4.23049964E-02
  0.421875000      0.421875000     -0.128984809       9.35948864E-02  -4.58763205E-02
  0.453125000      0.421875000     -0.131973863       6.19251505E-02  -4.85227481E-02
  0.484375000      0.421875000     -0.135160863       3.03674322E-02  -5.02700880E-02
  0.515625000      0.421875000     -0.138468608      -1.28793763E-03  -5.11320531E-02
  0.546875000      0.421875000     -0.141849026      -3.31273973E-02  -5.11179492E-02
  0.578125000      0.421875000     -0.145264491      -6.51722252E-02  -5.02398163E-02
  0.609375000      0.421875000     -0.148679703      -9.74062979E-02  -4.85148355E-02
  0.640625000      0.421875000     -0.152098611     -0.129811257      -4.59651239E-02
  0.671875000      0.421875000     -0.155679181     -0.162485197      -4.26143557E-02
  0.703125000      0.421875000     -0.159926400     -0.195945203      -3.84737737E-02
  0.734375000      0.421875000     -0.165818587     -0.231614411      -3.35080177E-02
  0.765625000      0.421875000     -0.174402013     -0.272002220      -2.75805518E-02
  0.796875000      0.421875000     -0.185181826     -0.319104522      -2.04249211E-02
  0.828125000      0.421875000     -0.193436712     -0.369183540      -1.17960395E-02
  0.859375000      0.421875000     -0.188818306     -0.404970467      -2.02491693E-03
  0.890625000      0.421875000     -0.159272462     -0.392952979       7.20397243E-03
  0.921875000      0.421875000     -0.102410145     -0.299067616       1.31574115E-02
  0.953125000      0.421875000      -3.90561819E-02 -0.134179443       1.46349259E-02
  0.984375000      0.421875000      -5.09278476E-03  -5.57751348E-03   1.36402408E-02
   1.56250000E-02  0.453125000      -1.89130486E-03   9.72452760E-02   2.35499311E-02
   4.68750000E-02  0.453125000      -9.97948274E-03  0.194859192       2.26616133E-02
   7.81250000E-02  0.453125000      -2.39885636E-02  0.247548878       2.04236601E-02
  0.109375000      0.453125000      -3.95010076E-02  0.284265399       1.64734423E-02
  0.140625000      0.453125000      -5.39944842E-02  0.309287995       1.07044242E-02
  0.171875000      0.453125000      -6.62562698E-02  0.319592237       3.32781253E-03
  0.203125000      0.453125000      -7.57178292E-02  0.313862234      -5.10349730E-03
  0.234375000      0.453125000      -8.23739842E-02  0.294090688      -1.38497101E-02
  0.265625000      0.453125000      -8.67569596E-02  0.264636695      -2.22232472E-02
  0.296875000      0.453125000      -8.97224396E-02  0.230440661      -2.97654085E-02
  0.328125000      0.453125000      -9.21177715E-02  0.195320919      -3.62790748E-02
  0.359375000      0.453125000      -9.45232064E-02  0.161200717      -4.17477228E-02
  0.390625000      0.453125000      -9.71910208E-02  0.128424942      -4.62274849E-02
  0.421875000      0.453125000     -0.100146428       9.65740979E-02  -4.97754961E-02
  0.453125000      0.453125000     -0.103328750       6.51229024E-02  -5.24252616E-02
  0.484375000      0.453125000     -0.106683671       3.37172076E-02  -5.41901812E-02
  0.515625000      0.453125000     -0.110189304       2.18128483E-03  -5.50751127E-02
  0.546875000      0.453125000     -0.113840155      -2.95597669E-02  -5.50846756E-02
  0.578125000      0.453125000     -0.117619440      -6.15396276E-02  -5.42282946E-02
  0.609375000      0.453125000     -0.121477865      -9.37599540E-02  -5.25224879E-02
  0.640625000      0.453125000     -0.125337109     -0.126174405      -4.99922335E-02
  0.671875000      0.453125000     -0.129154474     -0.158719391      -4.66725491E-02
  0.703125000      0.453125000     -0.133100227     -0.191513777      -4.26046401E-02
  0.734375000      0.453125000     -0.137847275     -0.225402981      -3.78141701E-02
  0.765625000      0.453125000     -0.144700199     -0.262774467      -3.22561488E-02
  0.796875000      0.453125000     -0.154753476     -0.307497203      -2.57340055E-02
  0.828125000      0.453125000     -0.166218162     -0.361070096      -1.79001279E-02
  0.859375000      0.453125000     -0.171082169     -0.412837923      -8.62567127E-03
  0.890625000      0.453125000     -0.155761406     -0.429952472       1.05742272E-03
  0.921875000      0.453125000     -0.110767245     -0.363925695       8.38181842E-03
  0.953125000      0.453125000      -4.81135622E-02 -0.195330590       1.09275356E-02
  0.984375000      0.453125000      -7.91693293E-03  -1.85878072E-02   9.88294370E-03
   1.56250000E-02  0.484375000       5.26560179E-05   9.90828574E-02   2.02636607E-02
   4.68750000E-02  0.484375000      -3.58066126E-03  0.204740822       1.94217376E-02
   7.81250000E-02  0.484375000      -1.27371158E-02  0.260830700       1.71148311E-02
  0.109375000      0.484375000      -2.37297118E-02  0.297487319       1.30426129E-02
  0.140625000      0.484375000      -3.40794325E-02  0.320909023       7.15586077E-03
  0.171875000      0.484375000      -4.27673608E-02  0.328921974      -2.89192889E-04
  0.203125000      0.484375000      -4.94828150E-02  0.320711851      -8.71090032E-03
  0.234375000      0.484375000      -5.43501228E-02  0.298767954      -1.73685979E-02
  0.265625000      0.484375000      -5.78305088E-02  0.267826974      -2.56034061E-02
  0.296875000      0.484375000      -6.05378076E-02  0.232927933      -3.29989642E-02
  0.328125000      0.484375000      -6.30106106E-02  0.197707012      -3.93931270E-02
  0.359375000      0.484375000      -6.55738711E-02  0.163788810      -4.47849408E-02
  0.390625000      0.484375000      -6.83451891E-02  0.131281644      -4.92284745E-02
  0.421875000      0.484375000      -7.13282973E-02   9.96617079E-02  -5.27697280E-02
  0.453125000      0.484375000      -7.45044500E-02   6.83996379E-02  -5.54297492E-02
  0.484375000      0.484375000      -7.78768361E-02   3.71736735E-02  -5.72123677E-02
  0.515625000      0.484375000      -8.14718604E-02   5.83135663E-03  -5.81164509E-02
  0.546875000      0.484375000      -8.53190422E-02  -2.57059410E-02  -5.81439212E-02
  0.578125000      0.484375000      -8.94271135E-02  -5.75003400E-02  -5.73031157E-02
  0.609375000      0.484375000      -9.37627554E-02  -8.95995572E-02  -5.56101352E-02
  0.640625000      0.484375000      -9.82370675E-02 -0.121995836      -5.30906767E-02
  0.671875000      0.484375000     -0.102722019     -0.154590517      -4.97840196E-02
  0.703125000      0.484375000     -0.107153028     -0.187261239      -4.57465649E-02
  0.734375000      0.484375000     -0.111797303     -0.220260158      -4.10448574E-02
  0.765625000      0.484375000     -0.117648527     -0.255209804      -3.57165858E-02
  0.796875000      0.484375000     -0.126375318     -0.296279252      -2.96799392E-02
  0.828125000      0.484375000     -0.138470337     -0.348726600      -2.26365104E-02
  0.859375000      0.484375000     -0.149109080     -0.409677744      -1.42163802E-02
  0.890625000      0.484375000     -0.145577848     -0.451964498      -4.80752718E-03
  0.921875000      0.484375000     -0.113696538     -0.418789715       3.26659111E-03
  0.953125000      0.484375000      -5.64139597E-02 -0.260403991       6.79834001E-03
  0.984375000      0.484375000      -1.18104620E-02  -3.83156650E-02   5.93506964E-03
   1.56250000E-02  0.515625000       1.92000193E-03   9.71093178E-02   1.73708554E-02
   4.68750000E-02  0.515625000       2.85578473E-03  0.209410042       1.66240558E-02
   7.81250000E-02  0.515625000      -1.16161327E-03  0.269333661       1.43205412E-02
  0.109375000      0.515625000      -7.53570814E-03  0.306350142       1.02355462E-02
  0.140625000      0.515625000      -1.38167581E-02  0.328677177       4.36140690E-03
  0.171875000      0.515625000      -1.91346034E-02  0.335161090      -3.02284141E-03
  0.203125000      0.515625000      -2.33645551E-02  0.325420856      -1.13343783E-02
  0.234375000      0.515625000      -2.66810171E-02  0.302246451      -1.98499151E-02
  0.265625000      0.515625000      -2.94006765E-02  0.270553052      -2.79390737E-02
  0.296875000      0.515625000      -3.18566598E-02  0.235370249      -3.52126434E-02
  0.328125000      0.515625000      -3.42919901E-02  0.200178325      -4.15234566E-02
  0.359375000      0.515625000      -3.68282050E-02  0.166422725      -4.68712933E-02
  0.390625000      0.515625000      -3.95069197E-02  0.134103686      -5.13015836E-02
  0.421875000      0.515625000      -4.23498303E-02  0.102671713      -5.48487790E-02
  0.453125000      0.515625000      -4.53936569E-02   7.16157109E-02  -5.75238615E-02
  0.484375000      0.515625000      -4.86941226E-02   4.06365544E-02  -5.93235940E-02
  0.515625000      0.515625000      -5.23133278E-02   9.58877616E-03  -6.02427348E-02
  0.546875000      0.515625000      -5.63037694E-02  -2.16196869E-02  -6.02812953E-02
  0.578125000      0.515625000      -6.06934354E-02  -5.30829057E-02  -5.94472885E-02
  0.609375000      0.515625000      -6.54710978E-02  -8.48978385E-02  -5.77570684E-02
  0.640625000      0.515625000      -7.05702901E-02 -0.117118359      -5.52371517E-02
  0.671875000      0.515625000      -7.58606046E-02 -0.149687290      -5.19288778E-02
  0.703125000      0.515625000      -8.11835974E-02 -0.182405412      -4.78957221E-02
  0.734375000      0.515625000      -8.65201056E-02 -0.215130717      -4.32272851E-02
  0.765625000      0.515625000      -9.23924968E-02 -0.248611838      -3.80203947E-02
  0.796875000      0.515625000     -0.100302756     -0.286237121      -3.23046595E-02
  0.828125000      0.515625000     -0.111989975     -0.334984213      -2.59060021E-02
  0.859375000      0.515625000     -0.125688523     -0.399081379      -1.84084009E-02
  0.890625000      0.515625000     -0.131168768     -0.460611284      -9.71787795E-03
  0.921875000      0.515625000     -0.112010151     -0.461183101      -1.46221207E-03
  0.953125000      0.515625000      -6.30026013E-02 -0.324301571       2.92976806E-03
  0.984375000      0.515625000      -1.59492958E-02  -6.60758391E-02   2.49292515E-03
   1.56250000E-02  0.546875000       3.54122487E-03   9.16473120E-02   1.50141008E-02
   4.68750000E-02  0.546875000       8.87160562E-03  0.208604246       1.44064017E-02
   7.81250000E-02  0.546875000       1.01573635E-02  0.272869647       1.21933799E-02
  0.109375000      0.546875000       8.47268477E-03  0.310872227       8.19165446E-03
  0.140625000      0.546875000       6.18437305E-03  0.332724839       2.44284095E-03
  0.171875000      0.546875000       4.12752759E-03  0.338489741      -4.77570901E-03
  0.203125000      0.546875000       2.29360396E-03  0.328158915      -1.29045565E-02
  0.234375000      0.546875000       4.94332518E-04  0.304627985      -2.12497413E-02
  0.265625000      0.546875000      -1.42163946E-03  0.272811770      -2.92043686E-02
  0.296875000      0.546875000      -3.51132546E-03  0.237662390      -3.63896452E-02
  0.328125000      0.546875000      -5.75057603E-03  0.202566355      -4.26558889E-02
  0.359375000      0.546875000      -8.09454639E-03  0.168920755      -4.79925312E-02
  0.390625000      0.546875000      -1.05366539E-02  0.136732548      -5.24327122E-02
  0.421875000      0.546875000      -1.31274695E-02  0.105482772      -5.60001805E-02
  0.453125000      0.546875000      -1.59571003E-02   7.46843517E-02  -5.86980209E-02
  0.484375000      0.546875000      -1.91260967E-02   4.40436080E-02  -6.05175868E-02
  0.515625000      0.546875000      -2.27240920E-02   1.34051405E-02  -6.14501908E-02
  0.546875000      0.546875000      -2.68195421E-02  -1.73439644E-02  -6.14938959E-02
  0.578125000      0.546875000      -3.14538479E-02  -4.83285338E-02  -6.06561713E-02
  0.609375000      0.546875000      -3.66346538E-02  -7.96877146E-02  -5.89538775E-02
  0.640625000      0.546875000      -4.23242673E-02 -0.111533776      -5.64149879E-02
  0.671875000      0.546875000      -4.84249443E-02 -0.143875226      -5.30831739E-02
  0.703125000      0.546875000      -5.47796190E-02 -0.176534474      -4.90266606E-02
  0.734375000      0.546875000      -6.12461492E-02 -0.209193796      -4.43481728E-02
  0.765625000      0.546875000      -6.79770112E-02 -0.241941363      -3.91820297E-02
  0.796875000      0.546875000      -7.59859085E-02 -0.276985109      -3.36444899E-02
  0.828125000      0.546875000      -8.73089731E-02 -0.321223468      -2.76997294E-02
  0.859375000      0.546875000     -0.102466077     -0.383984864      -2.10089441E-02
  0.890625000      0.546875000     -0.114438228     -0.458254695      -1.31977014E-02
  0.921875000      0.546875000     -0.106667683     -0.490468949      -5.16060460E-03
  0.953125000      0.546875000      -6.72579035E-02 -0.383433819      -6.31899748E-05
  0.984375000      0.546875000      -1.96151081E-02 -0.101640701       9.98227624E-05
   1.56250000E-02  0.578125000       4.79022600E-03   8.33151489E-02   1.32738147E-02
   4.68750000E-02  0.578125000       1.40680522E-02  0.202326655       1.28366752E-02
   7.81250000E-02  0.578125000       2.06539221E-02  0.271274269       1.08000953E-02
  0.109375000      0.578125000       2.37338729E-02  0.311071754       6.98298216E-03
  0.140625000      0.578125000       2.54147463E-02  0.333133191       1.45845569E-03
  0.171875000      0.578125000       2.65982021E-02  0.338956416      -5.50367264E-03
  0.203125000      0.578125000       2.72185672E-02  0.328908622      -1.33865522E-02
  0.234375000      0.578125000       2.70769801E-02  0.305823028      -2.15379335E-02
  0.265625000      0.578125000       2.61584464E-02  0.274455965      -2.93710977E-02
  0.296875000      0.578125000       2.46413741E-02  0.239630267      -3.65031809E-02
  0.328125000      0.578125000       2.27816924E-02  0.204703152      -4.27658856E-02
  0.359375000      0.578125000       2.07737517E-02  0.171141922      -4.81278226E-02
  0.390625000      0.578125000       1.86743792E-02  0.139059067      -5.26060984E-02
  0.421875000      0.578125000       1.64152384E-02  0.108012512      -5.62142283E-02
  0.453125000      0.578125000       1.38636036E-02   7.75422454E-02  -5.89488111E-02
  0.484375000      0.578125000       1.08799487E-02   4.73447293E-02  -6.07966855E-02
  0.515625000      0.578125000       7.34886341E-03   1.72394291E-02  -6.17455468E-02
  0.546875000      0.578125000       3.18696583E-03  -1.29145999E-02  -6.17909208E-02
  0.578125000      0.578125000      -1.65910064E-03  -4.32712585E-02  -6.09388538E-02
  0.609375000      0.578125000      -7.21325446E-03  -7.40038604E-02  -5.92064410E-02
  0.640625000      0.578125000      -1.34643409E-02 -0.105270877      -5.66233285E-02
  0.671875000      0.578125000      -2.03546695E-02 -0.137141258      -5.32363728E-02
  0.703125000      0.578125000      -2.77697109E-02 -0.169493228      -4.91190962E-02
  0.734375000      0.578125000      -3.55582163E-02 -0.201975018      -4.43843901E-02
  0.765625000      0.578125000      -4.36794981E-02 -0.234303653      -3.91910225E-02
  0.796875000      0.578125000      -5.26628904E-02 -0.267626971      -3.37159261E-02
  0.828125000      0.578125000      -6.42328337E-02 -0.307685971      -2.80427057E-02
  0.859375000      0.578125000      -8.01867619E-02 -0.366409719      -2.19638646E-02
  0.890625000      0.578125000      -9.66749489E-02 -0.447368741      -1.49993496E-02
  0.921875000      0.578125000      -9.85889584E-02 -0.507211506      -7.41648115E-03
  0.953125000      0.578125000      -6.90836757E-02 -0.435607195      -1.81062776E-03
  0.984375000      0.578125000      -2.24692971E-02 -0.143725619      -9.77014191E-04
   1.56250000E-02  0.609375000       5.57806576E-03   7.29461536E-02   1.21655520E-02
   4.68750000E-02  0.609375000       1.81105435E-02  0.190883815       1.19179534E-02
   7.81250000E-02  0.609375000       2.97924951E-02  0.264447898       1.01365615E-02
  0.109375000      0.609375000       3.76947969E-02  0.306915224       6.60652528E-03
  0.140625000      0.609375000       4.33819816E-02  0.329922020       1.40876090E-03
  0.171875000      0.609375000       4.78668511E-02  0.336500794      -5.20495279E-03
  0.203125000      0.609375000       5.11159226E-02  0.327497512      -1.27736935E-02
  0.234375000      0.609375000       5.29146940E-02  0.305580705      -2.06983555E-02
  0.265625000      0.609375000       5.33223711E-02  0.275213778      -2.84129716E-02
  0.296875000      0.609375000       5.26823923E-02  0.241034806      -3.55208740E-02
  0.328125000      0.609375000       5.14362045E-02  0.206410274      -4.18215394E-02
  0.359375000      0.609375000       4.99193072E-02  0.172965765      -4.72514667E-02
  0.390625000      0.609375000       4.82592434E-02  0.141000986      -5.18054441E-02
  0.421875000      0.609375000       4.63984981E-02  0.110196896      -5.54845855E-02
  0.453125000      0.609375000       4.41822559E-02   8.01322088E-02  -5.82789555E-02
  0.484375000      0.609375000       4.14402075E-02   5.04869670E-02  -6.01710081E-02
  0.515625000      0.609375000       3.80304232E-02   2.10445188E-02  -6.11446202E-02
  0.546875000      0.609375000       3.38500366E-02  -8.37100577E-03  -6.11919351E-02
  0.578125000      0.609375000       2.88302992E-02  -3.79426666E-02  -6.03165366E-02
  0.609375000      0.609375000       2.29302887E-02  -6.78719804E-02  -5.85348271E-02
  0.640625000      0.609375000       1.61357671E-02  -9.83509868E-02  -5.58778308E-02
  0.671875000      0.609375000       8.46433919E-03 -0.129493475      -5.23963720E-02
  0.703125000      0.609375000      -2.36523338E-05 -0.161232442      -4.81707901E-02
  0.734375000      0.609375000      -9.22133029E-03 -0.193244576      -4.33248878E-02
  0.765625000      0.609375000      -1.90340672E-02 -0.225095659      -3.80370058E-02
  0.796875000      0.609375000      -2.96589416E-02 -0.257223099      -3.25268954E-02
  0.828125000      0.609375000      -4.22668047E-02 -0.293909371      -2.69701593E-02
  0.859375000      0.609375000      -5.90201467E-02 -0.347477317      -2.12973766E-02
  0.890625000      0.609375000      -7.86719322E-02 -0.430160403      -1.50458943E-02
  0.921875000      0.609375000      -8.85867253E-02 -0.512591183      -8.02574866E-03
  0.953125000      0.609375000      -6.87413365E-02 -0.479579091      -2.13317061E-03
  0.984375000      0.609375000      -2.44575739E-02 -0.190653116      -6.50809670E-04
   1.56250000E-02  0.640625000       5.86977135E-03   6.14975765E-02   1.16495043E-02
   4.68750000E-02  0.640625000       2.07528770E-02  0.174915165       1.15922121E-02
   7.81250000E-02  0.640625000       3.70633155E-02  0.252422571       1.01335831E-02
  0.109375000      0.640625000       4.97714430E-02  0.298329204       6.99821953E-03
  0.140625000      0.640625000       5.95475212E-02  0.323044837       2.24211183E-03
  0.171875000      0.640625000       6.74620643E-02  0.330979764      -3.91581748E-03
  0.203125000      0.640625000       7.35994279E-02  0.323634505      -1.10835806E-02
  0.234375000      0.640625000       7.77357966E-02  0.303512096      -1.87281948E-02
  0.265625000      0.640625000       7.99279362E-02  0.274686992      -2.63095144E-02
  0.296875000      0.640625000       8.05900097E-02  0.241544634      -3.34115624E-02
  0.328125000      0.640625000       8.02854821E-02  0.207456857      -3.97897512E-02
  0.359375000      0.640625000       7.94764310E-02  0.174251169      -4.53360975E-02
  0.390625000      0.640625000       7.83853531E-02  0.142473027      -5.00138253E-02
  0.421875000      0.640625000       7.70037323E-02  0.111973695      -5.38063832E-02
  0.453125000      0.640625000       7.51856491E-02   8.23962688E-02  -5.66949323E-02
  0.484375000      0.640625000       7.27456510E-02   5.34115508E-02  -5.86565956E-02
  0.515625000      0.640625000       6.95179328E-02   2.47640274E-02  -5.96708469E-02
  0.546875000      0.640625000       6.53759837E-02  -3.76165169E-03  -5.97256683E-02
  0.578125000      0.640625000       6.02293871E-02  -3.23792100E-02  -5.88212200E-02
  0.609375000      0.640625000       5.40145002E-02  -6.13141805E-02  -5.69722727E-02
  0.640625000      0.640625000       4.66875806E-02  -9.07811522E-02  -5.42106293E-02
  0.671875000      0.640625000       3.82245034E-02 -0.120922863      -5.05912118E-02
  0.703125000      0.640625000       2.86299437E-02 -0.151714951      -4.62027453E-02
  0.734375000      0.640625000       1.79492831E-02 -0.182878748      -4.11827154E-02
  0.765625000      0.640625000       6.25715358E-03 -0.213952363      -3.57295796E-02
  0.796875000      0.640625000      -6.47251727E-03 -0.245008439      -3.00954115E-02
  0.828125000      0.640625000      -2.08709612E-02 -0.279115260      -2.45259982E-02
  0.859375000      0.640625000      -3.88231948E-02 -0.327564359      -1.90724600E-02
  0.890625000      0.640625000      -6.08589314E-02 -0.408385277      -1.33592058E-02
  0.921875000      0.640625000      -7.73186833E-02 -0.507992029      -6.91234879E-03
  0.953125000      0.640625000      -6.66471496E-02 -0.514696300      -9.35327960E-04
  0.984375000      0.640625000      -2.56784670E-02 -0.240789860       1.11495215E-03
   1.56250000E-02  0.671875000       5.69699984E-03   4.99299914E-02   1.16418423E-02
   4.68750000E-02  0.671875000       2.18695588E-02  0.155425280       1.17548984E-02
   7.81250000E-02  0.671875000       4.20021154E-02  0.235467643       1.06687024E-02
  0.109375000      0.671875000       5.93258254E-02  0.285251051       8.04030709E-03
  0.140625000      0.671875000       7.32746124E-02  0.312397838       3.86043102E-03
  0.171875000      0.671875000       8.47955793E-02  0.322192073      -1.70986797E-03
  0.203125000      0.671875000       9.41355303E-02  0.316946864      -8.36220477E-03
  0.234375000      0.671875000      0.101088949      0.299113065      -1.56443603E-02
  0.265625000      0.671875000      0.105643265      0.272343636      -2.30517369E-02
  0.296875000      0.671875000      0.108176142      0.240697920      -3.01489308E-02
  0.328125000      0.671875000      0.109286636      0.207503140      -3.66381258E-02
  0.359375000      0.671875000      0.109527096      0.174779415      -4.23533916E-02
  0.390625000      0.671875000      0.109225854      0.143343329      -4.72136810E-02
  0.421875000      0.671875000      0.108459972      0.113257349      -5.11755757E-02
  0.453125000      0.671875000      0.107131079       8.42661560E-02  -5.42060882E-02
  0.484375000      0.671875000      0.105065182       5.60541898E-02  -5.62745333E-02
  0.515625000      0.671875000      0.102084652       2.83362754E-02  -5.73548004E-02
  0.546875000      0.671875000       9.80403423E-02   8.58967192E-04  -5.74300736E-02
  0.578125000      0.671875000       9.28149819E-02  -2.66213417E-02  -5.64964190E-02
  0.609375000      0.671875000       8.63145292E-02  -5.43503463E-02  -5.45660928E-02
  0.640625000      0.671875000       7.84583688E-02  -8.25557262E-02  -5.16712889E-02
  0.671875000      0.671875000       6.91744834E-02 -0.111395441      -4.78712097E-02
  0.703125000      0.671875000       5.84070385E-02 -0.140874922      -4.32640463E-02
  0.734375000      0.671875000       4.61376347E-02 -0.170763895      -3.80032472E-02
  0.765625000      0.671875000       3.24032977E-02 -0.200636730      -3.23112980E-02
  0.796875000      0.671875000       1.72419585E-02 -0.230429977      -2.64729224E-02
  0.828125000      0.671875000       4.27387189E-04 -0.262478709      -2.07741484E-02
  0.859375000      0.671875000      -1.93069056E-02 -0.306513458      -1.53757688E-02
  0.890625000      0.671875000      -4.33989316E-02 -0.383308351      -1.00124488E-02
  0.921875000      0.671875000      -6.52443692E-02 -0.494764507      -4.06655297E-03
  0.953125000      0.671875000      -6.32098243E-02 -0.540631413       1.86491327E-03
  0.984375000      0.671875000      -2.62829252E-02 -0.292752028       4.38940944E-03
   1.56250000E-02  0.703125000       5.15480246E-03   3.90772857E-02   1.20276716E-02
   4.68750000E-02  0.703125000       2.14771256E-02  0.133781061       1.22727798E-02
   7.81250000E-02  0.703125000       4.42324653E-02  0.214221805       1.15850829E-02
  0.109375000      0.703125000       6.56724945E-02  0.267731428       9.57484730E-03
  0.140625000      0.703125000       8.37924331E-02  0.297847807       6.12779474E-03
  0.171875000      0.703125000       9.91175547E-02  0.309896231       1.30668073E-03
  0.203125000      0.703125000      0.112005405      0.307016313      -4.68497584E-03
  0.234375000      0.703125000      0.122301131      0.291796982      -1.14906952E-02
  0.265625000      0.703125000      0.129886761      0.267523348      -1.86538994E-02
  0.296875000      0.703125000      0.135003299      0.237873241      -2.57245861E-02
  0.328125000      0.703125000      0.138180941      0.206044853      -3.23462859E-02
  0.359375000      0.703125000      0.139995337      0.174188584      -3.82821038E-02
  0.390625000      0.703125000      0.140862674      0.143374145      -4.33915183E-02
  0.421875000      0.703125000      0.140965313      0.113896117      -4.75913733E-02
  0.453125000      0.703125000      0.140289009       8.56391191E-02  -5.08258045E-02
  0.484375000      0.703125000      0.138706356       5.83363697E-02  -5.30516207E-02
  0.515625000      0.703125000      0.136051565       3.16960514E-02  -5.42350784E-02
  0.546875000      0.703125000      0.132163465       5.43821137E-03  -5.43537959E-02
  0.578125000      0.703125000      0.126898691      -2.07039677E-02  -5.33995219E-02
  0.609375000      0.703125000      0.120127499      -4.69897501E-02  -5.13814650E-02
  0.640625000      0.703125000      0.111724392      -7.36509562E-02  -4.83321100E-02
  0.671875000      0.703125000      0.101562843     -0.100849077      -4.43152711E-02
  0.703125000      0.703125000       8.95230025E-02 -0.128608823      -3.94394994E-02
  0.734375000      0.703125000       7.55197704E-02 -0.156752884      -3.38757634E-02
  0.765625000      0.703125000       5.95493466E-02 -0.184939355      -2.78719887E-02
  0.796875000      0.703125000       4.17083465E-02 -0.213122427      -2.17468105E-02
  0.828125000      0.703125000       2.20185351E-02 -0.243280411      -1.58304349E-02
  0.859375000      0.703125000      -1.13383867E-04 -0.283845186      -1.03228781E-02
  0.890625000      0.703125000      -2.62419693E-02 -0.355756581      -5.10994392E-03
  0.921875000      0.703125000      -5.25839627E-02 -0.474130183       4.86276200E-04
  0.953125000      0.703125000      -5.87040596E-02 -0.557182133       6.36318000E-03
  0.984375000      0.703125000      -2.63992026E-02 -0.345435053       9.30873863E-03
   1.56250000E-02  0.734375000       4.37212223E-03   2.95493603E-02   1.26783503E-02
   4.68750000E-02  0.734375000       1.97207257E-02  0.111635782       1.30061228E-02
   7.81250000E-02  0.734375000       4.35156822E-02  0.189814299       1.27174053E-02
  0.109375000      0.734375000       6.81228861E-02  0.246089518       1.14259841E-02
  0.140625000      0.734375000       9.01925713E-02  0.279298544       8.88502970E-03
  0.171875000      0.734375000      0.109488249      0.293824106       5.00239292E-03
  0.203125000      0.734375000      0.126284987      0.293404430      -1.56662252E-04
  0.234375000      0.734375000      0.140462756      0.280937135      -6.34667883E-03
  0.265625000      0.734375000      0.151791453      0.259471744      -1.31699853E-02
  0.296875000      0.734375000      0.160307676      0.232295960      -2.01690011E-02
  0.328125000      0.734375000      0.166370422      0.202386409      -2.69273911E-02
  0.359375000      0.734375000      0.170487165      0.171921268      -3.31272595E-02
  0.390625000      0.734375000      0.173108310      0.142158836      -3.85533795E-02
  0.421875000      0.734375000      0.174510002      0.113613248      -4.30677235E-02
  0.453125000      0.734375000      0.174781442       8.63332301E-02  -4.65799086E-02
  0.484375000      0.734375000      0.173874438       6.01383969E-02  -4.90270294E-02
  0.515625000      0.734375000      0.171665817       3.47640067E-02  -5.03642149E-02
  0.546875000      0.734375000      0.168003216       9.92748421E-03  -5.05622104E-02
  0.578125000      0.734375000      0.162728280      -1.46471635E-02  -4.96085770E-02
  0.609375000      0.734375000      0.155678362      -3.92192826E-02  -4.75095399E-02
  0.640625000      0.734375000      0.146680653      -6.40147775E-02  -4.42982502E-02
  0.671875000      0.734375000      0.135551721      -8.91893953E-02  -4.00434732E-02
  0.703125000      0.734375000      0.122108579     -0.114780724      -3.48645188E-02
  0.734375000      0.734375000      0.106205106     -0.140670300      -2.89498009E-02
  0.765625000      0.734375000       8.78014863E-02 -0.166644931      -2.25717425E-02
  0.796875000      0.734375000       6.70419335E-02 -0.192814499      -1.60792582E-02
  0.828125000      0.734375000       4.42017242E-02 -0.221057698      -9.83808003E-03
  0.859375000      0.734375000       1.92041248E-02 -0.258938819      -4.09226911E-03
  0.890625000      0.734375000      -9.12362523E-03 -0.326208055       1.22131233E-03
  0.921875000      0.734375000      -3.92712615E-02 -0.447191298       6.70362171E-03
  0.953125000      0.734375000      -5.31641170E-02 -0.564110756       1.26807103E-02
  0.984375000      0.734375000      -2.60712933E-02 -0.397906661       1.60963349E-02
   1.56250000E-02  0.765625000       3.45711387E-03   2.17190087E-02   1.34737082E-02
   4.68750000E-02  0.765625000       1.68018006E-02   9.07702893E-02   1.38330236E-02
   7.81250000E-02  0.765625000       3.97671834E-02  0.163916618       1.39233600E-02
  0.109375000      0.765625000       6.60563409E-02  0.221088246       1.34327598E-02
  0.140625000      0.765625000       9.14757773E-02  0.256808579       1.19736195E-02
  0.171875000      0.765625000      0.114785068      0.273707718       9.23301652E-03
  0.203125000      0.765625000      0.135847837      0.275660932       5.09015750E-03
  0.234375000      0.765625000      0.154445678      0.265905797      -3.36838391E-04
  0.265625000      0.765625000      0.170218542      0.247403502      -6.71388768E-03
  0.296875000      0.765625000      0.182972372      0.223097205      -1.35802105E-02
  0.328125000      0.765625000      0.192825288      0.195673451      -2.04614587E-02
  0.359375000      0.765625000      0.200125933      0.167221606      -2.69537345E-02
  0.390625000      0.765625000      0.205280200      0.139088452      -3.27555835E-02
  0.421875000      0.765625000      0.208611563      0.111956328      -3.76598053E-02
  0.453125000      0.765625000      0.210301489       8.60348493E-02  -4.15287651E-02
  0.484375000      0.765625000      0.210395426       6.12560771E-02  -4.42707762E-02
  0.515625000      0.765625000      0.208839253       3.74174304E-02  -4.58247699E-02
  0.546875000      0.765625000      0.205516338       1.42658539E-02  -4.61525694E-02
  0.578125000      0.765625000      0.200272620      -8.46075546E-03  -4.52370271E-02
  0.609375000      0.765625000      0.192926228      -3.10035162E-02  -4.30830382E-02
  0.640625000      0.765625000      0.183268234      -5.35694249E-02  -3.97245213E-02
  0.671875000      0.765625000      0.171067536      -7.63002038E-02  -3.52356099E-02
  0.703125000      0.765625000      0.156089336      -9.92443860E-02  -2.97453813E-02
  0.734375000      0.765625000      0.138143688     -0.122354254      -2.34568715E-02
  0.765625000      0.765625000      0.117176719     -0.145588249      -1.66608635E-02
  0.796875000      0.765625000       9.33893844E-02 -0.169323400      -9.72616300E-03
  0.828125000      0.765625000       6.72660619E-02 -0.195585638      -3.03875515E-03
  0.859375000      0.765625000       3.91936153E-02 -0.231342390       3.13224806E-03
  0.890625000      0.765625000       8.54590070E-03 -0.294831574       8.82519782E-03
  0.921875000      0.765625000      -2.48747617E-02 -0.415002733       1.45562980E-02
  0.953125000      0.765625000      -4.62712348E-02 -0.561013758       2.09979415E-02
  0.984375000      0.765625000      -2.51958799E-02 -0.449175298       2.51159109E-02
   1.56250000E-02  0.796875000       2.42569041E-03   1.58349760E-02   1.43226366E-02
   4.68750000E-02  0.796875000       1.28128380E-02   7.29196966E-02   1.46677792E-02
   7.81250000E-02  0.796875000       3.29496562E-02  0.138661891       1.51131572E-02
  0.109375000      0.796875000       5.89560419E-02  0.194044411       1.54883806E-02
  0.140625000      0.796875000       8.66505504E-02  0.230735719       1.52685363E-02
  0.171875000      0.796875000      0.113778949      0.249340653       1.38580659E-02
  0.203125000      0.796875000      0.139413267      0.253329456       1.08960904E-02
  0.234375000      0.796875000      0.162955761      0.246096462       6.35811035E-03
  0.265625000      0.796875000      0.183824033      0.230572462       5.18426765E-04
  0.296875000      0.796875000      0.201583236      0.209417105      -6.15636399E-03
  0.328125000      0.796875000      0.216089740      0.184997082      -1.31359193E-02
  0.359375000      0.796875000      0.227477342      0.159213632      -1.99311394E-02
  0.390625000      0.796875000      0.236033440      0.133390695      -2.61498168E-02
  0.421875000      0.796875000      0.242062867      0.108298481      -3.15064080E-02
  0.453125000      0.796875000      0.245797992       8.42732042E-02  -3.58053297E-02
  0.484375000      0.796875000      0.247364908       6.13626577E-02  -3.89171690E-02
  0.515625000      0.796875000      0.246787250       3.94505709E-02  -4.07587513E-02
  0.546875000      0.796875000      0.244005054       1.83437057E-02  -4.12802286E-02
  0.578125000      0.796875000      0.238892823      -2.17693183E-03  -4.04589884E-02
  0.609375000      0.796875000      0.231274068      -2.23167744E-02  -3.82998548E-02
  0.640625000      0.796875000      0.220929503      -4.22486961E-02  -3.48383226E-02
  0.671875000      0.796875000      0.207606927      -6.20933622E-02  -3.01535744E-02
  0.703125000      0.796875000      0.191051036      -8.19137394E-02  -2.43814364E-02
  0.734375000      0.796875000      0.171065941     -0.101751760      -1.77317224E-02
  0.765625000      0.796875000      0.147621810     -0.121778429      -1.04990527E-02
  0.796875000      0.796875000      0.120991111     -0.142715335      -3.05001647E-03
  0.828125000      0.796875000       9.18162912E-02 -0.166897088       4.23719082E-03
  0.859375000      0.796875000       6.08127601E-02 -0.200957790       1.10994950E-02
  0.890625000      0.796875000       2.78155245E-02 -0.261575103       1.75731275E-02
  0.921875000      0.796875000      -8.40746611E-03 -0.378620148       2.41222754E-02
  0.953125000      0.796875000      -3.71926948E-02 -0.547219634       3.16546112E-02
  0.984375000      0.796875000      -2.34344210E-02 -0.497807443       3.70145291E-02
   1.56250000E-02  0.828125000       1.09235267E-03   1.23156039E-02   1.51716778E-02
   4.68750000E-02  0.828125000       7.39798322E-03   5.97432815E-02   1.54668856E-02
   7.81250000E-02  0.828125000       2.27023624E-02  0.116393730       1.62699632E-02
  0.109375000      0.828125000       4.62773852E-02  0.166727751       1.75755247E-02
  0.140625000      0.828125000       7.48299286E-02  0.201801971       1.87109523E-02
  0.171875000      0.828125000      0.105308197      0.220664620       1.87551007E-02
  0.203125000      0.828125000      0.135692596      0.225984186       1.70706660E-02
  0.234375000      0.828125000      0.164645627      0.220944464       1.34851579E-02
  0.265625000      0.828125000      0.191172346      0.208328873       8.22598580E-03
  0.296875000      0.828125000      0.214557812      0.190516591       1.77514716E-03
  0.328125000      0.828125000      0.234408006      0.169542611      -5.28170494E-03
  0.359375000      0.828125000      0.250636756      0.147054493      -1.23762703E-02
  0.390625000      0.828125000      0.263375759      0.124258384      -1.90297496E-02
  0.421875000      0.828125000      0.272855818      0.101925671      -2.48772353E-02
  0.453125000      0.828125000      0.279308379       8.04632008E-02  -2.96604913E-02
  0.484375000      0.828125000      0.282906026       6.00133240E-02  -3.32063362E-02
  0.515625000      0.828125000      0.283738226       4.05507013E-02  -3.54046486E-02
  0.546875000      0.828125000      0.281809747       2.19595730E-02  -3.61912027E-02
  0.578125000      0.828125000      0.277046323       4.08803485E-03  -3.55371162E-02
  0.609375000      0.828125000      0.269308090      -1.32199274E-02  -3.34467962E-02
  0.640625000      0.828125000      0.258405149      -3.00937369E-02  -2.99588665E-02
  0.671875000      0.828125000      0.244115770      -4.66328301E-02  -2.51558516E-02
  0.703125000      0.828125000      0.226225823      -6.29259199E-02  -1.91738289E-02
  0.734375000      0.828125000      0.204597831      -7.91250765E-02  -1.22147277E-02
  0.765625000      0.828125000      0.179273158      -9.56361592E-02  -4.55142558E-03
  0.796875000      0.828125000      0.150587767     -0.113542810       3.48950503E-03
  0.828125000      0.828125000      0.119227253     -0.135537058       1.15859266E-02
  0.859375000      0.828125000       8.59839171E-02 -0.168075085       1.95355974E-02
  0.890625000      0.828125000       5.08326218E-02 -0.226314545       2.74265539E-02
  0.921875000      0.828125000       1.20872082E-02 -0.338918328       3.57533619E-02
  0.953125000      0.828125000      -2.43170969E-02 -0.521738291       4.53598946E-02
  0.984375000      0.828125000      -2.00627577E-02 -0.541306973       5.30326292E-02
   1.56250000E-02  0.859375000      -1.13274867E-03   1.23545732E-02   1.59849655E-02
   4.68750000E-02  0.859375000      -8.38542357E-04   5.31012490E-02   1.62139796E-02
   7.81250000E-02  0.859375000       7.63458153E-03   9.92546305E-02   1.74498279E-02
  0.109375000      0.859375000       2.70328764E-02  0.140889779       1.97747611E-02
  0.140625000      0.859375000       5.52222356E-02  0.170894146       2.23148130E-02
  0.171875000      0.859375000       8.85209218E-02  0.187791571       2.38140486E-02
  0.203125000      0.859375000      0.123677060      0.193313003       2.33735684E-02
  0.234375000      0.859375000      0.158342004      0.189994603       2.06953380E-02
  0.265625000      0.859375000      0.190907672      0.180184245       1.59811974E-02
  0.296875000      0.859375000      0.220308855      0.165873617       9.73976031E-03
  0.328125000      0.859375000      0.245913684      0.148730829       2.60958355E-03
  0.359375000      0.859375000      0.267444193      0.130108461      -4.77304403E-03
  0.390625000      0.859375000      0.284881979      0.111030117      -1.18550882E-02
  0.421875000      0.859375000      0.298363060       9.21961665E-02  -1.82008184E-02
  0.453125000      0.859375000      0.308083057       7.40241855E-02  -2.34922934E-02
  0.484375000      0.859375000      0.314229101       5.67131490E-02  -2.75121890E-02
  0.515625000      0.859375000      0.316940248       4.03121784E-02  -3.01216394E-02
  0.546875000      0.859375000      0.316290349       2.47811265E-02  -3.12407315E-02
  0.578125000      0.859375000      0.312286586       1.00381998E-02  -3.08342800E-02
  0.609375000      0.859375000      0.304869801      -4.01089760E-03  -2.89038811E-02
  0.640625000      0.859375000      0.293933630      -1.74600910E-02  -2.54904367E-02
  0.671875000      0.859375000      0.279363930      -3.04046720E-02  -2.06772164E-02
  0.703125000      0.859375000      0.261074543      -4.29731309E-02  -1.45895248E-02
  0.734375000      0.859375000      0.239055276      -5.54301664E-02  -7.40004424E-03
  0.765625000      0.859375000      0.213434935      -6.83869943E-02   6.76016789E-04
  0.796875000      0.859375000      0.184532970      -8.32071006E-02   9.40584019E-03
  0.828125000      0.859375000      0.152853355     -0.102836691       1.85997821E-02
  0.859375000      0.859375000      0.118854672     -0.133538872       2.82220021E-02
  0.890625000      0.859375000       8.21500570E-02 -0.189001471       3.85525674E-02
  0.921875000      0.859375000       4.04746011E-02 -0.295818031       5.02746888E-02
  0.953125000      0.859375000      -4.70644049E-03 -0.483261257       6.36907369E-02
  0.984375000      0.859375000      -1.36895776E-02 -0.575062096       7.55978674E-02
   1.56250000E-02  0.890625000      -5.56194643E-03   1.90477408E-02   1.66477114E-02
   4.68750000E-02  0.890625000      -1.50257982E-02   5.55742867E-02   1.68337375E-02
   7.81250000E-02  0.890625000      -1.54207945E-02   8.86995941E-02   1.87105481E-02
  0.109375000      0.890625000      -7.30381347E-04  0.117352024       2.21972894E-02
  0.140625000      0.890625000       2.70534121E-02  0.138454303       2.60985196E-02
  0.171875000      0.890625000       6.31602779E-02  0.150821105       2.88788714E-02
  0.203125000      0.890625000      0.103090540      0.155192330       2.94713397E-02
  0.234375000      0.890625000      0.143487751      0.153048784       2.75168084E-02
  0.265625000      0.890625000      0.182100922      0.145947680       2.32203230E-02
  0.296875000      0.890625000      0.217502594      0.135304958       1.71217043E-02
  0.328125000      0.890625000      0.248849064      0.122347087       9.90236085E-03
  0.359375000      0.890625000      0.275716603      0.108094335       2.24872539E-03
  0.390625000      0.890625000      0.297977746       9.33465958E-02  -5.23115415E-03
  0.421875000      0.890625000      0.315696716       7.86819607E-02  -1.20465616E-02
  0.453125000      0.890625000      0.329041362       6.44768476E-02  -1.78304501E-02
  0.484375000      0.890625000      0.338216394       5.09430543E-02  -2.23267265E-02
  0.515625000      0.890625000      0.343419135       3.81723009E-02  -2.53699385E-02
  0.546875000      0.890625000      0.344815612       2.61784010E-02  -2.68648565E-02
  0.578125000      0.890625000      0.342531651       1.49325244E-02  -2.67701279E-02
  0.609375000      0.890625000      0.336660147       4.38656472E-03  -2.50873733E-02
  0.640625000      0.890625000      0.327259302      -5.51773887E-03  -2.18488220E-02
  0.671875000      0.890625000      0.314360797      -1.48768909E-02  -1.71280447E-02
  0.703125000      0.890625000      0.298030019      -2.38799918E-02  -1.10332696E-02
  0.734375000      0.890625000      0.278383702      -3.28581557E-02  -3.68421711E-03
  0.765625000      0.890625000      0.255560935      -4.25177924E-02   4.80089756E-03
  0.796875000      0.890625000      0.229685098      -5.43019995E-02   1.43476166E-02
  0.828125000      0.890625000      0.200763717      -7.11459368E-02   2.50100140E-02
  0.859375000      0.890625000      0.168399006      -9.88728106E-02   3.71069722E-02
  0.890625000      0.890625000      0.131122783     -0.149694517       5.14079556E-02
  0.921875000      0.890625000       8.47880989E-02 -0.247123674       6.90923557E-02
  0.953125000      0.890625000       2.74912957E-02 -0.429487169       9.03780684E-02
  0.984375000      0.890625000      -1.80743448E-03 -0.590562403      0.109210178    
   1.56250000E-02  0.921875000      -1.47218583E-02   3.93299125E-02   1.65358521E-02
   4.68750000E-02  0.921875000      -4.07379381E-02   7.07683861E-02   1.68628097E-02
   7.81250000E-02  0.921875000      -5.14258742E-02   8.45843256E-02   1.98749229E-02
  0.109375000      0.921875000      -3.95819843E-02   9.49285924E-02   2.47536078E-02
  0.140625000      0.921875000      -1.02104973E-02  0.103717476       2.98880171E-02
  0.171875000      0.921875000       2.96802074E-02  0.109554805       3.36153395E-02
  0.203125000      0.921875000       7.44853616E-02  0.111717433       3.48723046E-02
  0.234375000      0.921875000      0.120311134      0.110295154       3.33418697E-02
  0.265625000      0.921875000      0.164590999      0.105803467       2.92665921E-02
  0.296875000      0.921875000      0.205704331       9.89304781E-02   2.32127924E-02
  0.328125000      0.921875000      0.242688388       9.03886557E-02   1.58849955E-02
  0.359375000      0.921875000      0.275040686       8.08319151E-02   7.99562782E-03
  0.390625000      0.921875000      0.302580059       7.08087087E-02   1.83947996E-04
  0.421875000      0.921875000      0.325341314       6.07409254E-02  -7.02469330E-03
  0.453125000      0.921875000      0.343492270       5.09245247E-02  -1.32293943E-02
  0.484375000      0.921875000      0.357269883       4.15455587E-02  -1.81452110E-02
  0.515625000      0.921875000      0.366935879       3.27043049E-02  -2.15853490E-02
  0.546875000      0.921875000      0.372748375       2.44407859E-02  -2.34410875E-02
  0.578125000      0.921875000      0.374948829       1.67569108E-02  -2.36640740E-02
  0.609375000      0.921875000      0.373756707       9.62863769E-03  -2.22524032E-02
  0.640625000      0.921875000      0.369383544       3.01632727E-03  -1.92408673E-02
  0.671875000      0.921875000      0.362032175      -3.15983314E-03  -1.46744717E-02
  0.703125000      0.921875000      0.351834118      -9.06809885E-03  -8.61279760E-03
  0.734375000      0.921875000      0.338852495      -1.50431851E-02  -1.12766714E-03
  0.765625000      0.921875000      0.323071748      -2.17318460E-02   7.79456226E-03
  0.796875000      0.921875000      0.304242045      -3.03866994E-02   1.83051005E-02
  0.828125000      0.921875000      0.281639278      -4.35431376E-02   3.08472570E-02
  0.859375000      0.921875000      0.253560334      -6.60394877E-02   4.63906378E-02
  0.890625000      0.921875000      0.216518521     -0.108218662       6.67643175E-02
  0.921875000      0.921875000      0.163132012     -0.188888222       9.44666564E-02
  0.953125000      0.921875000       8.56261104E-02 -0.352930427      0.130783334    
  0.984375000      0.921875000       2.00851001E-02 -0.572288275      0.163368940    
   1.56250000E-02  0.953125000      -3.66397798E-02   9.06898454E-02   1.27678514E-02
   4.68750000E-02  0.953125000      -7.89842904E-02   8.77652466E-02   1.47531731E-02
   7.81250000E-02  0.953125000      -7.44002238E-02   7.36870915E-02   1.97775867E-02
  0.109375000      0.953125000      -4.64663729E-02   6.60434291E-02   2.65744217E-02
  0.140625000      0.953125000      -7.01714959E-03   6.37765154E-02   3.29322405E-02
  0.171875000      0.953125000       3.88833955E-02   6.36983663E-02   3.73178832E-02
  0.203125000      0.953125000       8.79508033E-02   6.36948049E-02   3.89111750E-02
  0.234375000      0.953125000      0.137678921       6.27575144E-02   3.75544801E-02
  0.265625000      0.953125000      0.186173916       6.05605543E-02   3.35558429E-02
  0.296875000      0.953125000      0.232068717       5.71606420E-02   2.75008455E-02
  0.328125000      0.953125000      0.274441183       5.27986698E-02   2.00973470E-02
  0.359375000      0.953125000      0.312731028       4.77777347E-02   1.20610809E-02
  0.390625000      0.953125000      0.346661627       4.23922688E-02   4.04052436E-03
  0.421875000      0.953125000      0.376167387       3.68908904E-02  -3.42365121E-03
  0.453125000      0.953125000      0.401329935       3.14626135E-02  -9.91218165E-03
  0.484375000      0.953125000      0.422324300       2.62376592E-02  -1.51222758E-02
  0.515625000      0.953125000      0.439377040       2.12961659E-02  -1.88521296E-02
  0.546875000      0.953125000      0.452736437       1.66799296E-02  -2.09821686E-02
  0.578125000      0.953125000      0.462653339       1.24032293E-02  -2.14564949E-02
  0.609375000      0.953125000      0.469369411       8.46070144E-03  -2.02665851E-02
  0.640625000      0.953125000      0.473105967       4.82254848E-03  -1.74359083E-02
  0.671875000      0.953125000      0.474055946       1.43614085E-03  -1.30013507E-02
  0.703125000      0.953125000      0.472380340      -1.79069815E-03  -6.98817009E-03
  0.734375000      0.953125000      0.468128264      -5.08838007E-03   6.36745011E-04
  0.765625000      0.953125000      0.461115479      -8.89615901E-03   1.00178849E-02
  0.796875000      0.953125000      0.450748980      -1.40308831E-02   2.15780977E-02
  0.828125000      0.953125000      0.435636848      -2.21905857E-02   3.62811014E-02
  0.859375000      0.953125000      0.412786186      -3.64705287E-02   5.60682192E-02
  0.890625000      0.953125000      0.376072556      -6.40416071E-02   8.45965743E-02
  0.921875000      0.953125000      0.313630670     -0.117247351      0.127392188    
  0.953125000      0.953125000      0.204835892     -0.238281637      0.190023854    
  0.984375000      0.953125000       6.78187534E-02 -0.484388024      0.255548507    
   1.56250000E-02  0.984375000       6.36638775E-02   6.36643842E-02  -4.76421136E-03
   4.68750000E-02  0.984375000      0.174061522       4.67344671E-02   1.51995346E-02
   7.81250000E-02  0.984375000      0.252493173       3.16986106E-02   2.26852000E-02
  0.109375000      0.984375000      0.308388710       2.41985414E-02   2.95154992E-02
  0.140625000      0.984375000      0.353570700       2.09854152E-02   3.56631577E-02
  0.171875000      0.984375000      0.394353986       1.98001526E-02   3.99075784E-02
  0.203125000      0.984375000      0.433512777       1.93610378E-02   4.14665043E-02
  0.234375000      0.984375000      0.471870810       1.89993903E-02   4.01521996E-02
  0.265625000      0.984375000      0.509278655       1.84106361E-02   3.62278447E-02
  0.296875000      0.984375000      0.545188844       1.75013244E-02   3.02375313E-02
  0.328125000      0.984375000      0.578979969       1.62911862E-02   2.28600744E-02
  0.359375000      0.984375000      0.610121667       1.48514714E-02   1.47968261E-02
  0.390625000      0.984375000      0.638240695       1.32679800E-02   6.69472059E-03
  0.421875000      0.984375000      0.663129389       1.16207842E-02  -8.98121973E-04
  0.453125000      0.984375000      0.684725523       9.97501146E-03  -7.55037088E-03
  0.484375000      0.984375000      0.703079581       8.37842282E-03  -1.29460171E-02
  0.515625000      0.984375000      0.718321502       6.86273351E-03  -1.68714765E-02
  0.546875000      0.984375000      0.730631351       5.44629386E-03  -1.91975292E-02
  0.578125000      0.984375000      0.740216076       4.13749972E-03  -1.98607370E-02
  0.609375000      0.984375000      0.747291267       2.93696555E-03  -1.88455395E-02
  0.640625000      0.984375000      0.752065420       1.83675927E-03  -1.61658823E-02
  0.671875000      0.984375000      0.754720151       8.17756052E-04  -1.18424650E-02
  0.703125000      0.984375000      0.755380392      -1.57342060E-04  -5.87040558E-03
  0.734375000      0.984375000      0.754065871      -1.15657726E-03   1.84044044E-03
  0.765625000      0.984375000      0.750577927      -2.33010389E-03   1.15584563E-02
  0.796875000      0.984375000      0.744294763      -3.95136140E-03   2.39343308E-02
  0.828125000      0.984375000      0.733736098      -6.60496298E-03   4.03792076E-02
  0.859375000      0.984375000      0.715825915      -1.13023305E-02   6.37513995E-02
  0.890625000      0.984375000      0.683920860      -2.05993131E-02   9.97324288E-02
  0.921875000      0.984375000      0.624491096      -3.88268679E-02  0.159184456    
  0.953125000      0.984375000      0.501117587      -8.45429972E-02  0.263734162    
  0.984375000      0.984375000      0.208286390     -0.208285511      0.442758977    
