 VARIABLES="X","Y","U","V","P"
 ZONE F=POINT, I=          32 , J=          32
   1.56250000E-02   1.56250000E-02   3.94865841E-04  -3.94959643E-04   1.56600252E-02
   4.68750000E-02   1.56250000E-02   1.27743231E-03  -4.87827405E-04   1.56210633E-02
   7.81250000E-02   1.56250000E-02   2.00862926E-03  -2.43621776E-04   1.54853482E-02
  0.109375000       1.56250000E-02   2.16466375E-03   8.73412282E-05   1.52755845E-02
  0.140625000       1.56250000E-02   1.66009273E-03   4.16994590E-04   1.50102079E-02
  0.171875000       1.56250000E-02   5.14555839E-04   7.28319923E-04   1.47012547E-02
  0.203125000       1.56250000E-02  -1.24780613E-03   1.03383488E-03   1.43542858E-02
  0.234375000       1.56250000E-02  -3.62616731E-03   1.34433433E-03   1.39766913E-02
  0.265625000       1.56250000E-02  -6.62992708E-03   1.65924779E-03   1.35825165E-02
  0.296875000       1.56250000E-02  -1.02531295E-02   1.96379190E-03   1.31927365E-02
  0.328125000       1.56250000E-02  -1.44513687E-02   2.23429920E-03   1.28362551E-02
  0.359375000       1.56250000E-02  -1.91280805E-02   2.44228193E-03   1.25489291E-02
  0.390625000       1.56250000E-02  -2.41285227E-02   2.55804183E-03   1.23715810E-02
  0.421875000       1.56250000E-02  -2.92408075E-02   2.55413260E-03   1.23468507E-02
  0.453125000       1.56250000E-02  -3.42032611E-02   2.40821321E-03   1.25153977E-02
  0.484375000       1.56250000E-02  -3.87166180E-02   2.10503396E-03   1.29112694E-02
  0.515625000       1.56250000E-02  -4.24591899E-02   1.63742667E-03   1.35568753E-02
  0.546875000       1.56250000E-02  -4.51039895E-02   1.00725319E-03   1.44572183E-02
  0.578125000       1.56250000E-02  -4.63402346E-02   2.28860430E-04   1.55939031E-02
  0.609375000       1.56250000E-02  -4.59174812E-02  -6.51771377E-04   1.68941543E-02
  0.640625000       1.56250000E-02  -4.35706824E-02  -1.69520767E-03   1.82288550E-02
  0.671875000       1.56250000E-02  -3.90961096E-02  -2.77957972E-03   1.94834918E-02
  0.703125000       1.56250000E-02  -3.25597674E-02  -3.75700090E-03   2.05219220E-02
  0.734375000       1.56250000E-02  -2.43412443E-02  -4.46177647E-03   2.12139785E-02
  0.765625000       1.56250000E-02  -1.51664643E-02  -4.71327454E-03   2.14704052E-02
  0.796875000       1.56250000E-02  -6.11672876E-03  -4.33672732E-03   2.12807655E-02
  0.828125000       1.56250000E-02   1.43158017E-03  -3.21183866E-03   2.07468923E-02
  0.859375000       1.56250000E-02   6.12649694E-03  -1.48331898E-03   2.00513136E-02
  0.890625000       1.56250000E-02   7.45265838E-03   1.56932292E-04   1.93900168E-02
  0.921875000       1.56250000E-02   6.07822090E-03   1.21729122E-03   1.89133808E-02
  0.953125000       1.56250000E-02   3.31512396E-03   1.54559873E-03   1.86702181E-02
  0.984375000       1.56250000E-02   8.84711277E-04   8.84647074E-04   1.86516214E-02
   1.56250000E-02   4.68750000E-02   4.87346348E-04  -1.27739296E-03   1.56976003E-02
   4.68750000E-02   4.68750000E-02   1.28560013E-03  -1.28672214E-03   1.56535357E-02
   7.81250000E-02   4.68750000E-02   1.25656428E-03  -1.47457904E-04   1.55276889E-02
  0.109375000       4.68750000E-02  -2.39294022E-04   1.33044622E-03   1.53428838E-02
  0.140625000       4.68750000E-02  -3.36186565E-03   2.80050095E-03   1.51088722E-02
  0.171875000       4.68750000E-02  -8.06491822E-03   4.19289758E-03   1.48315849E-02
  0.203125000       4.68750000E-02  -1.42555917E-02   5.52181900E-03   1.45133957E-02
  0.234375000       4.68750000E-02  -2.18099952E-02   6.78867381E-03   1.41592119E-02
  0.265625000       4.68750000E-02  -3.05489823E-02   7.95724615E-03   1.37799866E-02
  0.296875000       4.68750000E-02  -4.02186364E-02   8.95827636E-03   1.33943260E-02
  0.328125000       4.68750000E-02  -5.04891276E-02   9.70820710E-03   1.30292913E-02
  0.359375000       4.68750000E-02  -6.09671995E-02   1.01228580E-02   1.27198016E-02
  0.390625000       4.68750000E-02  -7.12162107E-02   1.01266485E-02   1.25069758E-02
  0.421875000       4.68750000E-02  -8.07776749E-02   9.65902023E-03   1.24350162E-02
  0.453125000       4.68750000E-02  -8.91909152E-02   8.67877807E-03   1.25471354E-02
  0.484375000       4.68750000E-02  -9.60098505E-02   7.16652675E-03   1.28807109E-02
  0.515625000       4.68750000E-02 -0.100817107       5.12552308E-03   1.34620536E-02
  0.546875000       4.68750000E-02 -0.103235818       2.58240616E-03   1.43007524E-02
  0.578125000       4.68750000E-02 -0.102937624      -4.08544438E-04   1.53855234E-02
  0.609375000       4.68750000E-02  -9.95793119E-02  -3.79577256E-03   1.65985655E-02
  0.640625000       4.68750000E-02  -9.29914042E-02  -7.48631358E-03   1.78696718E-02
  0.671875000       4.68750000E-02  -8.33085030E-02  -1.11464132E-02   1.90749690E-02
  0.703125000       4.68750000E-02  -7.08625913E-02  -1.43729448E-02   2.00787671E-02
  0.734375000       4.68750000E-02  -5.62273227E-02  -1.67001858E-02   2.07545161E-02
  0.765625000       4.68750000E-02  -4.02734466E-02  -1.76041126E-02   2.10176539E-02
  0.796875000       4.68750000E-02  -2.42200717E-02  -1.65495835E-02   2.08625030E-02
  0.828125000       4.68750000E-02  -9.64144710E-03  -1.31264795E-02   2.03866754E-02
  0.859375000       4.68750000E-02   1.57776184E-03  -7.48333428E-03   1.97812393E-02
  0.890625000       4.68750000E-02   7.57626025E-03  -1.16821181E-03   1.92219876E-02
  0.921875000       4.68750000E-02   8.12424161E-03   3.36841564E-03   1.88278742E-02
  0.953125000       4.68750000E-02   5.13991341E-03   5.14143612E-03   1.86302084E-02
  0.984375000       4.68750000E-02   1.54477358E-03   3.31397844E-03   1.86244249E-02
   1.56250000E-02   7.81250000E-02   9.93060094E-05  -1.86430279E-03   1.58407316E-02
   4.68750000E-02   7.81250000E-02  -4.51587955E-04  -9.47751163E-04   1.57686453E-02
   7.81250000E-02   7.81250000E-02  -2.82547576E-03   1.91585673E-03   1.56364255E-02
  0.109375000       7.81250000E-02  -7.36489799E-03   5.30179264E-03   1.54587924E-02
  0.140625000       7.81250000E-02  -1.40261967E-02   8.61242972E-03   1.52390376E-02
  0.171875000       7.81250000E-02  -2.26394869E-02   1.16967419E-02   1.49734356E-02
  0.203125000       7.81250000E-02  -3.29524167E-02   1.45210428E-02   1.46577079E-02
  0.234375000       7.81250000E-02  -4.46387827E-02   1.70297176E-02   1.42920893E-02
  0.265625000       7.81250000E-02  -5.73036745E-02   1.91196110E-02   1.38846366E-02
  0.296875000       7.81250000E-02  -7.04984516E-02   2.06599068E-02   1.34528466E-02
  0.328125000       7.81250000E-02  -8.37413818E-02   2.15196274E-02   1.30243916E-02
  0.359375000       7.81250000E-02  -9.65383053E-02   2.15860959E-02   1.26364548E-02
  0.390625000       7.81250000E-02 -0.108400926       2.07747482E-02   1.23338681E-02
  0.421875000       7.81250000E-02 -0.118862405       1.90335996E-02   1.21655781E-02
  0.453125000       7.81250000E-02 -0.127489805       1.63445882E-02   1.21803619E-02
  0.484375000       7.81250000E-02 -0.133893371       1.27229923E-02   1.24212084E-02
  0.515625000       7.81250000E-02 -0.137732789       8.21550190E-03   1.29196532E-02
  0.546875000       7.81250000E-02 -0.138719574       2.89767073E-03   1.36900013E-02
  0.578125000       7.81250000E-02 -0.136613533      -3.12835420E-03   1.46984495E-02
  0.609375000       7.81250000E-02 -0.131282210      -9.76594910E-03   1.58637054E-02
  0.640625000       7.81250000E-02 -0.122768223      -1.66184306E-02   1.71151888E-02
  0.671875000       7.81250000E-02 -0.111253932      -2.32119672E-02   1.83286481E-02
  0.703125000       7.81250000E-02  -9.70401093E-02  -2.89676636E-02   1.93670988E-02
  0.734375000       7.81250000E-02  -8.05925205E-02  -3.31889093E-02   2.01013777E-02
  0.765625000       7.81250000E-02  -6.26014546E-02  -3.50609459E-02   2.04411279E-02
  0.796875000       7.81250000E-02  -4.40452248E-02  -3.37029696E-02   2.03702636E-02
  0.828125000       7.81250000E-02  -2.62465496E-02  -2.83509940E-02   1.99728310E-02
  0.859375000       7.81250000E-02  -1.08870193E-02  -1.88381281E-02   1.94246508E-02
  0.890625000       7.81250000E-02   4.27367631E-05  -6.74220733E-03   1.89137347E-02
  0.921875000       7.81250000E-02   4.72679175E-03   3.70986108E-03   1.85476951E-02
  0.953125000       7.81250000E-02   3.99293378E-03   8.51767324E-03   1.83770172E-02
  0.984375000       7.81250000E-02   1.33340631E-03   6.19198289E-03   1.83706805E-02
   1.56250000E-02  0.109375000      -6.27421134E-04  -1.33645232E-03   1.60693545E-02
   4.68750000E-02  0.109375000      -3.36266658E-03   1.80994452E-03   1.59482043E-02
   7.81250000E-02  0.109375000      -8.88990238E-03   7.05863442E-03   1.57935731E-02
  0.109375000      0.109375000      -1.68580990E-02   1.26660019E-02   1.56035312E-02
  0.140625000      0.109375000      -2.69267522E-02   1.79775711E-02   1.53690260E-02
  0.171875000      0.109375000      -3.87668014E-02   2.27843635E-02   1.50773963E-02
  0.203125000      0.109375000      -5.20050526E-02   2.69840583E-02   1.47181023E-02
  0.234375000      0.109375000      -6.62091598E-02   3.04566529E-02   1.42876972E-02
  0.265625000      0.109375000      -8.09043944E-02   3.30523252E-02   1.37931081E-02
  0.296875000      0.109375000      -9.55989659E-02   3.46161127E-02   1.32533163E-02
  0.328125000      0.109375000     -0.109806061       3.50130945E-02   1.26996869E-02
  0.359375000      0.109375000     -0.123060495       3.41436714E-02   1.21747265E-02
  0.390625000      0.109375000     -0.134931043       3.19500789E-02   1.17296409E-02
  0.421875000      0.109375000     -0.145029485       2.84179859E-02   1.14200469E-02
  0.453125000      0.109375000     -0.153016850       2.35747807E-02   1.13011310E-02
  0.484375000      0.109375000     -0.158606946       1.74863040E-02   1.14209261E-02
  0.515625000      0.109375000     -0.161567390       1.02518816E-02   1.18146129E-02
  0.546875000      0.109375000     -0.161717713       1.99821079E-03   1.24979811E-02
  0.578125000      0.109375000     -0.158923030      -7.12985219E-03   1.34249050E-02
  0.609375000      0.109375000     -0.153153807      -1.68652851E-02   1.45622566E-02
  0.640625000      0.109375000     -0.144462094      -2.67251171E-02   1.58222187E-02
  0.671875000      0.109375000     -0.132932097      -3.61499637E-02   1.70863084E-02
  0.703125000      0.109375000     -0.118735164      -4.44408804E-02   1.82188340E-02
  0.734375000      0.109375000     -0.102168709      -5.07302657E-02   1.90870818E-02
  0.765625000      0.109375000      -8.37082416E-02  -5.39716631E-02   1.95895806E-02
  0.796875000      0.109375000      -6.40725195E-02  -5.29847667E-02   1.96892451E-02
  0.828125000      0.109375000      -4.43029068E-02  -4.66380566E-02   1.94400996E-02
  0.859375000      0.109375000      -2.58623622E-02  -3.43516767E-02   1.89870708E-02
  0.890625000      0.109375000      -1.07538886E-02  -1.72674023E-02   1.85153950E-02
  0.921875000      0.109375000      -1.26070075E-03   5.73192956E-05   1.81627572E-02
  0.953125000      0.109375000       1.72725529E-03   9.91563313E-03   1.79600939E-02
  0.984375000      0.109375000       8.27588025E-04   8.35280959E-03   1.79188084E-02
   1.56250000E-02  0.140625000      -1.54505123E-03   8.35742801E-04   1.63321532E-02
   4.68750000E-02  0.140625000      -6.73732953E-03   7.56465364E-03   1.61533710E-02
   7.81250000E-02  0.140625000      -1.53960828E-02   1.54892392E-02   1.59626752E-02
  0.109375000      0.140625000      -2.63977796E-02   2.32046396E-02   1.57337729E-02
  0.140625000      0.140625000      -3.91364433E-02   3.02456357E-02   1.54452361E-02
  0.171875000      0.140625000      -5.31987958E-02   3.64181176E-02   1.50779737E-02
  0.203125000      0.140625000      -6.81818277E-02   4.15710360E-02   1.46182813E-02
  0.234375000      0.140625000      -8.36497620E-02   4.55411971E-02   1.40621979E-02
  0.265625000      0.140625000      -9.91483480E-02   4.81611453E-02   1.34186763E-02
  0.296875000      0.140625000     -0.114229038       4.92821634E-02   1.27110872E-02
  0.328125000      0.140625000     -0.128468037       4.87928167E-02   1.19768959E-02
  0.359375000      0.140625000     -0.141478643       4.66287434E-02   1.12656867E-02
  0.390625000      0.140625000     -0.152918577       4.27753031E-02   1.06358705E-02
  0.421875000      0.140625000     -0.162493393       3.72658893E-02   1.01495711E-02
  0.453125000      0.140625000     -0.169956803       3.01775653E-02   9.86708794E-03
  0.484375000      0.140625000     -0.175108731       2.16254853E-02   9.83996782E-03
  0.515625000      0.140625000     -0.177791983       1.17563307E-02   1.01046897E-02
  0.546875000      0.140625000     -0.177889168       7.41182768E-04   1.06753837E-02
  0.578125000      0.140625000     -0.175323755      -1.12330699E-02   1.15254717E-02
  0.609375000      0.140625000     -0.170048505      -2.38067247E-02   1.26334131E-02
  0.640625000      0.140625000     -0.162030816      -3.64933014E-02   1.39164887E-02
  0.671875000      0.140625000     -0.151265144      -4.86777425E-02   1.52629633E-02
  0.703125000      0.140625000     -0.137799472      -5.95760718E-02   1.65408161E-02
  0.734375000      0.140625000     -0.121767886      -6.81935325E-02   1.76142789E-02
  0.765625000      0.140625000     -0.103438385      -7.32988268E-02   1.83678344E-02
  0.796875000      0.140625000      -8.32822844E-02  -7.34499171E-02   1.87356025E-02
  0.828125000      0.140625000      -6.20757490E-02  -6.71495646E-02   1.87288113E-02
  0.859375000      0.140625000      -4.10533249E-02  -5.33036292E-02   1.84455533E-02
  0.890625000      0.140625000      -2.21306980E-02  -3.23470347E-02   1.80442072E-02
  0.921875000      0.140625000      -7.99355842E-03  -8.49384628E-03   1.76725183E-02
  0.953125000      0.140625000      -9.59374651E-04   8.44420213E-03   1.74131133E-02
  0.984375000      0.140625000       2.91954319E-04   9.47219320E-03   1.73092764E-02
   1.56250000E-02  0.171875000      -2.43635848E-03   4.81685996E-03   1.65523179E-02
   4.68750000E-02  0.171875000      -9.85711440E-03   1.61959194E-02   1.63153298E-02
   7.81250000E-02  0.171875000      -2.11101063E-02   2.67690141E-02   1.60753373E-02
  0.109375000      0.171875000      -3.44057903E-02   3.62215750E-02   1.57792009E-02
  0.140625000      0.171875000      -4.89728190E-02   4.45337594E-02   1.53957661E-02
  0.171875000      0.171875000      -6.43788278E-02   5.15977740E-02   1.49035165E-02
  0.203125000      0.171875000      -8.02470148E-02   5.72420582E-02   1.42896604E-02
  0.234375000      0.171875000      -9.61909145E-02   6.12815246E-02   1.35533856E-02
  0.265625000      0.171875000     -0.111821771       6.35498539E-02   1.27085727E-02
  0.296875000      0.171875000     -0.126768023       6.39200658E-02   1.17850387E-02
  0.328125000      0.171875000     -0.140690058       6.23157099E-02   1.08273905E-02
  0.359375000      0.171875000     -0.153288081       5.87143302E-02   9.89239477E-03
  0.390625000      0.171875000     -0.164304495       5.31459674E-02   9.04500857E-03
  0.421875000      0.171875000     -0.173522294       4.56878170E-02   8.35269503E-03
  0.453125000      0.171875000     -0.180761009       3.64577919E-02   7.87954312E-03
  0.484375000      0.171875000     -0.185871273       2.56075151E-02   7.67948665E-03
  0.515625000      0.171875000     -0.188730285       1.33166183E-02   7.78971706E-03
  0.546875000      0.171875000     -0.189239979      -2.12189800E-04   8.22393037E-03
  0.578125000      0.171875000     -0.187329590      -1.47555303E-02   8.98270588E-03
  0.609375000      0.171875000     -0.182927549      -2.99616009E-02   1.00535192E-02
  0.640625000      0.171875000     -0.175948232      -4.53355201E-02   1.13640223E-02
  0.671875000      0.171875000     -0.166312248      -6.02373369E-02   1.28124459E-02
  0.703125000      0.171875000     -0.153957427      -7.38372058E-02   1.42733809E-02
  0.734375000      0.171875000     -0.138863087      -8.50586370E-02   1.56096369E-02
  0.765625000      0.171875000     -0.121095210      -9.25314426E-02   1.66907646E-02
  0.796875000      0.171875000     -0.100881889      -9.45871025E-02   1.74179971E-02
  0.828125000      0.171875000      -7.87344128E-02  -8.93668234E-02   1.77504495E-02
  0.859375000      0.171875000      -5.56434691E-02  -7.52001852E-02   1.77247133E-02
  0.890625000      0.171875000      -3.33921425E-02  -5.16248792E-02   1.74529087E-02
  0.921875000      0.171875000      -1.49212331E-02  -2.18244921E-02   1.70852486E-02
  0.953125000      0.171875000      -3.73269245E-03   3.55169224E-03   1.67465545E-02
  0.984375000      0.171875000      -1.91839485E-04   9.57215857E-03   1.65553745E-02
   1.56250000E-02  0.203125000      -3.14483675E-03   1.03977509E-02   1.66331865E-02
   4.68750000E-02  0.203125000      -1.22516127E-02   2.71418840E-02   1.63449943E-02
   7.81250000E-02  0.203125000      -2.53405478E-02   4.01642472E-02   1.60452891E-02
  0.109375000      0.203125000      -4.01442647E-02   5.09250611E-02   1.56580191E-02
  0.140625000      0.203125000      -5.57936840E-02   6.00460917E-02   1.51465833E-02
  0.171875000      0.203125000      -7.18656182E-02   6.75628260E-02   1.44908316E-02
  0.203125000      0.203125000      -8.80300850E-02   7.33091682E-02   1.36823673E-02
  0.234375000      0.203125000     -0.103966855       7.70946592E-02   1.27260713E-02
  0.265625000      0.203125000     -0.119364128       7.87645280E-02   1.16427690E-02
  0.296875000      0.203125000     -0.133931667       7.82189369E-02   1.04695344E-02
  0.328125000      0.203125000     -0.147410184       7.54172727E-02   9.25812311E-03
  0.359375000      0.203125000     -0.159574911       7.03754723E-02   8.07189103E-03
  0.390625000      0.203125000     -0.170234025       6.31603673E-02   6.98121730E-03
  0.421875000      0.203125000     -0.179224223       5.38815260E-02   6.05783658E-03
  0.453125000      0.203125000     -0.186405033       4.26837504E-02   5.36904112E-03
  0.484375000      0.203125000     -0.191653967       2.97409277E-02   4.97114006E-03
  0.515625000      0.203125000     -0.194864303       1.52527522E-02   4.90290066E-03
  0.546875000      0.203125000     -0.195946828      -5.55925595E-04   5.17971953E-03
  0.578125000      0.203125000     -0.194835901      -1.74329765E-02   5.82658453E-03
  0.609375000      0.203125000     -0.191457480      -3.50644961E-02   6.84569404E-03
  0.640625000      0.203125000     -0.185702920      -5.29664606E-02   8.17716215E-03
  0.671875000      0.203125000     -0.177436769      -7.05085546E-02   9.73154046E-03
  0.703125000      0.203125000     -0.166498721      -8.68589580E-02   1.13932453E-02
  0.734375000      0.203125000     -0.152721509     -0.100908615       1.30266659E-02
  0.765625000      0.203125000     -0.135974303     -0.111196779       1.44887455E-02
  0.796875000      0.203125000     -0.116243258     -0.115866423       1.56473592E-02
  0.828125000      0.203125000      -9.37684178E-02 -0.112710178       1.64053347E-02
  0.859375000      0.203125000      -6.92707747E-02  -9.94458199E-02   1.67272501E-02
  0.890625000      0.203125000      -4.43285257E-02  -7.45732337E-02   1.66608114E-02
  0.921875000      0.203125000      -2.19373591E-02  -3.97386290E-02   1.63391251E-02
  0.953125000      0.203125000      -6.56561973E-03  -5.09485463E-03   1.59373730E-02
  0.984375000      0.203125000      -6.34142023E-04   8.74604005E-03   1.56362057E-02
   1.56250000E-02  0.234375000      -3.58237256E-03   1.71246491E-02   1.64857395E-02
   4.68750000E-02  0.234375000      -1.37056606E-02   3.96443680E-02   1.61570050E-02
   7.81250000E-02  0.234375000      -2.78504640E-02   5.48947752E-02   1.57920029E-02
  0.109375000      0.234375000      -4.34445962E-02   6.65917099E-02   1.52987819E-02
  0.140625000      0.234375000      -5.95533252E-02   7.61369914E-02   1.46392211E-02
  0.171875000      0.234375000      -7.57670030E-02   8.37570205E-02   1.37972981E-02
  0.203125000      0.234375000      -9.18028057E-02   8.93148184E-02   1.27707124E-02
  0.234375000      0.234375000     -0.107404433       9.26270634E-02   1.15717733E-02
  0.265625000      0.234375000     -0.122330844       9.35555845E-02   1.02288872E-02
  0.296875000      0.234375000     -0.136362374       9.20268297E-02   8.78651906E-03
  0.328125000      0.234375000     -0.149305165       8.80307034E-02   7.30302930E-03
  0.359375000      0.234375000     -0.160991460       8.16131234E-02   5.84767200E-03
  0.390625000      0.234375000     -0.171276271       7.28667527E-02   4.49557556E-03
  0.421875000      0.234375000     -0.180032775       6.19220845E-02   3.32235591E-03
  0.453125000      0.234375000     -0.187148690       4.89402041E-02   2.39862874E-03
  0.484375000      0.234375000     -0.192524105       3.41091231E-02   1.78369507E-03
  0.515625000      0.234375000     -0.196072161       1.76433064E-02   1.51949935E-03
  0.546875000      0.234375000     -0.197722584      -2.13219348E-04   1.62486848E-03
  0.578125000      0.234375000     -0.197427481      -1.91814397E-02   2.13986356E-03
  0.609375000      0.234375000     -0.195129007      -3.89926806E-02   3.08876624E-03
  0.640625000      0.234375000     -0.190716714      -5.92049435E-02   4.42404766E-03
  0.671875000      0.234375000     -0.184015542      -7.92372748E-02   6.07087463E-03
  0.703125000      0.234375000     -0.174780339      -9.83034670E-02   7.92658702E-03
  0.734375000      0.234375000     -0.162707627     -0.115314052       9.86197405E-03
  0.765625000      0.234375000     -0.147476897     -0.128769428       1.17265079E-02
  0.796875000      0.234375000     -0.128834412     -0.136667520       1.33589637E-02
  0.828125000      0.234375000     -0.106741101     -0.136477485       1.46074928E-02
  0.859375000      0.234375000      -8.16207826E-02 -0.125296816       1.53591093E-02
  0.890625000      0.234375000      -5.47769517E-02 -0.100508697       1.55811608E-02
  0.921875000      0.234375000      -2.90820375E-02  -6.18896335E-02   1.53629789E-02
  0.953125000      0.234375000      -9.68306977E-03  -1.77149307E-02   1.49134016E-02
  0.984375000      0.234375000      -1.18025602E-03   6.93151774E-03   1.45006701E-02
   1.56250000E-02  0.265625000      -3.72722070E-03   2.44339332E-02   1.60469860E-02
   4.68750000E-02  0.265625000      -1.41958371E-02   5.29263057E-02   1.56904776E-02
   7.81250000E-02  0.265625000      -2.86794566E-02   7.02405572E-02   1.52604859E-02
  0.109375000      0.265625000      -4.44403440E-02   8.26003104E-02   1.46566741E-02
  0.140625000      0.265625000      -6.04883023E-02   9.22845155E-02   1.38426181E-02
  0.171875000      0.265625000      -7.64197707E-02   9.97541696E-02   1.28074139E-02
  0.203125000      0.265625000      -9.19899121E-02  0.104923241       1.15558328E-02
  0.234375000      0.265625000     -0.106994987      0.107625097       1.01078358E-02
  0.265625000      0.265625000     -0.121250749      0.107739583       8.49939138E-03
  0.296875000      0.265625000     -0.134592012      0.105215609       6.78198272E-03
  0.328125000      0.265625000     -0.146873474      0.100066304       5.02033252E-03
  0.359375000      0.265625000     -0.157968268       9.23587978E-02   3.28891841E-03
  0.390625000      0.265625000     -0.167765394       8.22032839E-02   1.66752003E-03
  0.421875000      0.265625000     -0.176167578       6.97446316E-02   2.35729589E-04
  0.453125000      0.265625000     -0.183090538       5.51569313E-02  -9.32020426E-04
  0.484375000      0.265625000     -0.188463897       3.86416130E-02  -1.77277322E-03
  0.515625000      0.265625000     -0.192233250       2.04286948E-02  -2.24015466E-03
  0.546875000      0.265625000     -0.194361687       7.80683476E-04  -2.31068232E-03
  0.578125000      0.265625000     -0.194830388      -2.00013407E-02  -1.94164249E-03
  0.609375000      0.265625000     -0.193610579      -4.16907147E-02  -1.08253956E-03
  0.640625000      0.265625000     -0.190607935      -6.39215112E-02   2.31209910E-04
  0.671875000      0.265625000     -0.185625285      -8.62042755E-02   1.94016472E-03
  0.703125000      0.265625000     -0.178348571     -0.107848212       3.95809021E-03
  0.734375000      0.265625000     -0.168352038     -0.127838448       6.16803905E-03
  0.765625000      0.265625000     -0.155135453     -0.144692391       8.41982476E-03
  0.796875000      0.265625000     -0.138208568     -0.156314045       1.05325188E-02
  0.828125000      0.265625000     -0.117245585     -0.159887418       1.23061538E-02
  0.859375000      0.265625000      -9.23481882E-02 -0.151904881       1.35513507E-02
  0.890625000      0.265625000      -6.44902959E-02 -0.128602684       1.41432900E-02
  0.921875000      0.265625000      -3.62872295E-02  -8.76939744E-02   1.41017493E-02
  0.953125000      0.265625000      -1.31507590E-02  -3.44463661E-02   1.36468038E-02
  0.984375000      0.265625000      -1.87102531E-03   3.88012500E-03   1.31192906E-02
   1.56250000E-02  0.296875000      -3.60067398E-03   3.17615345E-02   1.52911637E-02
   4.68750000E-02  0.296875000      -1.38084749E-02   6.62744716E-02   1.49204116E-02
   7.81250000E-02  0.296875000      -2.80050598E-02   8.55719149E-02   1.44309364E-02
  0.109375000      0.296875000      -4.34005894E-02   9.84247476E-02   1.37208048E-02
  0.140625000      0.296875000      -5.89496568E-02  0.108056560       1.27572250E-02
  0.171875000      0.296875000      -7.42422566E-02  0.115205772       1.15349293E-02
  0.203125000      0.296875000      -8.90586376E-02  0.119857877       1.00654820E-02
  0.234375000      0.296875000     -0.103233621      0.121870376       8.37599486E-03
  0.265625000      0.296875000     -0.116624415      0.121140838       6.50966819E-03
  0.296875000      0.296875000     -0.129104719      0.117636025       4.52448986E-03
  0.328125000      0.296875000     -0.140563339      0.111386180       2.49121618E-03
  0.359375000      0.296875000     -0.150902927      0.102473609       4.89497848E-04
  0.390625000      0.296875000     -0.160039529       9.10226405E-02  -1.39632111E-03
  0.421875000      0.296875000     -0.167903990       7.71924406E-02  -3.08215083E-03
  0.453125000      0.296875000     -0.174444646       6.11732602E-02  -4.48960904E-03
  0.484375000      0.296875000     -0.179630220       4.31847721E-02  -5.55139640E-03
  0.515625000      0.296875000     -0.183450699       2.34759562E-02  -6.21680589E-03
  0.546875000      0.296875000     -0.185914814       2.32652086E-03  -6.45679142E-03
  0.578125000      0.296875000     -0.187043279      -1.99494883E-02  -6.23845868E-03
  0.609375000      0.296875000     -0.186847389      -4.31578159E-02  -5.48552955E-03
  0.640625000      0.296875000     -0.185264677      -6.70393333E-02  -4.22344403E-03
  0.671875000      0.296875000     -0.182095379      -9.12380517E-02  -2.49561993E-03
  0.703125000      0.296875000     -0.176976889     -0.115209386      -3.69025627E-04
  0.734375000      0.296875000     -0.169379607     -0.138070911       2.05773022E-03
  0.765625000      0.296875000     -0.158637315     -0.158418700       4.64488287E-03
  0.796875000      0.296875000     -0.144028664     -0.174123257       7.20419036E-03
  0.828125000      0.296875000     -0.124934427     -0.182135522       9.50035453E-03
  0.859375000      0.296875000     -0.101110041     -0.178378746       1.12744803E-02
  0.890625000      0.296875000      -7.31503516E-02 -0.157946631       1.23044206E-02
  0.921875000      0.296875000      -4.33102772E-02 -0.116393432       1.25154741E-02
  0.953125000      0.296875000      -1.69524048E-02  -5.52415363E-02   1.21036358E-02
  0.984375000      0.296875000      -2.78304028E-03  -7.74034183E-04   1.14749111E-02
   1.56250000E-02  0.328125000      -3.24639492E-03   3.86083350E-02   1.42311137E-02
   4.68750000E-02  0.328125000      -1.26818847E-02   7.90703744E-02   1.38590960E-02
   7.81250000E-02  0.328125000      -2.60620788E-02  0.100352183       1.33193005E-02
  0.109375000      0.328125000      -4.06440198E-02  0.113621399       1.25136208E-02
  0.140625000      0.328125000      -5.53246997E-02  0.123089209       1.14140715E-02
  0.171875000      0.328125000      -6.96737915E-02  0.129814506       1.00209191E-02
  0.203125000      0.328125000      -8.34834874E-02  0.133875012       8.35166872E-03
  0.234375000      0.328125000      -9.66140330E-02  0.135158718       6.43990654E-03
  0.265625000      0.328125000     -0.108950958      0.133580327       4.33519855E-03
  0.296875000      0.328125000     -0.120394565      0.129120678       2.10184744E-03
  0.328125000      0.328125000     -0.130857229      0.121823132      -1.83859345E-04
  0.359375000      0.328125000     -0.140263498      0.111782953      -2.43693194E-03
  0.390625000      0.328125000     -0.148552611       9.91395563E-02  -4.56814840E-03
  0.421875000      0.328125000     -0.155683339       8.40712935E-02  -6.48907572E-03
  0.453125000      0.328125000     -0.161639780       6.67921454E-02  -8.11715703E-03
  0.484375000      0.328125000     -0.166435689       4.75480109E-02  -9.38127376E-03
  0.515625000      0.328125000     -0.170113802       2.66119856E-02  -1.02267191E-02
  0.546875000      0.328125000     -0.172737896       4.27934993E-03  -1.06196273E-02
  0.578125000      0.328125000     -0.174377352      -1.91337988E-02  -1.05445134E-02
  0.609375000      0.328125000     -0.175093487      -4.34527472E-02  -9.90767963E-03
  0.640625000      0.328125000     -0.174871445      -6.85486794E-02  -8.72646458E-03
  0.671875000      0.328125000     -0.173531130      -9.42378938E-02  -7.02957157E-03
  0.703125000      0.328125000     -0.170686722     -0.120172083      -4.86299302E-03
  0.734375000      0.328125000     -0.165729672     -0.145662248      -2.30119540E-03
  0.765625000      0.328125000     -0.157847255     -0.169451892       5.36936859E-04
  0.796875000      0.328125000     -0.146096423     -0.189449400       3.47035122E-03
  0.828125000      0.328125000     -0.129559934     -0.202440098       6.24572579E-03
  0.859375000      0.328125000     -0.107624836     -0.203833789       8.54807720E-03
  0.890625000      0.328125000      -8.04614797E-02 -0.187614799       1.00594312E-02
  0.921875000      0.328125000      -4.98799756E-02 -0.147147030       1.05902301E-02
  0.953125000      0.328125000      -2.09669769E-02  -7.97590166E-02   1.02698551E-02
  0.984375000      0.328125000      -3.91796464E-03  -7.47511256E-03   9.55341570E-03
   1.56250000E-02  0.359375000      -2.71799346E-03   4.45724912E-02   1.29122343E-02
   4.68750000E-02  0.359375000      -1.09746084E-02   9.07978192E-02   1.25507945E-02
   7.81250000E-02  0.359375000      -2.31022779E-02  0.114132077       1.19720921E-02
  0.109375000      0.359375000      -3.64986397E-02  0.127819344       1.10857598E-02
  0.140625000      0.359375000      -5.00028953E-02  0.137075841       9.86965746E-03
  0.171875000      0.359375000      -6.31511211E-02  0.143324986       8.32889695E-03
  0.203125000      0.359375000      -7.57355317E-02  0.146758556       6.48609828E-03
  0.234375000      0.359375000      -8.76315013E-02  0.147301763       4.38031415E-03
  0.265625000      0.359375000      -9.87433940E-02  0.144886315       2.06680596E-03
  0.296875000      0.359375000     -0.108989745      0.139504999      -3.84635932E-04
  0.328125000      0.359375000     -0.118299991      0.131212190      -2.89206230E-03
  0.359375000      0.359375000     -0.126615912      0.120116621      -5.36521384E-03
  0.390625000      0.359375000     -0.133896694      0.106376410      -7.71009875E-03
  0.421875000      0.359375000     -0.140126854       9.01960284E-02  -9.83372051E-03
  0.453125000      0.359375000     -0.145324886       7.18226060E-02  -1.16500640E-02
  0.484375000      0.359375000     -0.149549156       5.15384451E-02  -1.30850691E-02
  0.515625000      0.359375000     -0.152896821       2.96480507E-02  -1.40813831E-02
  0.546875000      0.359375000     -0.155491382       6.46262616E-03  -1.46017671E-02
  0.578125000      0.359375000     -0.157458127      -1.77102424E-02  -1.46503206E-02
  0.609375000      0.359375000     -0.158917740      -4.26999778E-02  -1.41298212E-02
  0.640625000      0.359375000     -0.159918129      -6.85225725E-02  -1.30528826E-02
  0.671875000      0.359375000     -0.160323694      -9.51982513E-02  -1.14355879E-02
  0.703125000      0.359375000     -0.159757942     -0.122621469      -9.30305943E-03
  0.734375000      0.359375000     -0.157567501     -0.150359958      -6.70184568E-03
  0.765625000      0.359375000     -0.152821153     -0.177382648      -3.72089981E-03
  0.796875000      0.359375000     -0.144370005     -0.201720402      -5.18270885E-04
  0.828125000      0.359375000     -0.130998611     -0.220076859       2.65399483E-03
  0.859375000      0.359375000     -0.111707136     -0.227423579       5.44445356E-03
  0.890625000      0.359375000      -8.62023905E-02 -0.216693148       7.44916312E-03
  0.921875000      0.359375000      -5.57834096E-02 -0.179069281       8.35237280E-03
  0.953125000      0.359375000      -2.51094867E-02 -0.107423857       8.17835331E-03
  0.984375000      0.359375000      -5.28789079E-03  -1.66810229E-02   7.41130952E-03
   1.56250000E-02  0.390625000      -2.07297620E-03   4.93632630E-02   1.14026461E-02
   4.68750000E-02  0.390625000      -8.85088183E-03  0.101041138       1.10621126E-02
   7.81250000E-02  0.390625000      -1.93768814E-02  0.126542002       1.04572792E-02
  0.109375000      0.390625000      -3.12846713E-02  0.140713230       9.50798392E-03
  0.140625000      0.390625000      -4.33613807E-02  0.149762675       8.19834974E-03
  0.171875000      0.390625000      -5.50977662E-02  0.155522659       6.53797854E-03
  0.203125000      0.390625000      -6.62759542E-02  0.158323526       4.55355737E-03
  0.234375000      0.390625000      -7.67789334E-02  0.158135921       2.28870637E-03
  0.265625000      0.390625000      -8.65242779E-02  0.154909730      -1.96658657E-04
  0.296875000      0.390625000      -9.54446867E-02  0.148648813      -2.82758824E-03
  0.328125000      0.390625000     -0.103483751      0.139418244      -5.51708415E-03
  0.359375000      0.390625000     -0.110598132      0.127341509      -8.16973578E-03
  0.390625000      0.390625000     -0.116764113      0.112599008      -1.06867272E-02
  0.421875000      0.390625000     -0.121987417       9.54276621E-02  -1.29710045E-02
  0.453125000      0.390625000     -0.126314238       7.61166066E-02  -1.49336532E-02
  0.484375000      0.390625000     -0.129839867       5.49951345E-02  -1.64990388E-02
  0.515625000      0.390625000     -0.132708952       3.24088521E-02  -1.76091567E-02
  0.546875000      0.390625000     -0.135100842       8.68896022E-03  -1.82255656E-02
  0.578125000      0.390625000     -0.137197211      -1.58728249E-02  -1.83677450E-02
  0.609375000      0.390625000     -0.139185548      -4.10888344E-02  -1.79535672E-02
  0.640625000      0.390625000     -0.141190588      -6.71277344E-02  -1.69937070E-02
  0.671875000      0.390625000     -0.143146724      -9.42308903E-02  -1.54954232E-02
  0.703125000      0.390625000     -0.144728363     -0.122572526      -1.34653579E-02
  0.734375000      0.390625000     -0.145285085     -0.152042225      -1.09215612E-02
  0.765625000      0.390625000     -0.143808290     -0.181923226      -7.91636482E-03
  0.796875000      0.390625000     -0.138968468     -0.210470557      -4.57130559E-03
  0.828125000      0.390625000     -0.129257649     -0.234408706      -1.11614820E-03
  0.859375000      0.390625000     -0.113274440     -0.248366296       2.08527269E-03
  0.890625000      0.390625000      -9.02262479E-02 -0.244303375       4.56169201E-03
  0.921875000      0.390625000      -6.08389303E-02 -0.211265385       5.87129872E-03
  0.953125000      0.390625000      -2.92154402E-02 -0.137525231       5.90136927E-03
  0.984375000      0.390625000      -6.82390667E-03  -2.87928581E-02   5.12761390E-03
   1.56250000E-02  0.421875000      -1.37119996E-03   5.28072789E-02   9.78203584E-03
   4.68750000E-02  0.421875000      -6.47624303E-03  0.109479725       9.47173126E-03
   7.81250000E-02  0.421875000      -1.51303485E-02  0.137283176       8.85476172E-03
  0.109375000      0.421875000      -2.53077783E-02  0.152057022       7.86197186E-03
  0.140625000      0.421875000      -3.57584059E-02  0.160946071       6.48410572E-03
  0.171875000      0.421875000      -4.59175669E-02  0.166234761       4.73494269E-03
  0.203125000      0.421875000      -5.55482507E-02  0.168420404       2.64459057E-03
  0.234375000      0.421875000      -6.45359084E-02  0.167529941       2.59909022E-04
  0.265625000      0.421875000      -7.28090405E-02  0.163534582      -2.35533598E-03
  0.296875000      0.421875000      -8.03139955E-02  0.156449854      -5.12202084E-03
  0.328125000      0.421875000      -8.70089531E-02  0.146351889      -7.94853736E-03
  0.359375000      0.421875000      -9.28657353E-02  0.133379757      -1.07348925E-02
  0.390625000      0.421875000      -9.78761464E-02  0.117737934      -1.33775454E-02
  0.421875000      0.421875000     -0.102061912       9.96986032E-02  -1.57760065E-02
  0.453125000      0.421875000     -0.105487034       7.95984119E-02  -1.78390127E-02
  0.484375000      0.421875000     -0.108269244       5.78219742E-02  -1.94906481E-02
  0.515625000      0.421875000     -0.110585108       3.47677022E-02  -2.06744075E-02
  0.546875000      0.421875000     -0.112658359       1.07959528E-02  -2.13535689E-02
  0.578125000      0.421875000     -0.114711687      -1.38294809E-02  -2.15524733E-02
  0.609375000      0.421875000     -0.116997644      -3.88572812E-02  -2.12259740E-02
  0.640625000      0.421875000     -0.119727805      -6.46235198E-02  -2.03831922E-02
  0.671875000      0.421875000     -0.122927561      -9.15786996E-02  -1.90269500E-02
  0.703125000      0.421875000     -0.126374841     -0.120195359      -1.71511956E-02
  0.734375000      0.421875000     -0.129488245     -0.150748849      -1.47488303E-02
  0.765625000      0.421875000     -0.131241590     -0.182939708      -1.18335448E-02
  0.796875000      0.421875000     -0.130164459     -0.215370759      -8.47971626E-03
  0.828125000      0.421875000     -0.124469861     -0.244913697      -4.87543596E-03
  0.859375000      0.421875000     -0.112343147     -0.265971065      -1.37024757E-03
  0.890625000      0.421875000      -9.24575999E-02 -0.269632280       1.52381684E-03
  0.921875000      0.421875000      -6.49026707E-02 -0.242878750       3.25078331E-03
  0.953125000      0.421875000      -3.31035294E-02 -0.169334561       3.53858480E-03
  0.984375000      0.421875000      -8.43092520E-03  -4.40477133E-02   2.80399690E-03
   1.56250000E-02  0.453125000      -6.76739961E-04   5.48551008E-02   8.13126191E-03
   4.68750000E-02  0.453125000      -4.01896099E-03  0.115878910       7.86135159E-03
   7.81250000E-02  0.453125000      -1.05987536E-02  0.146117657       7.24747218E-03
  0.109375000      0.453125000      -1.88564584E-02  0.161657512       6.23183185E-03
  0.140625000      0.453125000      -2.75299828E-02  0.170469671       4.81238822E-03
  0.171875000      0.453125000      -3.59898023E-02  0.175330222       3.00687994E-03
  0.203125000      0.453125000      -4.39706370E-02  0.176936671       8.48033815E-04
  0.234375000      0.453125000      -5.13563231E-02  0.175387353      -1.61502196E-03
  0.265625000      0.453125000      -5.80859855E-02  0.170680434      -4.31591971E-03
  0.296875000      0.453125000      -6.41217753E-02  0.162845328      -7.17258267E-03
  0.328125000      0.453125000      -6.94399029E-02  0.151970178      -1.00896796E-02
  0.359375000      0.453125000      -7.40305036E-02  0.138209581      -1.29631134E-02
  0.390625000      0.453125000      -7.79021233E-02  0.121790931      -1.56855099E-02
  0.421875000      0.453125000      -8.10896009E-02  0.103019685      -1.81530956E-02
  0.453125000      0.453125000      -8.36644471E-02   8.22781175E-02  -2.02728305E-02
  0.484375000      0.453125000      -8.57464820E-02   6.00072928E-02  -2.19692588E-02
  0.515625000      0.453125000      -8.75144750E-02   3.66669707E-02  -2.31892876E-02
  0.546875000      0.453125000      -8.92111510E-02   1.26672983E-02  -2.39032302E-02
  0.578125000      0.453125000      -9.11361873E-02  -1.17218383E-02  -2.41142549E-02
  0.609375000      0.453125000      -9.35655385E-02  -3.62490267E-02  -2.38565076E-02
  0.640625000      0.453125000      -9.67275575E-02  -6.13390654E-02  -2.31179968E-02
  0.671875000      0.453125000     -0.100779526      -8.76109451E-02  -2.19062883E-02
  0.703125000      0.453125000     -0.105667576     -0.115827352      -2.02116203E-02
  0.734375000      0.453125000     -0.110965520     -0.146705091      -1.80094223E-02
  0.765625000      0.453125000     -0.115715288     -0.180479974      -1.52780199E-02
  0.796875000      0.453125000     -0.118366994     -0.216255620      -1.20397648E-02
  0.828125000      0.453125000     -0.116880648     -0.251209557      -8.42502713E-03
  0.859375000      0.453125000     -0.109020643     -0.279661715      -4.74206265E-03
  0.890625000      0.453125000      -9.28907692E-02 -0.291956931      -1.51227380E-03
  0.921875000      0.453125000      -6.78797215E-02 -0.273120046       6.16780366E-04
  0.953125000      0.453125000      -3.66187319E-02 -0.202153414       1.20361568E-03
  0.984375000      0.453125000      -1.00207850E-02  -6.24994338E-02   5.51411998E-04
   1.56250000E-02  0.484375000      -5.85677080E-05   5.55903167E-02   6.52211253E-03
   4.68750000E-02  0.484375000      -1.65028509E-03  0.120077431       6.30962849E-03
   7.81250000E-02  0.484375000      -6.00882061E-03  0.152857274       5.71443513E-03
  0.109375000      0.484375000      -1.22013260E-02  0.169367999       4.69695032E-03
  0.140625000      0.484375000      -1.89888030E-02  0.178220183       3.26312147E-03
  0.171875000      0.484375000      -2.56664902E-02  0.182717323       1.43426238E-03
  0.203125000      0.484375000      -3.19307745E-02  0.183794916      -7.55045621E-04
  0.234375000      0.484375000      -3.76589708E-02  0.181643367      -3.25458101E-03
  0.265625000      0.484375000      -4.28013653E-02  0.176297024      -5.99703845E-03
  0.296875000      0.484375000      -4.73394245E-02  0.167803258      -8.89853295E-03
  0.328125000      0.484375000      -5.12723476E-02  0.156264067      -1.18615571E-02
  0.359375000      0.484375000      -5.46143055E-02  0.141849071      -1.47790462E-02
  0.390625000      0.484375000      -5.73958941E-02  0.124805480      -1.75403431E-02
  0.421875000      0.484375000      -5.96685782E-02  0.105466157      -2.00388804E-02
  0.453125000      0.484375000      -6.15110844E-02   8.42498541E-02  -2.21797191E-02
  0.484375000      0.484375000      -6.30380660E-02   6.16453588E-02  -2.38876827E-02
  0.515625000      0.484375000      -6.44109696E-02   3.81705277E-02  -2.51125954E-02
  0.546875000      0.484375000      -6.58495873E-02   1.42996982E-02  -2.58309618E-02
  0.578125000      0.484375000      -6.76385835E-02  -9.63960029E-03  -2.60424223E-02
  0.609375000      0.484375000      -7.00603500E-02  -3.34795825E-02  -2.58243494E-02
  0.640625000      0.484375000      -7.33838230E-02  -5.76225147E-02  -2.51644216E-02
  0.671875000      0.484375000      -7.78749660E-02  -8.27839375E-02  -2.40786318E-02
  0.703125000      0.484375000      -8.36842358E-02 -0.109956637      -2.25625597E-02
  0.734375000      0.484375000      -9.06340554E-02 -0.140327618      -2.05854475E-02
  0.765625000      0.484375000      -9.79486406E-02 -0.174792737      -1.80992037E-02
  0.796875000      0.484375000     -0.104094580     -0.213144898      -1.50760133E-02
  0.828125000      0.484375000     -0.106827989     -0.253072947      -1.15778577E-02
  0.859375000      0.484375000     -0.103492141     -0.288994014      -7.84857944E-03
  0.890625000      0.484375000      -9.15858150E-02 -0.310660750      -4.38472070E-03
  0.921875000      0.484375000      -6.97313622E-02 -0.301281631      -1.89442653E-03
  0.953125000      0.484375000      -3.96553427E-02 -0.235328779      -9.85270366E-04
  0.984375000      0.484375000      -1.15285683E-02  -8.40487778E-02  -1.51777116E-03
   1.56250000E-02  0.515625000       4.77108872E-04   5.51717095E-02   5.02669904E-03
   4.68750000E-02  0.515625000       5.08070807E-04  0.122056648       4.86893300E-03
   7.81250000E-02  0.515625000      -1.59755885E-03  0.157342076       4.32512676E-03
  0.109375000      0.515625000      -5.60205616E-03  0.175080150       3.32553522E-03
  0.140625000      0.515625000      -1.04273995E-02  0.184120908       1.90518098E-03
  0.171875000      0.515625000      -1.52729098E-02  0.188339949       8.59052670E-05
  0.203125000      0.515625000      -1.97844990E-02  0.188948452      -2.09600525E-03
  0.234375000      0.515625000      -2.38244869E-02  0.186258435      -4.59098304E-03
  0.265625000      0.515625000      -2.73539349E-02  0.180354357      -7.33233988E-03
  0.296875000      0.515625000      -3.03770676E-02  0.171307772      -1.02364672E-02
  0.328125000      0.515625000      -3.29211652E-02  0.159237325      -1.32050198E-02
  0.359375000      0.515625000      -3.50303538E-02  0.144327790      -1.61294229E-02
  0.390625000      0.515625000      -3.67641449E-02  0.126843005      -1.88969765E-02
  0.421875000      0.515625000      -3.81977372E-02  0.107135758      -2.13984977E-02
  0.453125000      0.515625000      -3.94233577E-02   8.56492072E-02  -2.35372707E-02
  0.484375000      0.515625000      -4.05526832E-02   6.29030913E-02  -2.52373181E-02
  0.515625000      0.515625000      -4.17201370E-02   3.94538715E-02  -2.64498442E-02
  0.546875000      0.515625000      -4.30882871E-02   1.58237610E-02  -2.71555036E-02
  0.578125000      0.515625000      -4.48588580E-02  -7.60350609E-03  -2.73607560E-02
  0.609375000      0.515625000      -4.72804978E-02  -3.06717381E-02  -2.71584876E-02
  0.640625000      0.515625000      -5.06379306E-02  -5.37489690E-02  -2.65468601E-02
  0.671875000      0.515625000      -5.52528128E-02  -7.75509998E-02  -2.55528633E-02
  0.703125000      0.515625000      -6.14753440E-02 -0.103157371      -2.41866596E-02
  0.734375000      0.515625000      -6.94545433E-02 -0.132197499      -2.24244427E-02
  0.765625000      0.515625000      -7.87329674E-02 -0.166329503      -2.02049874E-02
  0.796875000      0.515625000      -8.79384726E-02 -0.206256360      -1.74588989E-02
  0.828125000      0.515625000      -9.47145820E-02 -0.250451684      -1.41782537E-02
  0.859375000      0.515625000      -9.60009694E-02 -0.293664515      -1.05239386E-02
  0.890625000      0.515625000      -8.86573493E-02 -0.325240016      -6.93539763E-03
  0.921875000      0.515625000      -7.04724342E-02 -0.326741576      -4.14449535E-03
  0.953125000      0.515625000      -4.21607010E-02 -0.268256485      -2.90910667E-03
  0.984375000      0.515625000      -1.29155861E-02 -0.108492926      -3.29222437E-03
   1.56250000E-02  0.546875000       9.65891348E-04   5.37286624E-02   3.71386064E-03
   4.68750000E-02  0.546875000       2.44879304E-03  0.121985734       3.59078683E-03
   7.81250000E-02  0.546875000       2.43699318E-03  0.159530342       3.09988367E-03
  0.109375000      0.546875000       6.47213659E-04  0.178686142       2.16882396E-03
  0.140625000      0.546875000      -2.13091099E-03  0.188118443       7.92856503E-04
  0.171875000      0.546875000      -5.11412090E-03  0.192171305      -9.84755810E-04
  0.203125000      0.546875000      -7.85988383E-03  0.192374766      -3.12179234E-03
  0.234375000      0.546875000      -1.01978108E-02  0.189210474      -5.57220960E-03
  0.265625000      0.546875000      -1.20978625E-02  0.182832360      -8.27234518E-03
  0.296875000      0.546875000      -1.35888522E-02  0.173344553      -1.11405840E-02
  0.328125000      0.546875000      -1.47295436E-02  0.160886094      -1.40796173E-02
  0.359375000      0.546875000      -1.55984610E-02  0.145657942      -1.69808418E-02
  0.390625000      0.546875000      -1.62892230E-02  0.127938271      -1.97305493E-02
  0.421875000      0.546875000      -1.69072524E-02  0.108092971      -2.22179275E-02
  0.453125000      0.546875000      -1.75664499E-02   8.65776241E-02  -2.43441239E-02
  0.484375000      0.546875000      -1.83849148E-02   6.39232248E-02  -2.60312669E-02
  0.515625000      0.546875000      -1.94787644E-02   4.06957306E-02  -2.72296499E-02
  0.546875000      0.546875000      -2.09544599E-02   1.74263678E-02  -2.79208031E-02
  0.578125000      0.546875000      -2.29124017E-02  -5.47703635E-03  -2.81157475E-02
  0.609375000      0.546875000      -2.55092457E-02  -2.77792104E-02  -2.79164165E-02
  0.640625000      0.546875000      -2.89756283E-02  -4.98172045E-02  -2.73266062E-02
  0.671875000      0.546875000      -3.36088240E-02  -7.22342432E-02  -2.63836905E-02
  0.703125000      0.546875000      -3.98926847E-02  -9.59673375E-02  -2.51219515E-02
  0.734375000      0.546875000      -4.83166091E-02 -0.122984067      -2.35354416E-02
  0.765625000      0.546875000      -5.88622168E-02 -0.155718595      -2.15644911E-02
  0.796875000      0.546875000      -7.05176443E-02 -0.196006075      -1.91149600E-02
  0.828125000      0.546875000      -8.09736848E-02 -0.243469596      -1.61148496E-02
  0.859375000      0.546875000      -8.68209749E-02 -0.293512762      -1.26326652E-02
  0.890625000      0.546875000      -8.42539221E-02 -0.335302293      -9.02240165E-03
  0.921875000      0.546875000      -7.01575354E-02 -0.348960489      -6.00105617E-03
  0.953125000      0.546875000      -4.41255942E-02 -0.300381213      -4.45029698E-03
  0.984375000      0.546875000      -1.41651863E-02 -0.135573670      -4.66123270E-03
   1.56250000E-02  0.578125000       1.36829820E-03   5.13944402E-02   2.61040893E-03
   4.68750000E-02  0.578125000       4.11490165E-03  0.120090365       2.53020180E-03
   7.81250000E-02  0.578125000       6.01532171E-03  0.159537017       2.09293072E-03
  0.109375000      0.578125000       6.32923469E-03  0.180155307       1.23079598E-03
  0.140625000      0.578125000       5.58139477E-03  0.190175295      -5.82615176E-05
  0.171875000      0.578125000       4.49214317E-03  0.194187075      -1.74521585E-03
  0.203125000      0.578125000       3.53589351E-03  0.194061309      -3.79597489E-03
  0.234375000      0.578125000       2.91180238E-03  0.190486401      -6.16280362E-03
  0.265625000      0.578125000       2.65590521E-03  0.183712959      -8.78428575E-03
  0.296875000      0.578125000       2.72001605E-03  0.173891544      -1.15821743E-02
  0.328125000      0.578125000       3.01295030E-03  0.161187649      -1.44618787E-02
  0.359375000      0.578125000       3.41895130E-03  0.145820141      -1.73162781E-02
  0.390625000      0.578125000       3.80692491E-03  0.128079712      -2.00319439E-02
  0.421875000      0.578125000       4.03727591E-03  0.108340040      -2.24969666E-02
  0.453125000      0.578125000       3.96920042E-03   8.70586336E-02  -2.46103965E-02
  0.484375000      0.578125000       3.46971606E-03   6.47609085E-02  -2.62912475E-02
  0.515625000      0.578125000       2.42444663E-03   4.19978462E-02  -2.74861865E-02
  0.546875000      0.578125000       7.48884398E-04   1.92761309E-02  -2.81731859E-02
  0.578125000      0.578125000      -1.58778985E-03  -3.03162495E-03  -2.83632651E-02
  0.609375000      0.578125000      -4.59468458E-03  -2.46203765E-02  -2.81648003E-02
  0.640625000      0.578125000      -8.37768987E-03  -4.57261875E-02  -2.75800321E-02
  0.671875000      0.578125000      -1.31570408E-02  -6.69122934E-02  -2.66469792E-02
  0.703125000      0.578125000      -1.94301717E-02  -8.87319148E-02  -2.54413597E-02
  0.734375000      0.578125000      -2.79081129E-02 -0.113317281      -2.39759032E-02
  0.765625000      0.578125000      -3.90490554E-02 -0.143698528      -2.22019292E-02
  0.796875000      0.578125000      -5.24282157E-02 -0.182991281      -2.00265776E-02
  0.828125000      0.578125000      -6.60314858E-02 -0.232424825      -1.73272062E-02
  0.859375000      0.578125000      -7.62238950E-02 -0.288517624      -1.40786646E-02
  0.890625000      0.578125000      -7.85298049E-02 -0.340558410      -1.05286315E-02
  0.921875000      0.578125000      -6.88581616E-02 -0.367472291      -7.34218257E-03
  0.953125000      0.578125000      -4.55664657E-02 -0.331192970      -5.49256336E-03
  0.984375000      0.578125000      -1.52749410E-02 -0.165013790      -5.51252626E-03
   1.56250000E-02  0.609375000       1.66781305E-03   4.83582914E-02   1.72529044E-03
   4.68750000E-02  0.609375000       5.45132533E-03  0.116596319       1.69018097E-03
   7.81250000E-02  0.609375000       9.03889537E-03  0.157543018       1.32002239E-03
  0.109375000      0.609375000       1.12976823E-02  0.179576606       5.48798591E-04
  0.140625000      0.609375000       1.25057288E-02  0.190293893      -6.30741706E-04
  0.171875000      0.609375000       1.32919410E-02  0.194371760      -2.19872687E-03
  0.203125000      0.609375000       1.41316559E-02  0.193993509      -4.12665866E-03
  0.234375000      0.609375000       1.52420457E-02  0.190068349      -6.37445925E-03
  0.265625000      0.609375000       1.66573711E-02  0.182972133      -8.88658781E-03
  0.296875000      0.609375000       1.83067918E-02  0.172919497      -1.15887737E-02
  0.328125000      0.609375000       2.00642962E-02  0.160110012      -1.43886739E-02
  0.359375000      0.609375000       2.17748489E-02  0.144782037      -1.71798281E-02
  0.390625000      0.609375000       2.32687779E-02  0.127236754      -1.98478941E-02
  0.421875000      0.609375000       2.43724380E-02  0.107849821      -2.22792774E-02
  0.453125000      0.609375000       2.49190945E-02   8.70710611E-02  -2.43705101E-02
  0.484375000      0.609375000       2.47618593E-02   6.54059500E-02  -2.60378681E-02
  0.515625000      0.609375000       2.37890854E-02   4.33715433E-02  -2.72251926E-02
  0.546875000      0.609375000       2.19416283E-02   2.14260742E-02  -2.79083438E-02
  0.578125000      0.609375000       1.92203708E-02  -1.23079109E-04  -2.80952379E-02
  0.609375000      0.609375000       1.57343112E-02  -2.10354608E-02  -2.78915316E-02
  0.640625000      0.609375000       1.15295500E-02  -4.13228758E-02  -2.73092240E-02
  0.671875000      0.609375000       6.35696854E-03  -6.13632649E-02  -2.64148600E-02
  0.703125000      0.609375000      -1.67057966E-04  -8.14834088E-02  -2.52320338E-02
  0.734375000      0.609375000      -8.60519614E-03 -0.103649378      -2.38354560E-02
  0.765625000      0.609375000      -1.98305976E-02 -0.130999804      -2.21810210E-02
  0.796875000      0.609375000      -3.41911912E-02 -0.167949975      -2.02242397E-02
  0.828125000      0.609375000      -5.02704829E-02 -0.217783362      -1.78046003E-02
  0.859375000      0.609375000      -6.44442588E-02 -0.278792739      -1.48099046E-02
  0.890625000      0.609375000      -7.16105700E-02 -0.340810955      -1.13677215E-02
  0.921875000      0.609375000      -6.66324645E-02 -0.381869376      -8.06022715E-03
  0.953125000      0.609375000      -4.65027094E-02 -0.360217214      -5.91993285E-03
  0.984375000      0.609375000      -1.62475072E-02 -0.196536228      -5.72861917E-03
   1.56250000E-02  0.640625000       1.85439258E-03   4.48360406E-02   1.05333212E-03
   4.68750000E-02  0.640625000       6.41075382E-03  0.111778609       1.06235815E-03
   7.81250000E-02  0.640625000       1.14062671E-02  0.153777584       7.71847146E-04
  0.109375000      0.640625000       1.54022556E-02  0.177087277       1.16264448E-04
  0.140625000      0.640625000       1.84524916E-02  0.188525021      -9.22737818E-04
  0.171875000      0.640625000       2.10727714E-02  0.192734301      -2.33842758E-03
  0.203125000      0.640625000       2.37069465E-02  0.192157358      -4.11242666E-03
  0.234375000      0.640625000       2.65692063E-02  0.187932268      -6.21345406E-03
  0.265625000      0.640625000       2.96817683E-02  0.180580884      -8.59239418E-03
  0.296875000      0.640625000       3.29467356E-02  0.170396999      -1.11793634E-02
  0.328125000      0.640625000       3.62014621E-02  0.157620981      -1.38843181E-02
  0.359375000      0.640625000       3.92517634E-02  0.142510980      -1.66011993E-02
  0.390625000      0.640625000       4.18916419E-02  0.125374794      -1.92148462E-02
  0.421875000      0.640625000       4.39176038E-02  0.106582955      -2.16098614E-02
  0.453125000      0.640625000       4.51423712E-02   8.65672827E-02  -2.36803032E-02
  0.484375000      0.640625000       4.54094410E-02   6.58006221E-02  -2.53394172E-02
  0.515625000      0.640625000       4.46065217E-02   4.47532460E-02  -2.65273303E-02
  0.546875000      0.640625000       4.26738560E-02   2.38251165E-02  -2.72149500E-02
  0.578125000      0.640625000       3.96119840E-02   3.26156639E-03  -2.74029747E-02
  0.609375000      0.640625000       3.55552658E-02  -1.68768167E-02  -2.71993410E-02
  0.640625000      0.640625000       3.06226276E-02  -3.63436490E-02  -2.66029201E-02
  0.671875000      0.640625000       2.47666575E-02  -5.53135276E-02  -2.56776102E-02
  0.703125000      0.640625000       1.78985875E-02  -7.41406828E-02  -2.44880449E-02
  0.734375000      0.640625000       9.57096834E-03  -9.42260176E-02  -2.31194478E-02
  0.765625000      0.640625000      -1.46680628E-03 -0.118159711      -2.15818714E-02
  0.796875000      0.640625000      -1.62057504E-02 -0.151690304      -1.97736006E-02
  0.828125000      0.640625000      -3.39997262E-02 -0.200169563      -1.75786354E-02
  0.859375000      0.640625000      -5.16459942E-02 -0.264586329      -1.48159768E-02
  0.890625000      0.640625000      -6.35544062E-02 -0.335942507      -1.14856549E-02
  0.921875000      0.640625000      -6.34885877E-02 -0.391781628      -8.06224719E-03
  0.953125000      0.640625000      -4.69295606E-02 -0.386993706      -5.61249815E-03
  0.984375000      0.640625000      -1.70803871E-02 -0.229864135      -5.17851114E-03
   1.56250000E-02  0.671875000       1.91920495E-03   4.10623997E-02   5.77719533E-04
   4.68750000E-02  0.671875000       6.94402587E-03  0.105970979       6.27317000E-04
   7.81250000E-02  0.671875000       1.30042098E-02  0.148529440       4.28362866E-04
  0.109375000      0.671875000       1.84720661E-02  0.172871530      -8.33181621E-05
  0.140625000      0.671875000       2.32115258E-02  0.184951067      -9.44191008E-04
  0.171875000      0.671875000       2.76081413E-02  0.189291432      -2.16855574E-03
  0.203125000      0.671875000       3.20373848E-02  0.188537031      -3.75427259E-03
  0.234375000      0.671875000       3.66795808E-02  0.184048504      -5.68101136E-03
  0.265625000      0.671875000       4.15278263E-02  0.176504314      -7.90673681E-03
  0.296875000      0.671875000       4.64497805E-02  0.166287214      -1.03652664E-02
  0.328125000      0.671875000       5.12445904E-02  0.153681874      -1.29678901E-02
  0.359375000      0.671875000       5.56808747E-02  0.138964206      -1.56080835E-02
  0.390625000      0.671875000       5.95206320E-02  0.122442655      -1.81690492E-02
  0.421875000      0.671875000       6.25366047E-02  0.104473904      -2.05328539E-02
  0.453125000      0.671875000       6.45274818E-02   8.54614228E-02  -2.25906987E-02
  0.484375000      0.671875000       6.53318614E-02   6.58357367E-02  -2.42522322E-02
  0.515625000      0.671875000       6.48376197E-02   4.60159555E-02  -2.54530404E-02
  0.546875000      0.671875000       6.29799366E-02   2.63533760E-02  -2.61582397E-02
  0.578125000      0.671875000       5.97317144E-02   7.04396516E-03  -2.63600349E-02
  0.609375000      0.671875000       5.52270040E-02  -1.20972767E-02  -2.61545256E-02
  0.640625000      0.671875000       4.96010110E-02  -3.05640809E-02  -2.55491491E-02
  0.671875000      0.671875000       4.28742915E-02  -4.85099889E-02  -2.45989673E-02
  0.703125000      0.671875000       3.50809991E-02  -6.62824884E-02  -2.33741645E-02
  0.734375000      0.671875000       2.61034369E-02  -8.47787187E-02  -2.19513699E-02
  0.765625000      0.671875000       1.54514406E-02 -0.105916992      -2.03902591E-02
  0.796875000      0.671875000       1.26764644E-03 -0.135010123      -1.87392831E-02
  0.828125000      0.671875000      -1.74332429E-02 -0.180354789      -1.67115200E-02
  0.859375000      0.671875000      -3.78933474E-02 -0.246294677      -1.41223818E-02
  0.890625000      0.671875000      -5.43090776E-02 -0.325909972      -1.08578578E-02
  0.921875000      0.671875000      -5.93396053E-02 -0.396849453      -7.26495218E-03
  0.953125000      0.671875000      -4.67847958E-02 -0.411039770      -4.43578139E-03
  0.984375000      0.671875000      -1.77537706E-02 -0.264698327      -3.70250503E-03
   1.56250000E-02  0.703125000       1.84929499E-03   3.72938477E-02   2.72262172E-04
   4.68750000E-02  0.703125000       6.98580593E-03   9.95780751E-02   3.56305885E-04
   7.81250000E-02  0.703125000       1.36906747E-02  0.142157137       2.61467008E-04
  0.109375000      0.703125000       2.03036778E-02  0.167162836      -7.33629131E-05
  0.140625000      0.703125000       2.65462417E-02  0.179677635      -7.11642322E-04
  0.171875000      0.703125000       3.26560438E-02  0.184058428      -1.70024554E-03
  0.203125000      0.703125000       3.88958305E-02  0.183101118      -3.06099933E-03
  0.234375000      0.703125000       4.53703962E-02  0.178367913      -4.78785718E-03
  0.265625000      0.703125000       5.20177074E-02  0.170689702      -6.84550637E-03
  0.296875000      0.703125000       5.86593896E-02  0.160538629      -9.16987937E-03
  0.328125000      0.703125000       6.50541037E-02  0.148241490      -1.16714537E-02
  0.359375000      0.703125000       7.09362775E-02  0.134086773      -1.42413098E-02
  0.390625000      0.703125000       7.60417879E-02  0.118375510      -1.67594440E-02
  0.421875000      0.703125000       8.01264048E-02  0.101441175      -1.91044454E-02
  0.453125000      0.703125000       8.29808190E-02   8.36495608E-02  -2.11636480E-02
  0.484375000      0.703125000       8.44431818E-02   6.53815418E-02  -2.28424575E-02
  0.515625000      0.703125000       8.44073519E-02   4.70008776E-02  -2.40715537E-02
  0.546875000      0.703125000       8.28246698E-02   2.88094394E-02  -2.48111859E-02
  0.578125000      0.703125000       7.96931833E-02   1.09681711E-02  -2.50517651E-02
  0.609375000      0.703125000       7.49466568E-02  -6.76973816E-03  -2.48165485E-02
  0.640625000      0.703125000       6.86614513E-02  -2.39799507E-02  -2.42204051E-02
  0.671875000      0.703125000       6.10515401E-02  -4.07570787E-02  -2.32518073E-02
  0.703125000      0.703125000       5.22153303E-02  -5.74055426E-02  -2.19840109E-02
  0.734375000      0.703125000       4.21723612E-02  -7.46348500E-02  -2.04934031E-02
  0.765625000      0.703125000       3.07692345E-02  -9.40055400E-02  -1.88504905E-02
  0.796875000      0.703125000       1.72779635E-02 -0.119246408      -1.71067789E-02
  0.828125000      0.703125000      -7.89302867E-04 -0.159350321      -1.52628850E-02
  0.859375000      0.703125000      -2.31280196E-02 -0.224500343      -1.27762686E-02
  0.890625000      0.703125000      -4.36607972E-02 -0.310755908      -9.47965775E-03
  0.921875000      0.703125000      -5.39423749E-02 -0.396691650      -5.58214914E-03
  0.953125000      0.703125000      -4.59038951E-02 -0.431791097      -2.21729628E-03
  0.984375000      0.703125000      -1.82149559E-02 -0.300667167      -1.08057656E-03
   1.56250000E-02  0.734375000       1.61388505E-03   3.38305980E-02   1.02846374E-04
   4.68750000E-02  0.734375000       6.42157951E-03   9.30969566E-02   2.13250081E-04
   7.81250000E-02  0.734375000       1.32598002E-02  0.135094970       2.38914625E-04
  0.109375000      0.734375000       2.06372701E-02  0.160234347       1.21756588E-04
  0.140625000      0.734375000       2.81835794E-02  0.172817126      -2.42059978E-04
  0.171875000      0.734375000       3.59596461E-02  0.177033037      -9.46193351E-04
  0.203125000      0.734375000       4.40585762E-02  0.175787836      -2.04574480E-03
  0.234375000      0.734375000       5.24564385E-02  0.170808896      -3.55163496E-03
  0.265625000      0.734375000       6.10016659E-02  0.163056433      -5.43394033E-03
  0.296875000      0.734375000       6.94541410E-02  0.153078109      -7.62752350E-03
  0.328125000      0.734375000       7.75291547E-02  0.141232774      -1.00387782E-02
  0.359375000      0.734375000       8.49311426E-02  0.127811894      -1.25535261E-02
  0.390625000      0.734375000       9.13770497E-02  0.113099605      -1.50465909E-02
  0.421875000      0.734375000       9.66128707E-02   9.73973125E-02  -1.73915066E-02
  0.453125000      0.734375000      0.100426510       8.10260326E-02  -1.94709338E-02
  0.484375000      0.734375000      0.102657244       6.43126369E-02  -2.11851113E-02
  0.515625000      0.734375000      0.103199720       4.75637764E-02  -2.24591363E-02
  0.546875000      0.734375000      0.101998597       3.10309231E-02  -2.32464373E-02
  0.578125000      0.734375000       9.90220457E-02   1.48552833E-02  -2.35289298E-02
  0.609375000      0.734375000       9.41725224E-02  -1.06029352E-03  -2.33116355E-02
  0.640625000      0.734375000       8.75287578E-02  -1.67599767E-02  -2.27161273E-02
  0.671875000      0.734375000       7.92990774E-02  -3.21370810E-02  -2.17299871E-02
  0.703125000      0.734375000       6.95836619E-02  -4.74735908E-02  -2.04145182E-02
  0.734375000      0.734375000       5.84725961E-02  -6.34125173E-02  -1.88405849E-02
  0.765625000      0.734375000       4.59859967E-02  -8.13379735E-02  -1.70776471E-02
  0.796875000      0.734375000       3.18845026E-02 -0.104321137      -1.51785119E-02
  0.828125000      0.734375000       1.49687184E-02 -0.139292568      -1.31476969E-02
  0.859375000      0.734375000      -7.17721134E-03 -0.200073570      -1.08452905E-02
  0.890625000      0.734375000      -3.11689395E-02 -0.290658355      -7.34862080E-03
  0.921875000      0.734375000      -4.68075536E-02 -0.390869260      -2.89762998E-03
  0.953125000      0.734375000      -4.39524986E-02 -0.448507369       1.29724387E-03
  0.984375000      0.734375000      -1.83552019E-02 -0.337237448       3.02563491E-03
   1.56250000E-02  0.765625000       1.12758239E-03   3.10890339E-02   2.66992520E-05
   4.68750000E-02  0.765625000       5.01125818E-03   8.71469229E-02   1.57963572E-04
   7.81250000E-02  0.765625000       1.13771437E-02  0.127840638       3.31102143E-04
  0.109375000      0.765625000       1.91225260E-02  0.152365565       4.84459451E-04
  0.140625000      0.765625000       2.78065689E-02  0.164455324       4.54018766E-04
  0.171875000      0.765625000       3.72558609E-02  0.168169320       8.36618710E-05
  0.203125000      0.765625000       4.73209769E-02  0.166487440      -7.23261910E-04
  0.234375000      0.765625000       5.77858761E-02  0.161246553      -1.99584360E-03
  0.265625000      0.765625000       6.83700442E-02  0.153489515      -3.70620145E-03
  0.296875000      0.765625000       7.87548572E-02  0.143807977      -5.78345172E-03
  0.328125000      0.765625000       8.86106342E-02  0.132572472      -8.12520273E-03
  0.359375000      0.765625000       9.76180732E-02  0.120063223      -1.06088836E-02
  0.390625000      0.765625000      0.105483972      0.106537014      -1.31016113E-02
  0.421875000      0.765625000      0.111952916       9.22557414E-02  -1.54707376E-02
  0.453125000      0.765625000      0.116816118       7.74913803E-02  -1.75931863E-02
  0.484375000      0.765625000      0.119916975       6.25163168E-02  -1.93639845E-02
  0.515625000      0.765625000      0.121151134       4.75840867E-02  -2.07022335E-02
  0.546875000      0.765625000      0.120457441       3.29059735E-02  -2.15546079E-02
  0.578125000      0.765625000      0.117793113       1.86216384E-02  -2.18949094E-02
  0.609375000      0.765625000      0.113086864       4.72960062E-03  -2.17187405E-02
  0.640625000      0.765625000      0.106369331      -9.18815378E-03  -2.11280137E-02
  0.671875000      0.765625000       9.77839231E-02  -2.28934586E-02  -2.01340280E-02
  0.703125000      0.765625000       8.74522701E-02  -3.66698653E-02  -1.87716186E-02
  0.734375000      0.765625000       7.54899085E-02  -5.11426255E-02  -1.71018746E-02
  0.765625000      0.765625000       6.19952679E-02  -6.76265210E-02  -1.51835093E-02
  0.796875000      0.765625000       4.69819978E-02  -8.89178365E-02  -1.30584566E-02
  0.828125000      0.765625000       3.00970431E-02 -0.120895244      -1.07262442E-02
  0.859375000      0.765625000       9.22534987E-03 -0.175453484      -8.10930319E-03
  0.890625000      0.765625000      -1.60345864E-02 -0.266027093      -4.41682525E-03
  0.921875000      0.765625000      -3.70508470E-02 -0.378846049       9.88148153E-04
  0.953125000      0.765625000      -4.03163955E-02 -0.460120529       6.52183220E-03
  0.984375000      0.765625000      -1.79727748E-02 -0.373565555       9.17757861E-03
   1.56250000E-02  0.796875000       1.82913573E-04   2.97784228E-02  -1.86552461E-05
   4.68750000E-02  0.796875000       2.25148629E-03   8.25050175E-02   1.53409113E-04
   7.81250000E-02  0.796875000       7.48008257E-03  0.120887756       5.22466551E-04
  0.109375000      0.796875000       1.52886827E-02  0.143764153       1.01350574E-03
  0.140625000      0.796875000       2.50651687E-02  0.154595912       1.37752004E-03
  0.171875000      0.796875000       3.63039821E-02  0.157340378       1.38470903E-03
  0.203125000      0.796875000       4.85326275E-02  0.155022427       8.90145660E-04
  0.234375000      0.796875000       6.12736233E-02  0.149505556      -1.51204978E-04
  0.265625000      0.796875000       7.40804672E-02  0.141839519      -1.70751777E-03
  0.296875000      0.796875000       8.65450501E-02  0.132608756      -3.69536318E-03
  0.328125000      0.796875000       9.82965231E-02  0.122164711      -5.99878840E-03
  0.359375000      0.796875000      0.109001979      0.110758454      -8.48308019E-03
  0.390625000      0.796875000      0.118369490       9.86088365E-02  -1.10060470E-02
  0.421875000      0.796875000      0.126152501       8.59325081E-02  -1.34275723E-02
  0.453125000      0.796875000      0.132153749       7.29507059E-02  -1.56187732E-02
  0.484375000      0.796875000      0.136227489       5.98829687E-02  -1.74694043E-02
  0.515625000      0.796875000      0.138277814       4.69335318E-02  -1.88933816E-02
  0.546875000      0.796875000      0.138253093       3.42754722E-02  -1.98316611E-02
  0.578125000      0.796875000      0.136137471       2.20325887E-02  -2.02532411E-02
  0.609375000      0.796875000      0.131933182       1.02296304E-02  -2.01544706E-02
  0.640625000      0.796875000      0.125477955      -1.51503633E-03  -1.95588581E-02
  0.671875000      0.796875000      0.116834596      -1.33375041E-02  -1.85680613E-02
  0.703125000      0.796875000      0.106274456      -2.53338106E-02  -1.71654839E-02
  0.734375000      0.796875000       9.38877016E-02  -3.81294340E-02  -1.53933242E-02
  0.765625000      0.796875000       7.97658414E-02  -5.30231670E-02  -1.32856676E-02
  0.796875000      0.796875000       6.39879853E-02  -7.27301538E-02  -1.08495038E-02
  0.828125000      0.796875000       4.65271808E-02 -0.102737419      -8.02947860E-03
  0.859375000      0.796875000       2.68325787E-02 -0.153045416      -4.65600425E-03
  0.890625000      0.796875000       2.19813595E-03 -0.238541305      -4.23507881E-04
  0.921875000      0.796875000      -2.31602900E-02 -0.359957695       6.44176779E-03
  0.953125000      0.796875000      -3.39137763E-02 -0.464990377       1.41576491E-02
  0.984375000      0.796875000      -1.67075209E-02 -0.408246070       1.83431245E-02
   1.56250000E-02  0.828125000      -1.45590433E-03   3.10512744E-02  -9.89118271E-05
   4.68750000E-02  0.828125000      -2.65633501E-03   8.03637058E-02   1.16194642E-04
   7.81250000E-02  0.828125000       6.34539640E-04  0.114509225       8.29203869E-04
  0.109375000      0.828125000       8.55328981E-03  0.134414941       1.73150818E-03
  0.140625000      0.828125000       1.96389779E-02  0.143082544       2.53965403E-03
  0.171875000      0.828125000       3.29653546E-02  0.144288152       2.95401504E-03
  0.203125000      0.828125000       4.76833694E-02  0.141127646       2.77160341E-03
  0.234375000      0.828125000       6.29830882E-02  0.135359377       1.93863409E-03
  0.265625000      0.828125000       7.82325566E-02  0.127929255       5.01187169E-04
  0.296875000      0.828125000       9.29408073E-02  0.119346246      -1.43726508E-03
  0.328125000      0.828125000      0.106711186      0.109905556      -3.74232559E-03
  0.359375000      0.828125000      0.119213752       9.98098850E-02  -6.26472477E-03
  0.390625000      0.828125000      0.130173042       8.92309695E-02  -8.85157753E-03
  0.421875000      0.828125000      0.139364243       7.83365965E-02  -1.13552678E-02
  0.453125000      0.828125000      0.146612704       6.72973618E-02  -1.36414841E-02
  0.484375000      0.828125000      0.151793361       5.62824309E-02  -1.55953243E-02
  0.515625000      0.828125000      0.154828548       4.54490893E-02  -1.71260387E-02
  0.546875000      0.828125000      0.155683458       3.49302106E-02  -1.81697179E-02
  0.578125000      0.828125000      0.154359177       2.48182043E-02  -1.86893810E-02
  0.609375000      0.828125000      0.150875300       1.51325986E-02  -1.86735168E-02
  0.640625000      0.828125000      0.145197108       5.71576040E-03  -1.81302261E-02
  0.671875000      0.828125000      0.137212753      -3.94035736E-03  -1.71231087E-02
  0.703125000      0.828125000      0.127070427      -1.40283275E-02  -1.56935528E-02
  0.734375000      0.828125000      0.115004927      -2.49825921E-02  -1.38205979E-02
  0.765625000      0.828125000      0.101044208      -3.80874649E-02  -1.14970217E-02
  0.796875000      0.828125000       8.52175802E-02  -5.60615659E-02  -8.66246503E-03
  0.828125000      0.828125000       6.75304979E-02  -8.42584968E-02  -5.15028927E-03
  0.859375000      0.828125000       4.77137417E-02 -0.132013515      -5.96753554E-04
  0.890625000      0.828125000       2.47417986E-02 -0.211967498       5.59657812E-03
  0.921875000      0.828125000      -2.80246697E-03 -0.333629578       1.39567163E-02
  0.953125000      0.828125000      -2.28481237E-02 -0.460520148       2.53617093E-02
  0.984375000      0.828125000      -1.39087439E-02 -0.438862592       3.22155505E-02
   1.56250000E-02  0.859375000      -4.28298116E-03   3.67899947E-02  -2.91746052E-04
   4.68750000E-02  0.859375000      -1.04935318E-02   8.20355788E-02   9.29721318E-06
   7.81250000E-02  0.859375000      -9.95784998E-03  0.109010339       1.16711599E-03
  0.109375000      0.859375000      -1.76640507E-03  0.123803161       2.64330627E-03
  0.140625000      0.859375000       1.14065381E-02  0.129435211       3.94032430E-03
  0.171875000      0.859375000       2.74727158E-02  0.128542453       4.77764569E-03
  0.203125000      0.859375000       4.51985225E-02  0.124429062       4.88026347E-03
  0.234375000      0.859375000       6.34232163E-02  0.118533172       4.20803204E-03
  0.265625000      0.859375000       8.13698173E-02  0.111559153       2.83665024E-03
  0.296875000      0.859375000       9.85075384E-02  0.103870258       8.97134771E-04
  0.328125000      0.859375000      0.114447206       9.56715196E-02  -1.45458232E-03
  0.359375000      0.859375000      0.128886849       8.71018916E-02  -4.05391492E-03
  0.390625000      0.859375000      0.141586810       7.82799721E-02  -6.73749624E-03
  0.421875000      0.859375000      0.152360082       6.93234801E-02  -9.35108401E-03
  0.453125000      0.859375000      0.161068618       6.03539050E-02  -1.17555261E-02
  0.484375000      0.859375000      0.167621642       5.14926724E-02  -1.38324816E-02
  0.515625000      0.859375000      0.171973199       4.28525805E-02  -1.54876700E-02
  0.546875000      0.859375000      0.174118206       3.45272571E-02  -1.66529659E-02
  0.578125000      0.859375000      0.174086452       2.65775919E-02  -1.72859021E-02
  0.609375000      0.859375000      0.171932787       1.90111287E-02  -1.73678715E-02
  0.640625000      0.859375000      0.167711943       1.17365662E-02  -1.68997776E-02
  0.671875000      0.859375000      0.161348134       4.38719196E-03  -1.58961695E-02
  0.703125000      0.859375000      0.152722284      -3.58760054E-03  -1.44050419E-02
  0.734375000      0.859375000      0.142052323      -1.26878433E-02  -1.24395676E-02
  0.765625000      0.859375000      0.129491031      -2.38603279E-02  -9.88270342E-03
  0.796875000      0.859375000      0.114913069      -3.98843959E-02  -6.55598566E-03
  0.828125000      0.859375000       9.81809050E-02  -6.60168827E-02  -2.10336107E-03
  0.859375000      0.859375000       7.87817836E-02 -0.111039907       4.15705517E-03
  0.890625000      0.859375000       5.53598255E-02 -0.186548054       1.32630607E-02
  0.921875000      0.859375000       2.60045789E-02 -0.302150488       2.60692500E-02
  0.953125000      0.859375000      -3.51474341E-03 -0.442435265       4.20249365E-02
  0.984375000      0.859375000      -8.31537321E-03 -0.461087108       5.37950397E-02
   1.56250000E-02  0.890625000      -9.10001341E-03   5.01727946E-02  -9.79834702E-04
   4.68750000E-02  0.890625000      -2.23692916E-02   8.81321654E-02  -3.73209245E-04
   7.81250000E-02  0.890625000      -2.41035037E-02  0.104111761       1.51872868E-03
  0.109375000      0.890625000      -1.47117078E-02  0.111117929       3.74381896E-03
  0.140625000      0.890625000       1.71377044E-03  0.112521410       5.54283755E-03
  0.171875000      0.890625000       2.17944346E-02  0.109308779       6.81317225E-03
  0.203125000      0.890625000       4.33132797E-02  0.104417481       7.14238733E-03
  0.234375000      0.890625000       6.49501681E-02   9.86826569E-02   6.56021899E-03
  0.265625000      0.890625000       8.59443396E-02   9.24685150E-02   5.19056432E-03
  0.296875000      0.890625000      0.105813727       8.59535187E-02   3.19661992E-03
  0.328125000      0.890625000      0.124225870       7.92363584E-02   7.55586429E-04
  0.359375000      0.890625000      0.140936956       7.23863915E-02  -1.95401581E-03
  0.390625000      0.890625000      0.155764490       6.54681325E-02  -4.76021692E-03
  0.421875000      0.890625000      0.168575943       5.85508719E-02  -7.50337727E-03
  0.453125000      0.890625000      0.179284379       5.17098680E-02  -1.00412425E-02
  0.484375000      0.890625000      0.187846541       4.50219139E-02  -1.22530106E-02
  0.515625000      0.890625000      0.194260120       3.85586098E-02  -1.40419509E-02
  0.546875000      0.890625000      0.198559359       3.23773921E-02  -1.53367948E-02
  0.578125000      0.890625000      0.200808331       2.65106149E-02  -1.60903390E-02
  0.609375000      0.890625000      0.201090693       2.09497213E-02  -1.62769500E-02
  0.640625000      0.890625000      0.199492455       1.56172905E-02  -1.58864111E-02
  0.671875000      0.890625000      0.196059614       1.03032775E-02  -1.49158295E-02
  0.703125000      0.890625000      0.190670907       4.51091118E-03  -1.33528598E-02
  0.734375000      0.890625000      0.183103591      -2.54914351E-03  -1.11965686E-02
  0.765625000      0.890625000      0.173475921      -1.18102711E-02  -8.40190891E-03
  0.796875000      0.890625000      0.161831379      -2.57123038E-02  -4.45692940E-03
  0.828125000      0.890625000      0.147627011      -4.92530316E-02   1.29269366E-03
  0.859375000      0.890625000      0.129519522      -9.02979523E-02   1.00362170E-02
  0.890625000      0.890625000      0.104824439     -0.159173965       2.35469621E-02
  0.921875000      0.890625000       7.03655183E-02 -0.265711606       4.33925204E-02
  0.953125000      0.890625000       2.78791692E-02 -0.406869769       6.82807490E-02
  0.984375000      0.890625000       2.71452009E-03 -0.466688424       8.83595720E-02
   1.56250000E-02  0.921875000      -1.58647764E-02   7.51373619E-02  -3.37101938E-03
   4.68750000E-02  0.921875000      -3.60729024E-02   9.66444835E-02  -1.53939659E-03
   7.81250000E-02  0.921875000      -3.59317847E-02   9.71919075E-02   1.73948775E-03
  0.109375000      0.921875000      -2.17939783E-02   9.45074856E-02   4.98941727E-03
  0.140625000      0.921875000       4.67198901E-04   9.04444307E-02   7.36638205E-03
  0.171875000      0.921875000       2.62742341E-02   8.54972601E-02   8.99109431E-03
  0.203125000      0.921875000       5.25977239E-02   8.03859085E-02   9.45014600E-03
  0.234375000      0.921875000       7.84184411E-02   7.52559602E-02   8.87694862E-03
  0.265625000      0.921875000      0.103169978       7.01489672E-02   7.44815450E-03
  0.296875000      0.921875000      0.126500160       6.50731176E-02   5.35641052E-03
  0.328125000      0.921875000      0.148174927       6.00296371E-02   2.79652746E-03
  0.359375000      0.921875000      0.168032289       5.50245941E-02  -4.25444014E-05
  0.390625000      0.921875000      0.185960904       5.00738621E-02  -2.98266858E-03
  0.421875000      0.921875000      0.201890945       4.52038348E-02  -5.86086698E-03
  0.453125000      0.921875000      0.215790838       4.04488444E-02  -8.53317790E-03
  0.484375000      0.921875000      0.227664813       3.58471237E-02  -1.08774994E-02
  0.515625000      0.921875000      0.237549901       3.14350985E-02  -1.27959521E-02
  0.546875000      0.921875000      0.245511085       2.72408295E-02  -1.42150540E-02
  0.578125000      0.921875000      0.251633495       2.32761540E-02  -1.50840720E-02
  0.609375000      0.921875000      0.256010532       1.95250176E-02  -1.53708523E-02
  0.640625000      0.921875000      0.258726567       1.59243867E-02  -1.50543377E-02
  0.671875000      0.921875000      0.259828776       1.23269409E-02  -1.41124111E-02
  0.703125000      0.921875000      0.259280175       8.42454843E-03  -1.25010274E-02
  0.734375000      0.921875000      0.256845951       3.53861554E-03  -1.01191346E-02
  0.765625000      0.921875000      0.252203703      -3.62836174E-03  -6.86515681E-03
  0.796875000      0.921875000      0.245122835      -1.51692489E-02  -2.09186831E-03
  0.828125000      0.921875000      0.234622195      -3.50917503E-02   5.48827322E-03
  0.859375000      0.921875000      0.217913896      -6.96443617E-02   1.77607369E-02
  0.890625000      0.921875000      0.190157950     -0.127377689       3.75804901E-02
  0.921875000      0.921875000      0.145452708     -0.218345031       6.78659454E-02
  0.953125000      0.921875000       8.17999914E-02 -0.348098695      0.108035594    
  0.984375000      0.921875000       2.27391627E-02 -0.441235244      0.143973038    
   1.56250000E-02  0.953125000      -1.66612454E-02  0.107663140      -1.08831692E-02
   4.68750000E-02  0.953125000      -2.74721459E-02   9.51371491E-02  -3.87187698E-03
   7.81250000E-02  0.953125000      -8.10365379E-03   7.91889131E-02   1.94464205E-03
  0.109375000      0.953125000       2.15568114E-02   6.87114000E-02   6.42483169E-03
  0.140625000      0.953125000       5.43413386E-02   6.11939132E-02   9.52460151E-03
  0.171875000      0.953125000       8.75240862E-02   5.57570830E-02   1.12816058E-02
  0.203125000      0.953125000      0.120076820       5.12489825E-02   1.17459623E-02
  0.234375000      0.953125000      0.151364267       4.72839326E-02   1.11035006E-02
  0.265625000      0.953125000      0.181068361       4.36647162E-02   9.56722535E-03
  0.296875000      0.953125000      0.209016651       4.02784348E-02   7.35057797E-03
  0.328125000      0.953125000      0.235107601       3.70582938E-02   4.65959031E-03
  0.359375000      0.953125000      0.259279996       3.39659601E-02   1.68893510E-03
  0.390625000      0.953125000      0.281501114       3.09827514E-02  -1.38020259E-03
  0.421875000      0.953125000      0.301762521       2.81036645E-02  -4.38394118E-03
  0.453125000      0.953125000      0.320078731       2.53331494E-02  -7.17771193E-03
  0.484375000      0.953125000      0.336486757       2.26811711E-02  -9.63967852E-03
  0.515625000      0.953125000      0.351043999       2.01589875E-02  -1.16716120E-02
  0.546875000      0.953125000      0.363824934       1.77751072E-02  -1.31990165E-02
  0.578125000      0.953125000      0.374914318       1.55304242E-02  -1.41686536E-02
  0.609375000      0.953125000      0.384396851       1.34113925E-02  -1.45429689E-02
  0.640625000      0.953125000      0.392340899       1.13781206E-02  -1.42913759E-02
  0.671875000      0.953125000      0.398771584       9.34040174E-03  -1.33718923E-02
  0.703125000      0.953125000      0.403628945       7.10225385E-03  -1.17015969E-02
  0.734375000      0.953125000      0.406716526       4.20736196E-03  -9.10034217E-03
  0.765625000      0.953125000      0.407613456      -5.52099373E-04  -5.18885069E-03
  0.796875000      0.953125000      0.405255020      -8.80668685E-03   9.54314601E-04
  0.828125000      0.953125000      0.397231638      -2.29310300E-02   1.10403094E-02
  0.859375000      0.953125000      0.379071891      -4.69380245E-02   2.78448686E-02
  0.890625000      0.953125000      0.343603730      -8.68611634E-02   5.55719025E-02
  0.921875000      0.953125000      0.280979365     -0.151533365       9.93162096E-02
  0.953125000      0.953125000      0.181771934     -0.252051681      0.161805272    
  0.984375000      0.953125000       6.10229075E-02 -0.357473701      0.229188770    
   1.56250000E-02  0.984375000       6.21620491E-02   6.21621273E-02  -2.85931602E-02
   4.68750000E-02  0.984375000      0.168967307       4.46433164E-02  -3.28127155E-03
   7.81250000E-02  0.984375000      0.246445686       3.28352898E-02   5.45304408E-03
  0.109375000      0.984375000      0.305565119       2.62844283E-02   1.00218412E-02
  0.140625000      0.984375000      0.354124933       2.22757254E-02   1.27679277E-02
  0.171875000      0.984375000      0.396008462       1.96081623E-02   1.41661838E-02
  0.203125000      0.984375000      0.433234543       1.76182743E-02   1.43421870E-02
  0.234375000      0.984375000      0.466856718       1.60042439E-02   1.34628033E-02
  0.265625000      0.984375000      0.497478575       1.46178538E-02   1.17246481E-02
  0.296875000      0.984375000      0.525475740       1.33794565E-02   9.33106150E-03
  0.328125000      0.984375000      0.551098347       1.22433575E-02   6.48175832E-03
  0.359375000      0.984375000      0.574524164       1.11825010E-02   3.36780632E-03
  0.390625000      0.984375000      0.595887899       1.01812808E-02   1.66619924E-04
  0.421875000      0.984375000      0.615300477       9.23127681E-03  -2.95962789E-03
  0.453125000      0.984375000      0.632860899       8.32908042E-03  -5.86877763E-03
  0.484375000      0.984375000      0.648664296       7.47416494E-03  -8.44009127E-03
  0.515625000      0.984375000      0.662805915       6.66734716E-03  -1.05761811E-02
  0.546875000      0.984375000      0.675382614       5.90929948E-03  -1.22023867E-02
  0.578125000      0.984375000      0.686490834       5.19885356E-03  -1.32638048E-02
  0.609375000      0.984375000      0.696220636       4.53084428E-03  -1.37200169E-02
  0.640625000      0.984375000      0.704643548       3.89193627E-03  -1.35325529E-02
  0.671875000      0.984375000      0.711787462       3.25199636E-03  -1.26428138E-02
  0.703125000      0.984375000      0.717580020       2.54062493E-03  -1.09280720E-02
  0.734375000      0.984375000      0.721690893       1.57033966E-03  -8.08164105E-03
  0.765625000      0.984375000      0.723069787      -1.91263345E-04  -3.28137446E-03
  0.796875000      0.984375000      0.719569325      -3.30902240E-03   4.43648454E-03
  0.828125000      0.984375000      0.707711756      -8.54833703E-03   1.69997588E-02
  0.859375000      0.984375000      0.681856513      -1.73065681E-02   3.79435420E-02
  0.890625000      0.984375000      0.632690310      -3.18592601E-02   7.25529641E-02
  0.921875000      0.984375000      0.544804335      -5.60261831E-02  0.127895772    
  0.953125000      0.984375000      0.392614603      -9.61629823E-02  0.211179554    
  0.984375000      0.984375000      0.148225680     -0.148225531      0.322804064    
