 VARIABLES="X","Y","U","V","P"
 ZONE F=POINT, I=          32 , J=          32
   1.56250000E-02   1.56250000E-02  -2.86702580E-05   2.80712720E-05   2.18010810E-03
   4.68750000E-02   1.56250000E-02  -1.98053938E-04   1.39904019E-04   2.16901070E-03
   7.81250000E-02   1.56250000E-02  -5.50010009E-04   2.10430735E-04   2.16485094E-03
  0.109375000       1.56250000E-02  -1.00271043E-03   2.40641544E-04   2.17370107E-03
  0.140625000       1.56250000E-02  -1.49334420E-03   2.48354278E-04   2.19728472E-03
  0.171875000       1.56250000E-02  -1.98969431E-03   2.46345880E-04   2.23575486E-03
  0.203125000       1.56250000E-02  -2.47820513E-03   2.40499852E-04   2.28896923E-03
  0.234375000       1.56250000E-02  -2.95309396E-03   2.32705293E-04   2.35684798E-03
  0.265625000       1.56250000E-02  -3.41074332E-03   2.23237104E-04   2.43941206E-03
  0.296875000       1.56250000E-02  -3.84760601E-03   2.11891878E-04   2.53669498E-03
  0.328125000       1.56250000E-02  -4.25963290E-03   1.98370049E-04   2.64866464E-03
  0.359375000       1.56250000E-02  -4.64218296E-03   1.82378091E-04   2.77517689E-03
  0.390625000       1.56250000E-02  -4.99004126E-03   1.63637029E-04   2.91589927E-03
  0.421875000       1.56250000E-02  -5.29746991E-03   1.41902055E-04   3.07029020E-03
  0.453125000       1.56250000E-02  -5.55829145E-03   1.16978888E-04   3.23749171E-03
  0.484375000       1.56250000E-02  -5.76601364E-03   8.87443675E-05   3.41633568E-03
  0.515625000       1.56250000E-02  -5.91398869E-03   5.71697819E-05   3.60526470E-03
  0.546875000       1.56250000E-02  -5.99562377E-03   2.23379138E-05   3.80231976E-03
  0.578125000       1.56250000E-02  -6.00472931E-03  -1.54304653E-05   4.00510896E-03
  0.609375000       1.56250000E-02  -5.93512133E-03  -5.64477305E-05   4.21042088E-03
  0.640625000       1.56250000E-02  -5.78094739E-03  -1.00069607E-04   4.41494398E-03
  0.671875000       1.56250000E-02  -5.53796161E-03  -1.45330996E-04   4.61497344E-03
  0.703125000       1.56250000E-02  -5.20402007E-03  -1.91094645E-04   4.80647944E-03
  0.734375000       1.56250000E-02  -4.77943290E-03  -2.36040622E-04   4.98526497E-03
  0.765625000       1.56250000E-02  -4.26736567E-03  -2.78631487E-04   5.14708506E-03
  0.796875000       1.56250000E-02  -3.67441447E-03  -3.16972320E-04   5.28790196E-03
  0.828125000       1.56250000E-02  -3.01184040E-03  -3.48292262E-04   5.40400296E-03
  0.859375000       1.56250000E-02  -2.29863403E-03  -3.67633824E-04   5.49234450E-03
  0.890625000       1.56250000E-02  -1.56833651E-03  -3.65402899E-04   5.55092469E-03
  0.921875000       1.56250000E-02  -8.81021377E-04  -3.24663823E-04   5.57965878E-03
  0.953125000       1.56250000E-02  -3.35796620E-04  -2.23320618E-04   5.58213051E-03
  0.984375000       1.56250000E-02  -5.69286676E-05  -5.77994761E-05   5.56878839E-03
   1.56250000E-02   4.68750000E-02  -1.46056773E-04   2.01391580E-04   2.19122646E-03
   4.68750000E-02   4.68750000E-02  -6.45560154E-04   6.32236595E-04   2.17994628E-03
   7.81250000E-02   4.68750000E-02  -1.47664966E-03   8.97483551E-04   2.17858190E-03
  0.109375000       4.68750000E-02  -2.48932745E-03   1.01529364E-03   2.18948605E-03
  0.140625000       4.68750000E-02  -3.57595156E-03   1.04726793E-03   2.21386785E-03
  0.171875000       4.68750000E-02  -4.67475038E-03   1.03886274E-03   2.25221645E-03
  0.203125000       4.68750000E-02  -5.75446570E-03   1.01245753E-03   2.30476400E-03
  0.234375000       4.68750000E-02  -6.79876655E-03   9.76145151E-04   2.37164227E-03
  0.265625000       4.68750000E-02  -7.79692642E-03   9.31762159E-04   2.45297421E-03
  0.296875000       4.68750000E-02  -8.73962604E-03   8.79025378E-04   2.54884618E-03
  0.328125000       4.68750000E-02  -9.61743481E-03   8.17097374E-04   2.65924819E-03
  0.359375000       4.68750000E-02  -1.04203466E-02   7.45056663E-04   2.78405589E-03
  0.390625000       4.68750000E-02  -1.11376923E-02   6.62015693E-04   2.92295776E-03
  0.421875000       4.68750000E-02  -1.17581924E-02   5.67198440E-04   3.07541969E-03
  0.453125000       4.68750000E-02  -1.22700706E-02   4.60011681E-04   3.24062305E-03
  0.484375000       4.68750000E-02  -1.26612745E-02   3.40135652E-04   3.41741927E-03
  0.515625000       4.68750000E-02  -1.29197761E-02   2.07614154E-04   3.60429101E-03
  0.546875000       4.68750000E-02  -1.30339209E-02   6.28795533E-05   3.79927224E-03
  0.578125000       4.68750000E-02  -1.29924547E-02  -9.32884650E-05   3.99992801E-03
  0.609375000       4.68750000E-02  -1.27850808E-02  -2.60691886E-04   4.20316169E-03
  0.640625000       4.68750000E-02  -1.24036521E-02  -4.36718343E-04   4.40568849E-03
  0.671875000       4.68750000E-02  -1.18429707E-02  -6.17803831E-04   4.60379897E-03
  0.703125000       4.68750000E-02  -1.11015029E-02  -7.99648755E-04   4.79347259E-03
  0.734375000       4.68750000E-02  -1.01821478E-02  -9.77194868E-04   4.97052865E-03
  0.765625000       4.68750000E-02  -9.09309834E-03  -1.14449207E-03   5.13074594E-03
  0.796875000       4.68750000E-02  -7.84913450E-03  -1.29403733E-03   5.27014956E-03
  0.828125000       4.68750000E-02  -6.47423696E-03  -1.41479867E-03   5.38517255E-03
  0.859375000       4.68750000E-02  -5.00721112E-03  -1.48752378E-03   5.47305029E-03
  0.890625000       4.68750000E-02  -3.51257576E-03  -1.47665280E-03   5.53225307E-03
  0.921875000       4.68750000E-02  -2.09708582E-03  -1.32245047E-03   5.56319579E-03
  0.953125000       4.68750000E-02  -9.24755470E-04  -9.49330919E-04   5.56897419E-03
  0.984375000       4.68750000E-02  -2.11903302E-04  -3.28732567E-04   5.55546535E-03
   1.56250000E-02   7.81250000E-02  -2.27813784E-04   5.73649653E-04   2.19474500E-03
   4.68750000E-02   7.81250000E-02  -9.51526978E-04   1.47954863E-03   2.18018470E-03
   7.81250000E-02   7.81250000E-02  -2.08878843E-03   2.01445026E-03   2.17865570E-03
  0.109375000       7.81250000E-02  -3.43611138E-03   2.25424278E-03   2.19001179E-03
  0.140625000       7.81250000E-02  -4.86534834E-03   2.32007680E-03   2.21452583E-03
  0.171875000       7.81250000E-02  -6.30419329E-03   2.29956629E-03   2.25252123E-03
  0.203125000       7.81250000E-02  -7.71429529E-03   2.23740214E-03   2.30430649E-03
  0.234375000       7.81250000E-02  -9.07400995E-03   2.15100334E-03   2.37015542E-03
  0.265625000       7.81250000E-02  -1.03684440E-02   2.04522931E-03   2.45027477E-03
  0.296875000       7.81250000E-02  -1.15848426E-02   1.92032021E-03   2.54483940E-03
  0.328125000       7.81250000E-02  -1.27107631E-02   1.77512015E-03   2.65391218E-03
  0.359375000       7.81250000E-02  -1.37334559E-02   1.60813576E-03   2.77741952E-03
  0.390625000       7.81250000E-02  -1.46396570E-02   1.41788134E-03   2.91513116E-03
  0.421875000       7.81250000E-02  -1.54155884E-02   1.20304385E-03   3.06657003E-03
  0.453125000       7.81250000E-02  -1.60470381E-02   9.62642021E-04   3.23097548E-03
  0.484375000       7.81250000E-02  -1.65195446E-02   6.96215953E-04   3.40728369E-03
  0.515625000       7.81250000E-02  -1.68186575E-02   4.03997430E-04   3.59400315E-03
  0.546875000       7.81250000E-02  -1.69303417E-02   8.69970099E-05   3.78918881E-03
  0.578125000       7.81250000E-02  -1.68414190E-02  -2.53301609E-04   3.99036333E-03
  0.609375000       7.81250000E-02  -1.65408645E-02  -6.14302699E-04   4.19459864E-03
  0.640625000       7.81250000E-02  -1.60206147E-02  -9.90676461E-04   4.39850893E-03
  0.671875000       7.81250000E-02  -1.52758593E-02  -1.37536228E-03   4.59829671E-03
  0.703125000       7.81250000E-02  -1.43060200E-02  -1.75966078E-03   4.78984322E-03
  0.734375000       7.81250000E-02  -1.31157888E-02  -2.13320460E-03   4.96880710E-03
  0.765625000       7.81250000E-02  -1.17162652E-02  -2.48364289E-03   5.13087492E-03
  0.796875000       7.81250000E-02  -1.01265954E-02  -2.79523665E-03   5.27190929E-03
  0.828125000       7.81250000E-02  -8.37702304E-03  -3.04488838E-03   5.38829807E-03
  0.859375000       7.81250000E-02  -6.51506428E-03  -3.19330906E-03   5.47726266E-03
  0.890625000       7.81250000E-02  -4.61705215E-03  -3.17045022E-03   5.53728733E-03
  0.921875000       7.81250000E-02  -2.80631217E-03  -2.86184158E-03   5.56863705E-03
  0.953125000       7.81250000E-02  -1.27502950E-03  -2.12051626E-03   5.57356793E-03
  0.984375000       7.81250000E-02  -3.04137124E-04  -8.47234682E-04   5.55564417E-03
   1.56250000E-02  0.109375000      -2.71335914E-04   1.07119500E-03   2.18306063E-03
   4.68750000E-02  0.109375000      -1.12127874E-03   2.55202735E-03   2.16564955E-03
   7.81250000E-02  0.109375000      -2.43562274E-03   3.38951871E-03   2.16302089E-03
  0.109375000      0.109375000      -3.97292525E-03   3.75972968E-03   2.17390666E-03
  0.140625000      0.109375000      -5.59139578E-03   3.85820819E-03   2.19795946E-03
  0.171875000      0.109375000      -7.21432082E-03   3.81908799E-03   2.23528757E-03
  0.203125000      0.109375000      -8.80127214E-03   3.71077890E-03   2.28617783E-03
  0.234375000      0.109375000      -1.03288805E-02   3.56075028E-03   2.35095993E-03
  0.265625000      0.109375000      -1.17806066E-02   3.37738986E-03   2.42994586E-03
  0.296875000      0.109375000      -1.31421890E-02   3.16182338E-03   2.52338592E-03
  0.328125000      0.109375000      -1.43998526E-02   2.91281054E-03   2.63143564E-03
  0.359375000      0.109375000      -1.55396387E-02   2.62844376E-03   2.75414204E-03
  0.390625000      0.109375000      -1.65471788E-02   2.30673142E-03   2.89134728E-03
  0.421875000      0.109375000      -1.74076073E-02   1.94585673E-03   3.04272491E-03
  0.453125000      0.109375000      -1.81056131E-02   1.54445821E-03   3.20759090E-03
  0.484375000      0.109375000      -1.86255611E-02   1.10187498E-03   3.38495825E-03
  0.515625000      0.109375000      -1.89517066E-02   6.18469261E-04   3.57347261E-03
  0.546875000      0.109375000      -1.90686695E-02   9.58652963E-05   3.77116678E-03
  0.578125000      0.109375000      -1.89622771E-02  -4.62974771E-04   3.97564098E-03
  0.609375000      0.109375000      -1.86206233E-02  -1.05251861E-03   4.18391498E-03
  0.640625000      0.109375000      -1.80346370E-02  -1.66457705E-03   4.39249631E-03
  0.671875000      0.109375000      -1.71986893E-02  -2.28824187E-03   4.59741801E-03
  0.703125000      0.109375000      -1.61117315E-02  -2.90984102E-03   4.79435548E-03
  0.734375000      0.109375000      -1.47785265E-02  -3.51289543E-03   4.97868937E-03
  0.765625000      0.109375000      -1.32110473E-02  -4.07754816E-03   5.14579890E-03
  0.796875000      0.109375000      -1.14303585E-02  -4.57841624E-03   5.29127661E-03
  0.828125000      0.109375000      -9.46986489E-03  -4.97859996E-03   5.41123701E-03
  0.859375000      0.109375000      -7.38164270E-03  -5.21667395E-03   5.50270593E-03
  0.890625000      0.109375000      -5.24846418E-03  -5.18521573E-03   5.56401582E-03
  0.921875000      0.109375000      -3.20412731E-03  -4.70911339E-03   5.59524819E-03
  0.953125000      0.109375000      -1.46225584E-03  -3.55336163E-03   5.59832435E-03
  0.984375000      0.109375000      -3.49823211E-04  -1.50365848E-03   5.57641778E-03
   1.56250000E-02  0.140625000      -2.92527227E-04   1.63346576E-03   2.15307646E-03
   4.68750000E-02  0.140625000      -1.20963401E-03   3.75319854E-03   2.13371241E-03
   7.81250000E-02  0.140625000      -2.62469100E-03   4.91371471E-03   2.12986115E-03
  0.109375000      0.140625000      -4.27244557E-03   5.41654602E-03   2.13986868E-03
  0.140625000      0.140625000      -6.00076374E-03   5.54411672E-03   2.16309377E-03
  0.171875000      0.140625000      -7.72984466E-03   5.48109598E-03   2.19951570E-03
  0.203125000      0.140625000      -9.41862352E-03   5.32037625E-03   2.24939780E-03
  0.234375000      0.140625000      -1.10435318E-02   5.09949867E-03   2.31311633E-03
  0.265625000      0.140625000      -1.25877624E-02   4.83037671E-03   2.39106244E-03
  0.296875000      0.140625000      -1.40367150E-02   4.51508909E-03   2.48358841E-03
  0.328125000      0.140625000      -1.53762512E-02   4.15238971E-03   2.59098178E-03
  0.359375000      0.140625000      -1.65920537E-02   3.74001241E-03   2.71339156E-03
  0.390625000      0.140625000      -1.76693425E-02   3.27544590E-03   2.85083568E-03
  0.421875000      0.140625000      -1.85927562E-02   2.75633065E-03   3.00311018E-03
  0.453125000      0.140625000      -1.93463378E-02   2.18078680E-03   3.16967070E-03
  0.484375000      0.140625000      -1.99135840E-02   1.54780387E-03   3.34971515E-03
  0.515625000      0.140625000      -2.02776715E-02   8.57683015E-04   3.54190287E-03
  0.546875000      0.140625000      -2.04218812E-02   1.12553585E-04   3.74448835E-03
  0.578125000      0.140625000      -2.03303620E-02  -6.83035818E-04   3.95500986E-03
  0.609375000      0.140625000      -1.99889820E-02  -1.52114837E-03   4.17037215E-03
  0.640625000      0.140625000      -1.93860866E-02  -2.39069457E-03   4.38692188E-03
  0.671875000      0.140625000      -1.85135212E-02  -3.27670341E-03   4.60048951E-03
  0.703125000      0.140625000      -1.73680037E-02  -4.16011550E-03   4.80636535E-03
  0.734375000      0.140625000      -1.59526691E-02  -5.01760561E-03   4.99954168E-03
  0.765625000      0.140625000      -1.42788123E-02  -5.82078146E-03   5.17493999E-03
  0.796875000      0.140625000      -1.23681612E-02  -6.53326511E-03   5.32763544E-03
  0.828125000      0.140625000      -1.02564935E-02  -7.10275583E-03   5.45335375E-03
  0.859375000      0.140625000      -8.00037105E-03  -7.44377542E-03   5.54877659E-03
  0.890625000      0.140625000      -5.68996929E-03  -7.40864780E-03   5.61206508E-03
  0.921875000      0.140625000      -3.47144320E-03  -6.75551267E-03   5.64327184E-03
  0.953125000      0.140625000      -1.57982064E-03  -5.14742127E-03   5.64451655E-03
  0.984375000      0.140625000      -3.75925098E-04  -2.23187101E-03   5.61947189E-03
   1.56250000E-02  0.171875000      -3.04466841E-04   2.22888356E-03   2.10377993E-03
   4.68750000E-02  0.171875000      -1.26272801E-03   5.02957543E-03   2.08301703E-03
   7.81250000E-02  0.171875000      -2.74397852E-03   6.52964879E-03   2.07800744E-03
  0.109375000      0.171875000      -4.46760235E-03   7.16798427E-03   2.08697608E-03
  0.140625000      0.171875000      -6.27327617E-03   7.32264761E-03   2.10917881E-03
  0.171875000      0.171875000      -8.07832554E-03   7.23264646E-03   2.14452809E-03
  0.203125000      0.171875000      -9.84120462E-03   7.01640360E-03   2.19332124E-03
  0.234375000      0.171875000      -1.15385652E-02   6.72161998E-03   2.25596433E-03
  0.265625000      0.171875000      -1.31539134E-02   6.36366382E-03   2.33295606E-03
  0.296875000      0.171875000      -1.46728978E-02   5.94550744E-03   2.42475513E-03
  0.328125000      0.171875000      -1.60815492E-02   5.46586094E-03   2.53180042E-03
  0.359375000      0.171875000      -1.73656195E-02   4.92203142E-03   2.65438389E-03
  0.390625000      0.171875000      -1.85102653E-02   4.31087613E-03   2.79273046E-03
  0.421875000      0.171875000      -1.94998477E-02   3.62930424E-03   2.94678286E-03
  0.453125000      0.171875000      -2.03178190E-02   2.87464401E-03   3.11623444E-03
  0.484375000      0.171875000      -2.09467132E-02   2.04521511E-03   3.30039673E-03
  0.515625000      0.171875000      -2.13682838E-02   1.14089355E-03   3.49817891E-03
  0.546875000      0.171875000      -2.15638224E-02   1.63877092E-04   3.70791205E-03
  0.578125000      0.171875000      -2.15147175E-02  -8.80394829E-04   3.92721454E-03
  0.609375000      0.171875000      -2.12032814E-02  -1.98222417E-03   4.15274920E-03
  0.640625000      0.171875000      -2.06138082E-02  -3.12782219E-03   4.38070111E-03
  0.671875000      0.171875000      -1.97339319E-02  -4.29806765E-03   4.60655428E-03
  0.703125000      0.171875000      -1.85563806E-02  -5.46807889E-03   4.82517015E-03
  0.734375000      0.171875000      -1.70809943E-02  -6.60681911E-03   5.03093656E-03
  0.765625000      0.171875000      -1.53170917E-02  -7.67595321E-03   5.21809887E-03
  0.796875000      0.171875000      -1.32864127E-02  -8.62618908E-03   5.38105099E-03
  0.828125000      0.171875000      -1.10274302E-02  -9.38735250E-03   5.51487645E-03
  0.859375000      0.171875000      -8.60286690E-03  -9.84680280E-03   5.61581925E-03
  0.890625000      0.171875000      -6.11346215E-03  -9.81239602E-03   5.68190124E-03
  0.921875000      0.171875000      -3.72172752E-03  -8.96900054E-03   5.71334455E-03
  0.953125000      0.171875000      -1.68650073E-03  -6.86775055E-03   5.71282161E-03
  0.984375000      0.171875000      -3.98810836E-04  -3.00907041E-03   5.68490569E-03
   1.56250000E-02  0.203125000      -3.14245146E-04   2.84603937E-03   2.03488441E-03
   4.68750000E-02  0.203125000      -1.30684557E-03   6.35975413E-03   2.01291009E-03
   7.81250000E-02  0.203125000      -2.84480024E-03   8.21473077E-03   2.00676546E-03
  0.109375000      0.203125000      -4.63539362E-03   8.99316650E-03   2.01461348E-03
  0.140625000      0.203125000      -6.51119929E-03   9.17497836E-03   2.03565718E-03
  0.171875000      0.203125000      -8.38670693E-03   9.05688107E-03   2.06981297E-03
  0.203125000      0.203125000      -1.02197891E-02   8.78410973E-03   2.11739121E-03
  0.234375000      0.203125000      -1.19873956E-02   8.41482542E-03   2.17890088E-03
  0.265625000      0.203125000      -1.36735607E-02   7.96786882E-03   2.25492613E-03
  0.296875000      0.203125000      -1.52644813E-02   7.44704716E-03   2.34607910E-03
  0.328125000      0.203125000      -1.67466775E-02   6.85094390E-03   2.45295861E-03
  0.359375000      0.203125000      -1.81062594E-02   6.17629662E-03   2.57606152E-03
  0.390625000      0.203125000      -1.93285383E-02   5.41913882E-03   2.71579972E-03
  0.421875000      0.203125000      -2.03977209E-02   4.57529724E-03   2.87234876E-03
  0.453125000      0.203125000      -2.12966595E-02   3.64092644E-03   3.04566161E-03
  0.484375000      0.203125000      -2.20067389E-02   2.61312071E-03   3.23528517E-03
  0.515625000      0.203125000      -2.25078277E-02   1.49069447E-03   3.44035518E-03
  0.546875000      0.203125000      -2.27784757E-02   2.75129947E-04   3.65937082E-03
  0.578125000      0.203125000      -2.27962695E-02  -1.02830119E-03   3.89013346E-03
  0.609375000      0.203125000      -2.25387476E-02  -2.40883650E-03   4.12901584E-03
  0.640625000      0.203125000      -2.19846722E-02  -3.85054806E-03   4.37195320E-03
  0.671875000      0.203125000      -2.11156420E-02  -5.33027481E-03   4.61409427E-03
  0.703125000      0.203125000      -1.99184045E-02  -6.81691337E-03   4.84963041E-03
  0.734375000      0.203125000      -1.83876157E-02  -8.27062223E-03   5.07222116E-03
  0.765625000      0.203125000      -1.65291056E-02  -9.64120682E-03   5.27511863E-03
  0.796875000      0.203125000      -1.43639352E-02  -1.08635761E-02   5.45179378E-03
  0.828125000      0.203125000      -1.19339321E-02  -1.18458495E-02   5.59641793E-03
  0.859375000      0.203125000      -9.31034982E-03  -1.24434177E-02   5.70468465E-03
  0.890625000      0.203125000      -6.60862215E-03  -1.24139022E-02   5.77443512E-03
  0.921875000      0.203125000      -4.01285617E-03  -1.13619789E-02   5.80628822E-03
  0.953125000      0.203125000      -1.81048817E-03  -8.71933345E-03   5.80380484E-03
  0.984375000      0.203125000      -4.25631326E-04  -3.83597100E-03   5.77269960E-03
   1.56250000E-02  0.234375000      -3.24879016E-04   3.48363351E-03   1.94625347E-03
   4.68750000E-02  0.234375000      -1.35390693E-03   7.74032110E-03   1.92302326E-03
   7.81250000E-02  0.234375000      -2.95137335E-03   9.96570848E-03   1.91568106E-03
  0.109375000      0.234375000      -4.81256377E-03   1.08900899E-02   1.92230404E-03
  0.140625000      0.234375000      -6.76307548E-03   1.11004766E-02   1.94203632E-03
  0.171875000      0.234375000      -8.71451572E-03   1.09544173E-02   1.97482388E-03
  0.203125000      0.234375000      -1.06241088E-02   1.06253074E-02   2.02101190E-03
  0.234375000      0.234375000      -1.24691166E-02   1.01822652E-02   2.08121375E-03
  0.265625000      0.234375000      -1.42342485E-02   9.64771025E-03   2.15613935E-03
  0.296875000      0.234375000      -1.59064718E-02   9.02628526E-03   2.24655215E-03
  0.328125000      0.234375000      -1.74730718E-02   8.31637345E-03   2.35323422E-03
  0.359375000      0.234375000      -1.89208090E-02   7.51398830E-03   2.47694599E-03
  0.390625000      0.234375000      -2.02354081E-02   6.61404151E-03   2.61829421E-03
  0.421875000      0.234375000      -2.14011222E-02   5.61089348E-03   2.77779996E-03
  0.453125000      0.234375000      -2.24003159E-02   4.49894276E-03   2.95567699E-03
  0.484375000      0.234375000      -2.32131239E-02   3.27332411E-03   3.15180747E-03
  0.515625000      0.234375000      -2.38172263E-02   1.93084846E-03   3.36560910E-03
  0.546875000      0.234375000      -2.41878256E-02   4.71193314E-04   3.59586161E-03
  0.578125000      0.234375000      -2.42978632E-02  -1.10177929E-03   3.84069234E-03
  0.609375000      0.234375000      -2.41188407E-02  -2.77737877E-03   4.09611920E-03
  0.640625000      0.234375000      -2.36221962E-02  -4.53845225E-03   4.35792655E-03
  0.671875000      0.234375000      -2.27813236E-02  -6.35825656E-03   4.62070759E-03
  0.703125000      0.234375000      -2.15744879E-02  -8.19923170E-03   4.87796823E-03
  0.734375000      0.234375000      -1.99885666E-02  -1.00114755E-02   5.12224901E-03
  0.765625000      0.234375000      -1.80236865E-02  -1.17304064E-02   5.34562301E-03
  0.796875000      0.234375000      -1.56990178E-02  -1.32710375E-02   5.54014789E-03
  0.828125000      0.234375000      -1.30602270E-02  -1.45141119E-02   5.69884572E-03
  0.859375000      0.234375000      -1.01898853E-02  -1.52760707E-02   5.81651367E-03
  0.890625000      0.234375000      -7.22338399E-03  -1.52564850E-02   5.89085510E-03
  0.921875000      0.234375000      -4.37352480E-03  -1.39720077E-02   5.92309283E-03
  0.953125000      0.234375000      -1.96398469E-03  -1.07281636E-02   5.91807067E-03
  0.984375000      0.234375000      -4.58922703E-04  -4.72297333E-03   5.88299986E-03
   1.56250000E-02  0.265625000      -3.37420439E-04   4.14443528E-03   1.83769036E-03
   4.68750000E-02  0.265625000      -1.40845519E-03   9.17618722E-03   1.81304582E-03
   7.81250000E-02  0.265625000      -3.07346252E-03   1.17885210E-02   1.80436566E-03
  0.109375000      0.265625000      -5.01423795E-03   1.28654437E-02   1.80958805E-03
  0.140625000      0.265625000      -7.04886764E-03   1.31064551E-02   1.82781613E-03
  0.171875000      0.265625000      -9.08591226E-03   1.29330987E-02   1.85896549E-03
  0.203125000      0.265625000      -1.10819172E-02   1.25483777E-02   1.90348772E-03
  0.234375000      0.265625000      -1.30145308E-02   1.20329419E-02   1.96205103E-03
  0.265625000      0.265625000      -1.48692951E-02   1.14130247E-02   2.03554332E-03
  0.296875000      0.265625000      -1.66342147E-02   1.06941704E-02   2.12488417E-03
  0.328125000      0.265625000      -1.82976685E-02   9.87453572E-03   2.23109080E-03
  0.359375000      0.265625000      -1.98474396E-02   8.94926675E-03   2.35517602E-03
  0.390625000      0.265625000      -2.12700740E-02   7.91184884E-03   2.49805092E-03
  0.421875000      0.265625000      -2.25502513E-02   6.75472338E-03   2.66055530E-03
  0.453125000      0.265625000      -2.36701444E-02   5.46983117E-03   2.84331292E-03
  0.484375000      0.265625000      -2.46088170E-02   4.04940080E-03   3.04659759E-03
  0.515625000      0.265625000      -2.53416598E-02   2.48703035E-03   3.27022979E-03
  0.546875000      0.265625000      -2.58400906E-02   7.79149355E-04   3.51336412E-03
  0.578125000      0.265625000      -2.60719582E-02  -1.07293937E-03   3.77461966E-03
  0.609375000      0.265625000      -2.60013565E-02  -3.06120049E-03   4.04985249E-03
  0.640625000      0.265625000      -2.55900454E-02  -5.16821863E-03   4.33460250E-03
  0.671875000      0.265625000      -2.48005725E-02  -7.36474432E-03   4.62291203E-03
  0.703125000      0.265625000      -2.35993899E-02  -9.60693881E-03   4.90737474E-03
  0.734375000      0.265625000      -2.19618864E-02  -1.18336361E-02   5.17918821E-03
  0.765625000      0.265625000      -1.98790021E-02  -1.39626740E-02   5.42877335E-03
  0.796875000      0.265625000      -1.73656680E-02  -1.58836190E-02   5.64629585E-03
  0.828125000      0.265625000      -1.44712459E-02  -1.74417067E-02   5.82305854E-03
  0.859375000      0.265625000      -1.12928003E-02  -1.84042715E-02   5.95267117E-03
  0.890625000      0.265625000      -7.99265690E-03  -1.84019394E-02   6.03252091E-03
  0.921875000      0.265625000      -4.82243672E-03  -1.68536063E-02   6.06480846E-03
  0.953125000      0.265625000      -2.15337891E-03  -1.29320771E-02   6.05620025E-03
  0.984375000      0.265625000      -4.99523419E-04  -5.68384584E-03   6.01600297E-03
   1.56250000E-02  0.296875000      -3.52182717E-04   4.83257882E-03   1.70890172E-03
   4.68750000E-02  0.296875000      -1.47203938E-03   1.06756277E-02   1.68262725E-03
   7.81250000E-02  0.296875000      -3.21464334E-03   1.36929955E-02   1.67240482E-03
  0.109375000      0.296875000      -5.24608418E-03   1.49294846E-02   1.67600147E-03
  0.140625000      0.296875000      -7.37597328E-03   1.52032273E-02   1.69242220E-03
  0.171875000      0.296875000      -9.50952992E-03   1.50032109E-02   1.72158494E-03
  0.203125000      0.296875000      -1.16026215E-02   1.45636275E-02   1.76398421E-03
  0.234375000      0.296875000      -1.36334021E-02   1.39773320E-02   1.82042853E-03
  0.265625000      0.296875000      -1.55884866E-02   1.32747032E-02   1.89191604E-03
  0.296875000      0.296875000      -1.74572468E-02   1.24623626E-02   1.97961554E-03
  0.328125000      0.296875000      -1.92295834E-02   1.15382783E-02   2.08473252E-03
  0.359375000      0.296875000      -2.08948292E-02   1.04966313E-02   2.20857351E-03
  0.390625000      0.296875000      -2.24409327E-02   9.32923891E-03   2.35242443E-03
  0.421875000      0.296875000      -2.38536149E-02   8.02611746E-03   2.51753349E-03
  0.453125000      0.296875000      -2.51154546E-02   6.57598767E-03   2.70495866E-03
  0.484375000      0.296875000      -2.62049325E-02   4.96706972E-03   2.91550672E-03
  0.515625000      0.296875000      -2.70955004E-02   3.18827596E-03   3.14955972E-03
  0.546875000      0.296875000      -2.77548954E-02   1.23103382E-03   3.40683293E-03
  0.578125000      0.296875000      -2.81448662E-02  -9.07910522E-04   3.68621340E-03
  0.609375000      0.296875000      -2.82207169E-02  -3.22617963E-03   3.98453046E-03
  0.640625000      0.296875000      -2.79326625E-02  -5.70809003E-03   4.29648301E-03
  0.671875000      0.296875000      -2.72289235E-02  -8.32387991E-03   4.61565936E-03
  0.703125000      0.296875000      -2.60595866E-02  -1.10244239E-02   4.93366690E-03
  0.734375000      0.296875000      -2.43831836E-02  -1.37364510E-02   5.24004363E-03
  0.765625000      0.296875000      -2.21760049E-02  -1.63565725E-02   5.52293379E-03
  0.796875000      0.296875000      -1.94443222E-02  -1.87415909E-02   5.77000249E-03
  0.828125000      0.296875000      -1.62397064E-02  -2.06897520E-02   5.96995745E-03
  0.859375000      0.296875000      -1.26770511E-02  -2.19043456E-02   6.11461839E-03
  0.890625000      0.296875000      -8.95499438E-03  -2.19310634E-02   6.20097667E-03
  0.921875000      0.296875000      -5.37879299E-03  -2.00778320E-02   6.23251917E-03
  0.953125000      0.296875000      -2.38410430E-03  -1.53784398E-02   6.21861033E-03
  0.984375000      0.296875000      -5.47738164E-04  -6.73349481E-03   6.17163256E-03
   1.56250000E-02  0.328125000      -3.69289191E-04   5.55263320E-03   1.55951595E-03
   4.68750000E-02  0.328125000      -1.54531409E-03   1.22482441E-02   1.53135939E-03
   7.81250000E-02  0.328125000      -3.37644340E-03   1.56905260E-02   1.51933939E-03
  0.109375000      0.328125000      -5.51043451E-03   1.70938000E-02   1.52101263E-03
  0.140625000      0.328125000      -7.74721056E-03   1.74019895E-02   1.53525057E-03
  0.171875000      0.328125000      -9.98826046E-03   1.71754621E-02   1.56195508E-03
  0.203125000      0.328125000      -1.21887475E-02   1.66813526E-02   1.60166353E-03
  0.234375000      0.328125000      -1.43275056E-02   1.60255302E-02   1.65528012E-03
  0.265625000      0.328125000      -1.63925178E-02   1.52429696E-02   1.72397890E-03
  0.296875000      0.328125000      -1.83749553E-02   1.43416421E-02   1.80910598E-03
  0.328125000      0.328125000      -2.02667899E-02   1.33194886E-02   1.91215775E-03
  0.359375000      0.328125000      -2.20595933E-02   1.21697430E-02   2.03472329E-03
  0.390625000      0.328125000      -2.37435140E-02   1.08823702E-02   2.17849365E-03
  0.421875000      0.328125000      -2.53062192E-02   9.44451801E-03   2.34515825E-03
  0.453125000      0.328125000      -2.67316550E-02   7.84090534E-03   2.53637903E-03
  0.484375000      0.328125000      -2.79986877E-02   6.05457183E-03   2.75356695E-03
  0.515625000      0.328125000      -2.90796869E-02   4.06809105E-03   2.99783819E-03
  0.546875000      0.328125000      -2.99391262E-02   1.86561327E-03   3.26959882E-03
  0.578125000      0.328125000      -3.05318944E-02  -5.64439280E-04   3.56851239E-03
  0.609375000      0.328125000      -3.08034159E-02  -3.22724530E-03   3.89262801E-03
  0.640625000      0.328125000      -3.06905732E-02  -6.11319486E-03   4.23596567E-03
  0.671875000      0.328125000      -3.01231910E-02  -9.19551961E-03   4.59182588E-03
  0.703125000      0.328125000      -2.90290602E-02  -1.24222226E-02   4.95061697E-03
  0.734375000      0.328125000      -2.73423176E-02  -1.57081001E-02   5.29998029E-03
  0.765625000      0.328125000      -2.50161123E-02  -1.89249162E-02   5.62513899E-03
  0.796875000      0.328125000      -2.20403410E-02  -2.18875334E-02   5.91017725E-03
  0.828125000      0.328125000      -1.84644237E-02  -2.43313126E-02   6.14008494E-03
  0.859375000      0.328125000      -1.44235250E-02  -2.58733481E-02   6.30391296E-03
  0.890625000      0.328125000      -1.01648150E-02  -2.59497799E-02   6.39783684E-03
  0.921875000      0.328125000      -6.06923085E-03  -2.37377416E-02   6.42710784E-03
  0.953125000      0.328125000      -2.66296393E-03  -1.81262009E-02   6.40522130E-03
  0.984375000      0.328125000      -6.03578694E-04  -7.88713433E-03   6.34907279E-03
   1.56250000E-02  0.359375000      -3.88884742E-04   6.30943710E-03   1.38909731E-03
   4.68750000E-02  0.359375000      -1.62890996E-03   1.39043890E-02   1.35876378E-03
   7.81250000E-02  0.359375000      -3.56014771E-03   1.77932866E-02   1.34466763E-03
  0.109375000      0.359375000      -5.80904167E-03   1.93704646E-02   1.34405890E-03
  0.140625000      0.359375000      -8.16441514E-03   1.97140165E-02   1.35564944E-03
  0.171875000      0.359375000      -1.05235502E-02   1.94601640E-02   1.37930026E-03
  0.203125000      0.359375000      -1.28408782E-02   1.89110115E-02   1.41557865E-03
  0.234375000      0.359375000      -1.50961038E-02   1.81864016E-02   1.46550348E-03
  0.265625000      0.359375000      -1.72789264E-02   1.73264723E-02   1.53035007E-03
  0.296875000      0.359375000      -1.93828270E-02   1.63410064E-02   1.61171192E-03
  0.328125000      0.359375000      -2.14025564E-02   1.52282091E-02   1.71128963E-03
  0.359375000      0.359375000      -2.33327784E-02   1.39805395E-02   1.83102267E-03
  0.390625000      0.359375000      -2.51668934E-02   1.25860646E-02   1.97302597E-03
  0.421875000      0.359375000      -2.68957280E-02   1.10287592E-02   2.13952945E-03
  0.453125000      0.359375000      -2.85059661E-02   9.28865373E-03   2.33282009E-03
  0.484375000      0.359375000      -2.99783014E-02   7.34239072E-03   2.55506276E-03
  0.515625000      0.359375000      -3.12853120E-02   5.16434107E-03   2.80826236E-03
  0.546875000      0.359375000      -3.23891491E-02   2.72851833E-03   3.09382705E-03
  0.578125000      0.359375000      -3.32392305E-02   1.11325498E-05   3.41233681E-03
  0.609375000      0.359375000      -3.37704644E-02  -3.00470646E-03   3.76424147E-03
  0.640625000      0.359375000      -3.39035019E-02  -6.32051053E-03   4.14275192E-03
  0.671875000      0.359375000      -3.35457660E-02  -9.91867855E-03   4.54114145E-03
  0.703125000      0.359375000      -3.25955935E-02  -1.37491189E-02   4.94885817E-03
  0.734375000      0.359375000      -3.09526194E-02  -1.77170560E-02   5.35129197E-03
  0.765625000      0.359375000      -2.85343528E-02  -2.16669179E-02   5.72995935E-03
  0.796875000      0.359375000      -2.53012590E-02  -2.53611542E-02   6.06407784E-03
  0.828125000      0.359375000      -2.12906785E-02  -2.84511037E-02   6.33320026E-03
  0.859375000      0.359375000      -1.66569073E-02  -3.04351784E-02   6.52185827E-03
  0.890625000      0.359375000      -1.17096640E-02  -3.06007564E-02   6.62458222E-03
  0.921875000      0.359375000      -6.93783723E-03  -2.79608667E-02   6.64910395E-03
  0.953125000      0.359375000      -3.00107175E-03  -2.12526228E-02   6.61496539E-03
  0.984375000      0.359375000      -6.66833948E-04  -9.15977173E-03   6.54609688E-03
   1.56250000E-02  0.390625000      -4.11232846E-04   7.10823759E-03   1.19714194E-03
   4.68750000E-02  0.390625000      -1.72383059E-03   1.56552270E-02   1.16432167E-03
   7.81250000E-02  0.390625000      -3.76763614E-03   2.00141650E-02   1.14780734E-03
  0.109375000      0.390625000      -6.14435412E-03   2.17718780E-02   1.14451605E-03
  0.140625000      0.390625000      -8.63008387E-03   2.21503899E-02   1.15295011E-03
  0.171875000      0.390625000      -1.11173540E-02   2.18668878E-02   1.17287482E-03
  0.203125000      0.390625000      -1.35597978E-02   2.12607607E-02   1.20485935E-03
  0.234375000      0.390625000      -1.59382038E-02   2.04669945E-02   1.25001045E-03
  0.265625000      0.390625000      -1.82444118E-02   1.95316374E-02   1.30973489E-03
  0.296875000      0.390625000      -2.04748176E-02   1.84668861E-02   1.38574792E-03
  0.328125000      0.390625000      -2.26277374E-02   1.72717273E-02   1.48002850E-03
  0.359375000      0.390625000      -2.47019753E-02   1.59382187E-02   1.59484055E-03
  0.390625000      0.390625000      -2.66954713E-02   1.44527210E-02   1.73274858E-03
  0.421875000      0.390625000      -2.86037829E-02   1.27959456E-02   1.89648918E-03
  0.453125000      0.390625000      -3.04181743E-02   1.09427404E-02   2.08908040E-03
  0.484375000      0.390625000      -3.21232229E-02   8.86224769E-03   2.31360481E-03
  0.515625000      0.390625000      -3.36939096E-02   6.51862659E-03   2.57308828E-03
  0.546875000      0.390625000      -3.50922123E-02   3.87265906E-03   2.87024421E-03
  0.578125000      0.390625000      -3.62636186E-02   8.84531881E-04   3.20703699E-03
  0.609375000      0.390625000      -3.71346027E-02  -2.48010270E-03   3.58654791E-03
  0.640625000      0.390625000      -3.76081280E-02  -6.24309666E-03   4.00281325E-03
  0.671875000      0.390625000      -3.75636518E-02  -1.04032587E-02   4.44912771E-03
  0.703125000      0.390625000      -3.68626416E-02  -1.49211138E-02   4.91434243E-03
  0.734375000      0.390625000      -3.53577361E-02  -1.96987819E-02   5.38147520E-03
  0.765625000      0.390625000      -3.29133905E-02  -2.45540552E-02   5.82775986E-03
  0.796875000      0.390625000      -2.94398777E-02  -2.91872062E-02   6.22571353E-03
  0.828125000      0.390625000      -2.49425285E-02  -3.31397504E-02   6.54698350E-03
  0.859375000      0.390625000      -1.95837226E-02  -3.57459150E-02   6.76881708E-03
  0.890625000      0.390625000      -1.37459906E-02  -3.60816792E-02   6.88229827E-03
  0.921875000      0.390625000      -8.07009172E-03  -3.29341218E-02   6.89819455E-03
  0.953125000      0.390625000      -3.42255784E-03  -2.48698592E-02   6.84504164E-03
  0.984375000      0.390625000      -7.37878669E-04  -1.05665522E-02   6.75783027E-03
   1.56250000E-02  0.421875000      -4.36781324E-04   7.95498863E-03   9.83078964E-04
   4.68750000E-02  0.421875000      -1.83171988E-03   1.75131559E-02   9.47419670E-04
   7.81250000E-02  0.421875000      -4.00191685E-03   2.23670527E-02   9.28135763E-04
  0.109375000      0.421875000      -6.52028248E-03   2.43108943E-02   9.21752420E-04
  0.140625000      0.421875000      -9.14830714E-03   2.47219633E-02   9.26483073E-04
  0.171875000      0.421875000      -1.17731364E-02   2.44042613E-02   9.41946695E-04
  0.203125000      0.421875000      -1.43475626E-02   2.37371288E-02   9.68710869E-04
  0.234375000      0.421875000      -1.68536846E-02   2.28720494E-02   1.00784423E-03
  0.265625000      0.421875000      -1.92859359E-02   2.18619741E-02   1.06092310E-03
  0.296875000      0.421875000      -2.16442980E-02   2.07222812E-02   1.12971978E-03
  0.328125000      0.421875000      -2.39315778E-02   1.94535237E-02   1.21648388E-03
  0.359375000      0.421875000      -2.61518806E-02   1.80479810E-02   1.32372370E-03
  0.390625000      0.421875000      -2.83092037E-02   1.64908208E-02   1.45441247E-03
  0.421875000      0.421875000      -3.04057524E-02   1.47597566E-02   1.61185162E-03
  0.453125000      0.421875000      -3.24397348E-02   1.28243333E-02   1.79980346E-03
  0.484375000      0.421875000      -3.44024859E-02   1.06454436E-02   2.02227989E-03
  0.515625000      0.421875000      -3.62747572E-02   8.17530323E-03   2.28363927E-03
  0.546875000      0.421875000      -3.80221307E-02   5.35846362E-03   2.58812262E-03
  0.578125000      0.421875000      -3.95900235E-02   2.13464652E-03   2.93962914E-03
  0.609375000      0.421875000      -4.08981517E-02  -1.55473896E-03   3.34267947E-03
  0.640625000      0.421875000      -4.18325290E-02  -5.76451886E-03   3.79731832E-03
  0.671875000      0.421875000      -4.22433019E-02  -1.05198938E-02   4.29538079E-03
  0.703125000      0.421875000      -4.19475287E-02  -1.58060845E-02   4.82602976E-03
  0.734375000      0.421875000      -4.07367498E-02  -2.15348341E-02   5.37062157E-03
  0.765625000      0.421875000      -3.84002998E-02  -2.75046173E-02   5.90152433E-03
  0.796875000      0.421875000      -3.47678065E-02  -3.33488509E-02   6.38282951E-03
  0.828125000      0.421875000      -2.97763348E-02  -3.84733789E-02   6.77476451E-03
  0.859375000      0.421875000      -2.35632602E-02  -4.19906788E-02   7.04284105E-03
  0.890625000      0.421875000      -1.65747739E-02  -4.26694974E-02   7.17095472E-03
  0.921875000      0.421875000      -9.65130795E-03  -3.89517248E-02   7.17268884E-03
  0.953125000      0.421875000      -3.99044575E-03  -2.91663483E-02   7.08986353E-03
  0.984375000      0.421875000      -8.21757421E-04  -1.21280216E-02   6.97477628E-03
   1.56250000E-02  0.453125000      -4.66243044E-04   8.85680318E-03   7.46262551E-04
   4.68750000E-02  0.453125000      -1.95516436E-03   1.94924679E-02   7.07362895E-04
   7.81250000E-02  0.453125000      -4.26767580E-03   2.48674061E-02   6.84963656E-04
  0.109375000      0.453125000      -6.94294041E-03   2.70011406E-02   6.75078656E-04
  0.140625000      0.453125000      -9.72565636E-03   2.74394490E-02   6.75553048E-04
  0.171875000      0.453125000      -1.24968803E-02   2.70798430E-02   6.85822684E-04
  0.203125000      0.453125000      -1.52085060E-02   2.63446532E-02   7.06360675E-04
  0.234375000      0.453125000      -1.78442299E-02   2.54034679E-02   7.38229544E-04
  0.265625000      0.453125000      -2.04015821E-02   2.43173055E-02   7.82960327E-04
  0.296875000      0.453125000      -2.28848718E-02   2.31058113E-02   8.42493202E-04
  0.328125000      0.453125000      -2.53023691E-02   2.17720382E-02   9.19092156E-04
  0.359375000      0.453125000      -2.76647434E-02   2.03094743E-02   1.01556373E-03
  0.390625000      0.453125000      -2.99837105E-02   1.87030099E-02   1.13516406E-03
  0.421875000      0.453125000      -3.22702937E-02   1.69281438E-02   1.28174666E-03
  0.453125000      0.453125000      -3.45325246E-02   1.49496393E-02   1.45973207E-03
  0.484375000      0.453125000      -3.67722511E-02   1.27201118E-02   1.67415524E-03
  0.515625000      0.453125000      -3.89808156E-02   1.01789534E-02   1.93067396E-03
  0.546875000      0.453125000      -4.11332846E-02   7.25209154E-03   2.23526731E-03
  0.578125000      0.453125000      -4.31807414E-02   3.85370245E-03   2.59411498E-03
  0.609375000      0.453125000      -4.50396575E-02  -1.09627494E-04   3.01284180E-03
  0.640625000      0.453125000      -4.65843379E-02  -4.73372918E-03   3.50193214E-03
  0.671875000      0.453125000      -4.76396009E-02  -1.00881308E-02   4.05151350E-03
  0.703125000      0.453125000      -4.79737967E-02  -1.62033699E-02   4.65284847E-03
  0.734375000      0.453125000      -4.73048091E-02  -2.30217837E-02   5.28685376E-03
  0.765625000      0.453125000      -4.53228392E-02  -3.03410925E-02   5.92147373E-03
  0.796875000      0.453125000      -4.17367071E-02  -3.77364680E-02   6.51113223E-03
  0.828125000      0.453125000      -3.63557264E-02  -4.44640033E-02   7.00046495E-03
  0.859375000      0.453125000      -2.92188767E-02  -4.93558683E-02   7.33613782E-03
  0.890625000      0.453125000      -2.07762271E-02  -5.07411994E-02   7.48766586E-03
  0.921875000      0.453125000      -1.20883100E-02  -4.64968085E-02   7.46877911E-03
  0.953125000      0.453125000      -4.87172790E-03  -3.45036387E-02   7.33986031E-03
  0.984375000      0.453125000      -9.41854261E-04  -1.38931274E-02   7.17982929E-03
   1.56250000E-02  0.484375000      -5.00719063E-04   9.82261263E-03   4.85929428E-04
   4.68750000E-02  0.484375000      -2.09809537E-03   2.16103531E-02   4.43328812E-04
   7.81250000E-02  0.484375000      -4.57198638E-03   2.75330283E-02   4.17468545E-04
  0.109375000      0.484375000      -7.42157269E-03   2.98574921E-02   4.03740327E-04
  0.140625000      0.484375000      -1.03721935E-02   3.03135812E-02   3.99519631E-04
  0.171875000      0.484375000      -1.32980822E-02   2.99000069E-02   4.03955608E-04
  0.203125000      0.484375000      -1.61502473E-02   2.90855169E-02   4.17321920E-04
  0.234375000      0.484375000      -1.89143233E-02   2.80597005E-02   4.40632517E-04
  0.265625000      0.484375000      -2.15915293E-02   2.68930010E-02   4.75329813E-04
  0.296875000      0.484375000      -2.41912678E-02   2.56105997E-02   5.23290597E-04
  0.328125000      0.484375000      -2.67282389E-02   2.42192764E-02   5.86870010E-04
  0.359375000      0.484375000      -2.92209741E-02   2.27150097E-02   6.68892928E-04
  0.390625000      0.484375000      -3.16905603E-02   2.10837983E-02   7.72878993E-04
  0.421875000      0.484375000      -3.41591462E-02   1.93004087E-02   9.03027481E-04
  0.453125000      0.484375000      -3.66477892E-02   1.73262395E-02   1.06432464E-03
  0.484375000      0.484375000      -3.91732305E-02   1.51067683E-02   1.26272440E-03
  0.515625000      0.484375000      -4.17430848E-02   1.25688761E-02   1.50509248E-03
  0.546875000      0.484375000      -4.43487316E-02   9.61847976E-03   1.79925328E-03
  0.578125000      0.484375000      -4.69552353E-02   6.13948796E-03   2.15368578E-03
  0.609375000      0.484375000      -4.94892374E-02   1.99565664E-03   2.57710647E-03
  0.640625000      0.484375000      -5.18283099E-02  -2.95727560E-03   3.08552640E-03
  0.671875000      0.484375000      -5.37762418E-02  -8.86363909E-03   3.67902964E-03
  0.703125000      0.484375000      -5.50529733E-02  -1.58195198E-02   4.34937282E-03
  0.734375000      0.484375000      -5.53004071E-02  -2.38302387E-02   5.07975835E-03
  0.765625000      0.484375000      -5.40897027E-02  -3.27288657E-02   5.83612779E-03
  0.796875000      0.484375000      -5.09612039E-02  -4.20673788E-02   6.56353030E-03
  0.828125000      0.484375000      -4.55086343E-02  -5.09710871E-02   7.18757696E-03
  0.859375000      0.484375000      -3.75411063E-02  -5.79577871E-02   7.62696378E-03
  0.890625000      0.484375000      -2.73648892E-02  -6.07627109E-02   7.82292895E-03
  0.921875000      0.484375000      -1.61908157E-02  -5.63415438E-02   7.77962478E-03
  0.953125000      0.484375000      -6.46449625E-03  -4.16055173E-02   7.58077810E-03
  0.984375000      0.484375000      -1.17616449E-03  -1.60121825E-02   7.34457234E-03
   1.56250000E-02  0.515625000      -5.41867397E-04   1.08641023E-02   2.01070012E-04
   4.68750000E-02  0.515625000      -2.26635206E-03   2.38882527E-02   1.54240173E-04
   7.81250000E-02  0.515625000      -4.92525147E-03   3.03851720E-02   1.24641025E-04
  0.109375000      0.515625000      -7.96974916E-03   3.28967050E-02   1.06850501E-04
  0.140625000      0.515625000      -1.11027937E-02   3.33553404E-02   9.76494848E-05
  0.171875000      0.515625000      -1.41910976E-02   3.28697935E-02   9.57853845E-05
  0.203125000      0.515625000      -1.71849430E-02   3.19591574E-02   1.01283047E-04
  0.234375000      0.515625000      -2.00724304E-02   3.08351219E-02   1.14934446E-04
  0.265625000      0.515625000      -2.28591524E-02   2.95791160E-02   1.37987183E-04
  0.296875000      0.515625000      -2.55604275E-02   2.82232128E-02   1.72146509E-04
  0.328125000      0.515625000      -2.81983055E-02   2.67793722E-02   2.19707552E-04
  0.359375000      0.515625000      -3.08002792E-02   2.52476335E-02   2.83343106E-04
  0.390625000      0.515625000      -3.33983339E-02   2.36169919E-02   3.66636203E-04
  0.421875000      0.515625000      -3.60278860E-02   2.18637101E-02   4.73829918E-04
  0.453125000      0.515625000      -3.87262106E-02   1.99484490E-02   6.10397372E-04
  0.484375000      0.515625000      -4.15297374E-02   1.78122818E-02   7.82798161E-04
  0.515625000      0.515625000      -4.44694981E-02   1.53719243E-02   9.98941134E-04
  0.546875000      0.515625000      -4.75636721E-02   1.25143686E-02   1.26816519E-03
  0.578125000      0.515625000      -5.08064181E-02   9.09214374E-03   1.60125457E-03
  0.609375000      0.515625000      -5.41518331E-02   4.92186844E-03   2.01043300E-03
  0.640625000      0.515625000      -5.74881732E-02  -2.08617013E-04   2.50890199E-03
  0.671875000      0.515625000      -6.06206879E-02  -6.53238734E-03   3.12690088E-03
  0.703125000      0.515625000      -6.32483214E-02  -1.42469388E-02   3.85124679E-03
  0.734375000      0.515625000      -6.49405345E-02  -2.34639123E-02   4.67189029E-03
  0.765625000      0.515625000      -6.51350692E-02  -3.41124088E-02   5.55817503E-03
  0.796875000      0.515625000      -6.31491095E-02  -4.57997322E-02   6.45084633E-03
  0.828125000      0.515625000      -5.82433641E-02  -5.75989038E-02   7.25738984E-03
  0.859375000      0.515625000      -4.98084240E-02  -6.77345693E-02   7.85954669E-03
  0.890625000      0.515625000      -3.77675071E-02  -7.32052922E-02   8.14816076E-03
  0.921875000      0.515625000      -2.32677162E-02  -6.95749149E-02   8.09150655E-03
  0.953125000      0.515625000      -9.55818500E-03  -5.18096536E-02   7.79325375E-03
  0.984375000      0.515625000      -1.73344836E-03  -1.89222526E-02   7.42794154E-03
   1.56250000E-02  0.546875000      -5.92149736E-04   1.19970720E-02  -1.09637855E-04
   4.68750000E-02  0.546875000      -2.46853172E-03   2.63537951E-02  -1.61348522E-04
   7.81250000E-02  0.546875000      -5.34261111E-03   3.34500000E-02  -1.94888635E-04
  0.109375000      0.546875000      -8.60703830E-03   3.61382142E-02  -2.16691726E-04
  0.140625000      0.546875000      -1.19388457E-02   3.65761369E-02  -2.30811842E-04
  0.171875000      0.546875000      -1.51967341E-02   3.59927006E-02  -2.39048357E-04
  0.203125000      0.546875000      -1.83307901E-02   3.49617377E-02  -2.41789283E-04
  0.234375000      0.546875000      -2.13323981E-02   3.37193310E-02  -2.38579902E-04
  0.265625000      0.546875000      -2.42124312E-02   3.23594958E-02  -2.28485820E-04
  0.296875000      0.546875000      -2.69929580E-02   3.09226047E-02  -2.10082013E-04
  0.328125000      0.546875000      -2.97042020E-02   2.94272527E-02  -1.81463634E-04
  0.359375000      0.546875000      -3.23834196E-02   2.78793126E-02  -1.40136166E-04
  0.390625000      0.546875000      -3.50744985E-02   2.62730420E-02  -8.29242126E-05
  0.421875000      0.546875000      -3.78277153E-02   2.45892871E-02  -5.62144578E-06
  0.453125000      0.546875000      -4.06992808E-02   2.27919091E-02   9.70219116E-05
  0.484375000      0.546875000      -4.37499508E-02   2.08224859E-02   2.31676226E-04
  0.515625000      0.546875000      -4.70417067E-02   1.85930505E-02   4.06730425E-04
  0.546875000      0.546875000      -5.06310314E-02   1.59769300E-02   6.32283045E-04
  0.578125000      0.546875000      -5.45568839E-02   1.27987619E-02   9.20713879E-04
  0.609375000      0.546875000      -5.88213392E-02   8.82614963E-03   1.28662074E-03
  0.640625000      0.546875000      -6.33635446E-02   3.76711763E-03   1.74664229E-03
  0.671875000      0.546875000      -6.80249259E-02  -2.71241181E-03   2.33189110E-03
  0.703125000      0.546875000      -7.25022554E-02  -1.09596597E-02   3.07096448E-03
  0.734375000      0.546875000      -7.63099343E-02  -2.12484766E-02   3.94830760E-03
  0.765625000      0.546875000      -7.87405670E-02  -3.36996317E-02   4.94547188E-03
  0.796875000      0.546875000      -7.88218006E-02  -4.81141955E-02   6.01169327E-03
  0.828125000      0.546875000      -7.53428042E-02  -6.36663884E-02   7.04814121E-03
  0.859375000      0.546875000      -6.70710504E-02  -7.83713311E-02   7.89939146E-03
  0.890625000      0.546875000      -5.32933548E-02  -8.83850157E-02   8.37926753E-03
  0.921875000      0.546875000      -3.47870700E-02  -8.73993784E-02   8.36671516E-03
  0.953125000      0.546875000      -1.53464340E-02  -6.71335831E-02   7.94949848E-03
  0.984375000      0.546875000      -3.05645587E-03  -2.37118937E-02   7.38558918E-03
   1.56250000E-02  0.578125000      -6.55264419E-04   1.32434852E-02  -4.48070408E-04
   4.68750000E-02  0.578125000      -2.71727750E-03   2.90435255E-02  -5.05436037E-04
   7.81250000E-02  0.578125000      -5.84589317E-03   3.67604718E-02  -5.42937079E-04
  0.109375000      0.578125000      -9.36121773E-03   3.96050289E-02  -5.68356656E-04
  0.140625000      0.578125000      -1.29104368E-02   3.99879292E-02  -5.86830778E-04
  0.171875000      0.578125000      -1.63442567E-02   3.92702669E-02  -6.00946078E-04
  0.203125000      0.578125000      -1.96137335E-02   3.80854532E-02  -6.11678464E-04
  0.234375000      0.578125000      -2.27149539E-02   3.66963148E-02  -6.19079568E-04
  0.265625000      0.578125000      -2.56653409E-02   3.52109522E-02  -6.22615975E-04
  0.296875000      0.578125000      -2.84946859E-02   3.36792246E-02  -6.21424348E-04
  0.328125000      0.578125000      -3.12419776E-02   3.21276002E-02  -6.14140125E-04
  0.359375000      0.578125000      -3.39545459E-02   3.05694547E-02  -5.98825631E-04
  0.390625000      0.578125000      -3.66883501E-02   2.90067997E-02  -5.72813791E-04
  0.421875000      0.578125000      -3.95090058E-02   2.74287648E-02  -5.32634440E-04
  0.453125000      0.578125000      -4.24930528E-02   2.58078128E-02  -4.73518623E-04
  0.484375000      0.578125000      -4.57289219E-02   2.40933523E-02  -3.89479916E-04
  0.515625000      0.578125000      -4.93164212E-02   2.22021919E-02  -2.72713951E-04
  0.546875000      0.578125000      -5.33629358E-02   2.00049989E-02  -1.13342030E-04
  0.578125000      0.578125000      -5.79735190E-02   1.73092037E-02   1.00926220E-04
  0.609375000      0.578125000      -6.32308349E-02   1.38404127E-02   3.85230640E-04
  0.640625000      0.578125000      -6.91601783E-02   9.22841672E-03   7.57810834E-04
  0.671875000      0.578125000      -7.56760463E-02   3.00866738E-03   1.24022784E-03
  0.703125000      0.578125000      -8.25176388E-02  -5.35561983E-03   1.89777254E-03
  0.734375000      0.578125000      -8.91513005E-02  -1.64035037E-02   2.75028194E-03
  0.765625000      0.578125000      -9.46805626E-02  -3.05755734E-02   3.78367724E-03
  0.796875000      0.578125000      -9.77634937E-02  -4.80641648E-02   4.97798901E-03
  0.828125000      0.578125000      -9.65952128E-02  -6.83536530E-02   6.26100460E-03
  0.859375000      0.578125000      -8.91885608E-02  -8.93528089E-02   7.46197440E-03
  0.890625000      0.578125000      -7.40635619E-02 -0.106297180       8.30165856E-03
  0.921875000      0.578125000      -5.13933077E-02 -0.110655501       8.49334430E-03
  0.953125000      0.578125000      -2.49659047E-02  -8.97383764E-02   8.00454523E-03
  0.984375000      0.578125000      -5.79570141E-03  -3.25626880E-02   7.20014796E-03
   1.56250000E-02  0.609375000      -7.36772432E-04   1.46345627E-02  -8.16999935E-04
   4.68750000E-02  0.609375000      -3.03123239E-03   3.20067629E-02  -8.80982960E-04
   7.81250000E-02  0.609375000      -6.46656752E-03   4.03588042E-02  -9.22177453E-04
  0.109375000      0.609375000      -1.02715027E-02   4.33246046E-02  -9.50178481E-04
  0.140625000      0.609375000      -1.40592502E-02   4.36030105E-02  -9.71664907E-04
  0.171875000      0.609375000      -1.76737010E-02   4.27012220E-02  -9.90287634E-04
  0.203125000      0.609375000      -2.10693013E-02   4.13174517E-02  -1.00785180E-03
  0.234375000      0.609375000      -2.42492091E-02   3.97434570E-02  -1.02505123E-03
  0.265625000      0.609375000      -2.72392966E-02   3.81024703E-02  -1.04209862E-03
  0.296875000      0.609375000      -3.00782658E-02   3.64544317E-02  -1.05870562E-03
  0.328125000      0.609375000      -3.28142159E-02   3.48343290E-02  -1.07432099E-03
  0.359375000      0.609375000      -3.55041176E-02   3.32642123E-02  -1.08779606E-03
  0.390625000      0.609375000      -3.82149927E-02   3.17561217E-02  -1.09750347E-03
  0.421875000      0.609375000      -4.10264879E-02   3.03114280E-02  -1.10089453E-03
  0.453125000      0.609375000      -4.40345332E-02   2.89176051E-02  -1.09474501E-03
  0.484375000      0.609375000      -4.73557711E-02   2.75416672E-02  -1.07446034E-03
  0.515625000      0.609375000      -5.11317439E-02   2.61190869E-02  -1.03414117E-03
  0.546875000      0.609375000      -5.55308983E-02   2.45364048E-02  -9.66089370E-04
  0.578125000      0.609375000      -6.07445538E-02   2.26057786E-02  -8.60651722E-04
  0.609375000      0.609375000      -6.69694990E-02   2.00312287E-02  -7.05727783E-04
  0.640625000      0.609375000      -7.43653849E-02   1.63697712E-02  -4.86097590E-04
  0.671875000      0.609375000      -8.29716027E-02   1.09986346E-02  -1.82013697E-04
  0.703125000      0.609375000      -9.25737172E-02   3.10987583E-03   2.33723345E-04
  0.734375000      0.609375000     -0.102549575      -8.24533030E-03   8.84626061E-04
  0.765625000      0.609375000     -0.111737922      -2.39992738E-02   1.79154973E-03
  0.796875000      0.609375000     -0.118360303      -4.49160598E-02   2.96833622E-03
  0.828125000      0.609375000     -0.120009735      -7.10008591E-02   4.43378184E-03
  0.859375000      0.609375000     -0.113990113     -0.100112587       6.06059330E-03
  0.890625000      0.609375000      -9.81232077E-02 -0.126511186       7.49276578E-03
  0.921875000      0.609375000      -7.18898177E-02 -0.139328480       8.20670743E-03
  0.953125000      0.609375000      -3.84857431E-02 -0.120882295       7.87566137E-03
  0.984375000      0.609375000      -1.03548365E-02  -4.87098470E-02   6.89689815E-03
   1.56250000E-02  0.640625000      -8.45205155E-04   1.62156057E-02  -1.22056506E-03
   4.68750000E-02  0.640625000      -3.43823759E-03   3.53111178E-02  -1.29239622E-03
   7.81250000E-02  0.640625000      -7.25017861E-03   4.42994200E-02  -1.33653986E-03
  0.109375000      0.640625000      -1.13929547E-02   4.73294184E-02  -1.36515219E-03
  0.140625000      0.640625000      -1.54422540E-02   4.74330150E-02  -1.38706411E-03
  0.171875000      0.640625000      -1.92385651E-02   4.62798402E-02  -1.40757742E-03
  0.203125000      0.640625000      -2.27443185E-02   4.46381569E-02  -1.42952090E-03
  0.234375000      0.640625000      -2.59737466E-02   4.28302102E-02  -1.45450770E-03
  0.265625000      0.640625000      -2.89640129E-02   4.09943983E-02  -1.48358580E-03
  0.296875000      0.640625000      -3.17642391E-02   3.92002687E-02  -1.51738606E-03
  0.328125000      0.640625000      -3.44317406E-02   3.74908336E-02  -1.55617436E-03
  0.359375000      0.640625000      -3.70318368E-02   3.58969681E-02  -1.59994885E-03
  0.390625000      0.640625000      -3.96400094E-02   3.44421230E-02  -1.64826121E-03
  0.421875000      0.640625000      -4.23462093E-02   3.31433788E-02  -1.70043181E-03
  0.453125000      0.640625000      -4.52613458E-02   3.20097469E-02  -1.75507343E-03
  0.484375000      0.640625000      -4.85259145E-02   3.10370345E-02  -1.81036023E-03
  0.515625000      0.640625000      -5.23205958E-02   3.01970430E-02  -1.86385331E-03
  0.546875000      0.640625000      -5.68770543E-02   2.94179544E-02  -1.91251538E-03
  0.578125000      0.640625000      -6.24839179E-02   2.85502337E-02  -1.95311732E-03
  0.609375000      0.640625000      -6.94757774E-02   2.73111258E-02  -1.98222161E-03
  0.640625000      0.640625000      -7.81811252E-02   2.52014175E-02  -1.99589459E-03
  0.671875000      0.640625000      -8.87963325E-02   2.14022696E-02  -1.98667799E-03
  0.703125000      0.640625000     -0.101166978       1.46972705E-02  -1.93454698E-03
  0.734375000      0.640625000     -0.114519276       3.51814833E-03  -1.79165171E-03
  0.765625000      0.640625000     -0.127281994      -1.37851853E-02  -1.31025177E-03
  0.796875000      0.640625000     -0.137250870      -3.85094918E-02  -4.34460206E-04
  0.828125000      0.640625000     -0.141648889      -7.13293552E-02   1.02156028E-03
  0.859375000      0.640625000     -0.137337819     -0.110084876       3.07292258E-03
  0.890625000      0.640625000     -0.121619336     -0.148096323       5.34842536E-03
  0.921875000      0.640625000      -9.32086334E-02 -0.172361702       7.05590378E-03
  0.953125000      0.640625000      -5.41449487E-02 -0.160293460       7.37898517E-03
  0.984375000      0.640625000      -1.62494015E-02  -7.53076524E-02   6.45310339E-03
   1.56250000E-02  0.671875000      -9.94014554E-04   1.80539079E-02  -1.66503468E-03
   4.68750000E-02  0.671875000      -3.98062076E-03   3.90504077E-02  -1.74629106E-03
   7.81250000E-02  0.671875000      -8.26313533E-03   4.86523211E-02  -1.79182715E-03
  0.109375000      0.671875000      -1.28026437E-02   5.16565591E-02  -1.81751570E-03
  0.140625000      0.671875000      -1.71361137E-02   5.14864624E-02  -1.83562830E-03
  0.171875000      0.671875000      -2.11083181E-02   4.99927998E-02  -1.85353949E-03
  0.203125000      0.671875000      -2.46978141E-02   4.80184555E-02  -1.87566457E-03
  0.234375000      0.671875000      -2.79363859E-02   4.59160805E-02  -1.90476514E-03
  0.265625000      0.671875000      -3.08767520E-02   4.38375510E-02  -1.94285531E-03
  0.296875000      0.671875000      -3.35804000E-02   4.18596566E-02  -1.99147919E-03
  0.328125000      0.671875000      -3.61136720E-02   4.00312245E-02  -2.05205288E-03
  0.359375000      0.671875000      -3.85479853E-02   3.83903980E-02  -2.12571304E-03
  0.390625000      0.671875000      -4.09629419E-02   3.69717591E-02  -2.21359497E-03
  0.421875000      0.671875000      -4.34522852E-02   3.58098634E-02  -2.31703231E-03
  0.453125000      0.671875000      -4.61329445E-02   3.49403918E-02  -2.43749819E-03
  0.484375000      0.671875000      -4.91578467E-02   3.43981497E-02  -2.57683313E-03
  0.515625000      0.671875000      -5.27331233E-02   3.42093892E-02  -2.73788674E-03
  0.546875000      0.671875000      -5.71385697E-02   3.43725830E-02  -2.92522204E-03
  0.578125000      0.671875000      -6.27452284E-02   3.48162800E-02  -3.14651290E-03
  0.609375000      0.671875000      -7.00125545E-02   3.53142396E-02  -3.41452612E-03
  0.640625000      0.671875000      -7.94284195E-02   3.53333056E-02  -3.74842621E-03
  0.671875000      0.671875000      -9.13418755E-02   3.38177457E-02  -4.16903337E-03
  0.703125000      0.671875000     -0.105667830       2.90030353E-02  -4.68000676E-03
  0.734375000      0.671875000     -0.121539816       1.84678882E-02  -5.22775296E-03
  0.765625000      0.671875000     -0.137101114      -3.74441035E-04  -5.65769244E-03
  0.796875000      0.671875000     -0.149674296      -2.93387678E-02  -5.48429089E-03
  0.828125000      0.671875000     -0.156387597      -6.93482086E-02  -4.36917227E-03
  0.859375000      0.671875000     -0.154175162     -0.118550017      -2.01731315E-03
  0.890625000      0.671875000     -0.139932245     -0.169555724       1.28597696E-03
  0.921875000      0.671875000     -0.111424178     -0.207787186       4.50425828E-03
  0.953125000      0.671875000      -6.89489022E-02 -0.206375241       6.16540061E-03
  0.984375000      0.671875000      -2.22489219E-02 -0.113796249       5.66321565E-03
   1.56250000E-02  0.703125000      -1.20502803E-03   2.02520378E-02  -2.16023903E-03
   4.68750000E-02  0.703125000      -4.72405273E-03   4.33558673E-02  -2.25291075E-03
   7.81250000E-02  0.703125000      -9.60297883E-03   5.35060391E-02  -2.29671062E-03
  0.109375000      0.703125000      -1.46077387E-02   5.63448668E-02  -2.31364206E-03
  0.140625000      0.703125000      -1.92416608E-02   5.57633489E-02  -2.32087122E-03
  0.171875000      0.703125000      -2.33691987E-02   5.38135320E-02  -2.32913997E-03
  0.203125000      0.703125000      -2.69989595E-02   5.14149740E-02  -2.34497176E-03
  0.234375000      0.703125000      -3.01902331E-02   4.89475504E-02  -2.37241318E-03
  0.265625000      0.703125000      -3.30172181E-02   4.65718061E-02  -2.41458486E-03
  0.296875000      0.703125000      -3.55562344E-02   4.43667397E-02  -2.47393269E-03
  0.328125000      0.703125000      -3.78821082E-02   4.23823260E-02  -2.55277916E-03
  0.359375000      0.703125000      -4.00691256E-02   4.06601131E-02  -2.65360437E-03
  0.390625000      0.703125000      -4.21950966E-02   3.92430127E-02  -2.77915644E-03
  0.421875000      0.703125000      -4.43482623E-02   3.81818637E-02  -2.93300021E-03
  0.453125000      0.703125000      -4.66379561E-02   3.75403464E-02  -3.11987568E-03
  0.484375000      0.703125000      -4.92099598E-02   3.73977944E-02  -3.34626576E-03
  0.515625000      0.703125000      -5.22676706E-02   3.78468558E-02  -3.62172094E-03
  0.546875000      0.703125000      -5.60985617E-02   3.89774516E-02  -3.96092515E-03
  0.578125000      0.703125000      -6.10994250E-02   4.08274904E-02  -4.38695122E-03
  0.609375000      0.703125000      -6.77808523E-02   4.32638898E-02  -4.93652746E-03
  0.640625000      0.703125000      -7.67119378E-02   4.57474738E-02  -5.66424755E-03
  0.671875000      0.703125000      -8.83550495E-02   4.69831377E-02  -6.63745403E-03
  0.703125000      0.703125000     -0.102769792       4.46084663E-02  -7.90450256E-03
  0.734375000      0.703125000     -0.119249545       3.52516994E-02  -9.41782072E-03
  0.765625000      0.703125000     -0.136045188       1.52427685E-02  -1.09375492E-02
  0.796875000      0.703125000     -0.150313020      -1.80676058E-02  -1.19872754E-02
  0.828125000      0.703125000     -0.159176975      -6.49945885E-02  -1.16680656E-02
  0.859375000      0.703125000     -0.159813806     -0.124433175      -9.28141177E-03
  0.890625000      0.703125000     -0.148863673     -0.188822776      -4.92842356E-03
  0.921875000      0.703125000     -0.122938216     -0.242914513       1.91809260E-04
  0.953125000      0.703125000      -8.00754353E-02 -0.256548941       3.85995395E-03
  0.984375000      0.703125000      -2.71672569E-02 -0.163200468       4.23337845E-03
   1.56250000E-02  0.734375000      -1.51487032E-03   2.29710080E-02  -2.72169430E-03
   4.68750000E-02  0.734375000      -5.77245886E-03   4.84114215E-02  -2.82808463E-03
   7.81250000E-02  0.734375000      -1.14132464E-02   5.89678958E-02  -2.86428281E-03
  0.109375000      0.734375000      -1.69543587E-02   6.14265911E-02  -2.86246324E-03
  0.140625000      0.734375000      -2.18850262E-02   6.02439456E-02  -2.84763565E-03
  0.171875000      0.734375000      -2.61183847E-02   5.76916337E-02  -2.83565698E-03
  0.203125000      0.734375000      -2.97157336E-02   5.47618791E-02  -2.83567188E-03
  0.234375000      0.734375000      -3.27782817E-02   5.18525243E-02  -2.85333535E-03
  0.265625000      0.734375000      -3.54092866E-02   4.91230935E-02  -2.89258757E-03
  0.296875000      0.734375000      -3.77023742E-02   4.66460958E-02  -2.95646978E-03
  0.328125000      0.734375000      -3.97397503E-02   4.44651470E-02  -3.04807210E-03
  0.359375000      0.734375000      -4.15946320E-02   4.26185951E-02  -3.17080901E-03
  0.390625000      0.734375000      -4.33359519E-02   4.11518030E-02  -3.32893804E-03
  0.421875000      0.734375000      -4.50355448E-02   4.01265696E-02  -3.52815213E-03
  0.453125000      0.734375000      -4.67784666E-02   3.96299250E-02  -3.77653493E-03
  0.484375000      0.734375000      -4.86775488E-02   3.97821553E-02  -4.08540107E-03
  0.515625000      0.734375000      -5.08934632E-02   4.07405384E-02  -4.47180821E-03
  0.546875000      0.734375000      -5.36597334E-02   4.26874608E-02  -4.96173371E-03
  0.578125000      0.734375000      -5.73077053E-02   4.57757860E-02  -5.59634995E-03
  0.609375000      0.734375000      -6.22781850E-02   4.99810427E-02  -6.44059852E-03
  0.640625000      0.734375000      -6.90956861E-02   5.47979102E-02  -7.59215932E-03
  0.671875000      0.734375000      -7.82741308E-02   5.87801337E-02  -9.17744357E-03
  0.703125000      0.734375000      -9.01241079E-02   5.91097288E-02  -1.13076856E-02
  0.734375000      0.734375000     -0.104449451       5.15964329E-02  -1.39640234E-02
  0.765625000      0.734375000     -0.120181344       3.14726904E-02  -1.68382935E-02
  0.796875000      0.734375000     -0.135149866      -5.01085212E-03  -1.92665011E-02
  0.828125000      0.734375000     -0.146322787      -5.79644144E-02  -2.01516896E-02
  0.859375000      0.734375000     -0.150798187     -0.126303270      -1.80808045E-02
  0.890625000      0.734375000     -0.145291358     -0.203365535      -1.28660845E-02
  0.921875000      0.734375000     -0.125103712     -0.274445057      -5.71466051E-03
  0.953125000      0.734375000      -8.55878145E-02 -0.307359725       4.43779747E-04
  0.984375000      0.734375000      -3.02497558E-02 -0.220605224       2.15713214E-03
   1.56250000E-02  0.765625000      -1.98658719E-03   2.64715012E-02  -3.37486085E-03
   4.68750000E-02  0.765625000      -7.29215425E-03   5.44719212E-02  -3.49696400E-03
   7.81250000E-02  0.765625000      -1.39017384E-02   6.51553646E-02  -3.51408729E-03
  0.109375000      0.765625000      -2.00303197E-02   6.69063926E-02  -3.47621716E-03
  0.140625000      0.765625000      -2.52036825E-02   6.48657605E-02  -3.42175947E-03
  0.171875000      0.765625000      -2.94357594E-02   6.15328923E-02  -3.37383198E-03
  0.203125000      0.765625000      -3.28753963E-02   5.79553246E-02  -3.34501266E-03
  0.234375000      0.765625000      -3.56847383E-02   5.45288175E-02  -3.34214745E-03
  0.265625000      0.765625000      -3.80040035E-02   5.13951108E-02  -3.36940726E-03
  0.296875000      0.765625000      -3.99456806E-02   4.86071557E-02  -3.42990737E-03
  0.328125000      0.765625000      -4.15973291E-02   4.61918078E-02  -3.52679356E-03
  0.359375000      0.765625000      -4.30265889E-02   4.41752300E-02  -3.66394268E-03
  0.390625000      0.765625000      -4.42866832E-02   4.25963253E-02  -3.84648656E-03
  0.421875000      0.765625000      -4.54226881E-02   4.15181592E-02  -4.08191327E-03
  0.453125000      0.765625000      -4.64794561E-02   4.10394892E-02  -4.38092742E-03
  0.484375000      0.765625000      -4.75119017E-02   4.13068235E-02  -4.75937780E-03
  0.515625000      0.765625000      -4.85984534E-02   4.25226912E-02  -5.24099777E-03
  0.546875000      0.765625000      -4.98579070E-02   4.49376330E-02  -5.86276175E-03
  0.578125000      0.765625000      -5.14687486E-02   4.87941578E-02  -6.68259617E-03
  0.609375000      0.765625000      -5.36888130E-02   5.41672856E-02  -7.79194804E-03
  0.640625000      0.765625000      -5.68751916E-02   6.06353730E-02  -9.32816416E-03
  0.671875000      0.765625000      -6.15009591E-02   6.67736977E-02  -1.14732748E-02
  0.703125000      0.765625000      -6.81423768E-02   6.96417838E-02  -1.44037446E-02
  0.734375000      0.765625000      -7.73550272E-02   6.46430254E-02  -1.81479380E-02
  0.765625000      0.765625000      -8.93102437E-02   4.61580828E-02  -2.23613866E-02
  0.796875000      0.765625000     -0.103116482       9.12513491E-03  -2.61540152E-02
  0.828125000      0.765625000     -0.116027951      -4.79698703E-02  -2.84243114E-02
  0.859375000      0.765625000     -0.125203609     -0.122602880      -2.70027909E-02
  0.890625000      0.765625000     -0.127320498     -0.210416079      -2.12889872E-02
  0.921875000      0.765625000     -0.116256997     -0.298610896      -1.22606233E-02
  0.953125000      0.765625000      -8.43413994E-02 -0.354593813      -3.35325417E-03
  0.984375000      0.765625000      -3.10901143E-02 -0.281934857       1.37784940E-04
   1.56250000E-02  0.796875000      -2.73059215E-03   3.11876591E-02  -4.16357163E-03
   4.68750000E-02  0.796875000      -9.54800751E-03   6.18764497E-02  -4.30059060E-03
   7.81250000E-02  0.796875000      -1.73525065E-02   7.21623451E-02  -4.27505001E-03
  0.109375000      0.796875000      -2.40391269E-02   7.27120042E-02  -4.17093188E-03
  0.140625000      0.796875000      -2.92839166E-02   6.94756657E-02  -4.04886156E-03
  0.171875000      0.796875000      -3.32905948E-02   6.51591197E-02  -3.94243328E-03
  0.203125000      0.796875000      -3.63455042E-02   6.08210787E-02  -3.86758172E-03
  0.234375000      0.796875000      -3.86929438E-02   5.68173751E-02  -3.83104058E-03
  0.265625000      0.796875000      -4.05152738E-02   5.32458574E-02  -3.83576727E-03
  0.296875000      0.796875000      -4.19422761E-02   5.01230620E-02  -3.88377509E-03
  0.328125000      0.796875000      -4.30632904E-02   4.74468842E-02  -3.97727964E-03
  0.359375000      0.796875000      -4.39363346E-02   4.52212170E-02  -4.11968771E-03
  0.390625000      0.796875000      -4.45943102E-02   4.34677303E-02  -4.31630248E-03
  0.421875000      0.796875000      -4.50493544E-02   4.22378629E-02  -4.57541086E-03
  0.453125000      0.796875000      -4.52970937E-02   4.16252986E-02  -4.90946695E-03
  0.484375000      0.796875000      -4.53205481E-02   4.17791680E-02  -5.33740595E-03
  0.515625000      0.796875000      -4.50938381E-02   4.29140888E-02  -5.88812493E-03
  0.546875000      0.796875000      -4.45885956E-02   4.53066155E-02  -6.60660863E-03
  0.578125000      0.796875000      -4.37871814E-02   4.92439196E-02  -7.56354537E-03
  0.609375000      0.796875000      -4.27102819E-02   5.48743233E-02  -8.86839349E-03
  0.640625000      0.796875000      -4.14730906E-02   6.18967414E-02  -1.06831929E-02
  0.671875000      0.796875000      -4.03793119E-02   6.90700486E-02  -1.32206194E-02
  0.703125000      0.796875000      -4.00481224E-02   7.36878514E-02  -1.66990552E-02
  0.734375000      0.796875000      -4.15142849E-02   7.13128895E-02  -2.11918950E-02
  0.765625000      0.796875000      -4.62087840E-02   5.61771765E-02  -2.63850018E-02
  0.796875000      0.796875000      -5.55196255E-02   2.22625472E-02  -3.12770829E-02
  0.828125000      0.796875000      -6.86058253E-02  -3.50729972E-02  -3.46558616E-02
  0.859375000      0.796875000      -8.28592479E-02 -0.112037167      -3.41085084E-02
  0.890625000      0.796875000      -9.42775086E-02 -0.207416296      -2.82992851E-02
  0.921875000      0.796875000      -9.54643935E-02 -0.311462700      -1.77016966E-02
  0.953125000      0.796875000      -7.56280571E-02 -0.393473744      -5.86336246E-03
  0.984375000      0.796875000      -2.94499621E-02 -0.342468768      -1.24142956E-04
   1.56250000E-02  0.828125000      -3.94038344E-03   3.78575288E-02  -5.16853528E-03
   4.68750000E-02  0.828125000      -1.29459240E-02   7.10270405E-02  -5.30766742E-03
   7.81250000E-02  0.828125000      -2.20925659E-02   7.99600780E-02  -5.18877897E-03
  0.109375000      0.828125000      -2.90759690E-02   7.85814077E-02  -4.96321218E-03
  0.140625000      0.828125000      -3.39570008E-02   7.37291425E-02  -4.72899992E-03
  0.171875000      0.828125000      -3.72717157E-02   6.82240650E-02  -4.53279307E-03
  0.203125000      0.828125000      -3.95069569E-02   6.30433187E-02  -4.39098198E-03
  0.234375000      0.828125000      -4.10049111E-02   5.84376380E-02  -4.30624746E-03
  0.265625000      0.828125000      -4.19856310E-02   5.44258989E-02  -4.27763909E-03
  0.296875000      0.828125000      -4.25887927E-02   5.09706587E-02  -4.30399086E-03
  0.328125000      0.828125000      -4.29001898E-02   4.80294749E-02  -4.38547228E-03
  0.359375000      0.828125000      -4.29661572E-02   4.55758348E-02  -4.52391244E-03
  0.390625000      0.828125000      -4.27997261E-02   4.36033979E-02  -4.72377799E-03
  0.421875000      0.828125000      -4.23822328E-02   4.21391800E-02  -4.99311369E-03
  0.453125000      0.828125000      -4.16645259E-02   4.12543565E-02  -5.34491055E-03
  0.484375000      0.828125000      -4.05648500E-02   4.10754308E-02  -5.79946721E-03
  0.515625000      0.828125000      -3.89614366E-02   4.17908318E-02  -6.38815295E-03
  0.546875000      0.828125000      -3.66887823E-02   4.36572954E-02  -7.16101471E-03
  0.578125000      0.828125000      -3.35475504E-02   4.69589680E-02  -8.19566287E-03
  0.609375000      0.828125000      -2.93407477E-02   5.18880114E-02  -9.60915815E-03
  0.640625000      0.828125000      -2.39558890E-02   5.82784414E-02  -1.15678087E-02
  0.671875000      0.828125000      -1.74834263E-02   6.51451126E-02  -1.42722325E-02
  0.703125000      0.828125000      -1.03945173E-02   7.02208728E-02  -1.79347992E-02
  0.734375000      0.828125000      -3.67746106E-03   6.95609450E-02  -2.26157773E-02
  0.765625000      0.828125000       1.02292281E-03   5.79563826E-02  -2.80789491E-02
  0.796875000      0.828125000       9.79348086E-04   2.98691429E-02  -3.34878638E-02
  0.828125000      0.828125000      -8.21986981E-03  -2.03655418E-02  -3.71698961E-02
  0.859375000      0.828125000      -2.61969250E-02  -9.44930539E-02  -3.75936776E-02
  0.890625000      0.828125000      -4.67730984E-02 -0.192951471      -3.18149403E-02
  0.921875000      0.828125000      -6.20714724E-02 -0.309431493      -1.98369808E-02
  0.953125000      0.828125000      -5.86469844E-02 -0.418760538      -4.53038514E-03
  0.984375000      0.828125000      -2.50433888E-02 -0.396961331       4.22015740E-03
   1.56250000E-02  0.859375000      -5.94430277E-03   4.77409996E-02  -6.55192416E-03
   4.68750000E-02  0.859375000      -1.80319045E-02   8.22339505E-02  -6.63555553E-03
   7.81250000E-02  0.859375000      -2.82707140E-02   8.81354809E-02  -6.30759820E-03
  0.109375000      0.859375000      -3.46970707E-02   8.38125125E-02  -5.85803436E-03
  0.140625000      0.859375000      -3.82016897E-02   7.68803358E-02  -5.44249918E-03
  0.171875000      0.859375000      -3.98561731E-02   7.00386465E-02  -5.11616282E-03
  0.203125000      0.859375000      -4.04067785E-02   6.40111268E-02  -4.88525350E-03
  0.234375000      0.859375000      -4.02851105E-02   5.88426925E-02  -4.73911595E-03
  0.265625000      0.859375000      -3.97239625E-02   5.44371009E-02  -4.66813333E-03
  0.296875000      0.859375000      -3.88569012E-02   5.06924242E-02  -4.66573890E-03
  0.328125000      0.859375000      -3.77590656E-02   4.75184098E-02  -4.72866092E-03
  0.359375000      0.859375000      -3.64658907E-02   4.48572114E-02  -4.85638296E-03
  0.390625000      0.859375000      -3.49773914E-02   4.26651239E-02  -5.05120354E-03
  0.421875000      0.859375000      -3.32554840E-02   4.09367308E-02  -5.32007078E-03
  0.453125000      0.859375000      -3.12261768E-02   3.97093147E-02  -5.67578524E-03
  0.484375000      0.859375000      -2.87748650E-02   3.90701368E-02  -6.13860693E-03
  0.515625000      0.859375000      -2.57257745E-02   3.91457975E-02  -6.73897844E-03
  0.546875000      0.859375000      -2.18295306E-02   4.01376709E-02  -7.53009180E-03
  0.578125000      0.859375000      -1.67682562E-02   4.22830582E-02  -8.59201793E-03
  0.609375000      0.859375000      -1.01873223E-02   4.57867272E-02  -1.00419316E-02
  0.640625000      0.859375000      -1.74663821E-03   5.05685769E-02  -1.20414644E-02
  0.671875000      0.859375000       8.69461894E-03   5.59606552E-02  -1.47192106E-02
  0.703125000      0.859375000       2.07746793E-02   6.02604151E-02  -1.82539728E-02
  0.734375000      0.859375000       3.33965793E-02   6.02082312E-02  -2.27241106E-02
  0.765625000      0.859375000       4.45750840E-02   5.14548123E-02  -2.78285220E-02
  0.796875000      0.859375000       5.14137521E-02   2.95953732E-02  -3.27112451E-02
  0.828125000      0.859375000       5.01391403E-02  -9.60159488E-03  -3.58437076E-02
  0.859375000      0.859375000       3.74109372E-02  -7.45390281E-02  -3.57777104E-02
  0.890625000      0.859375000       1.33841699E-02 -0.168298215      -3.01145855E-02
  0.921875000      0.859375000      -1.48954382E-02 -0.290510118      -1.65949687E-02
  0.953125000      0.859375000      -3.15035731E-02 -0.424510181       3.90283135E-03
  0.984375000      0.859375000      -1.71614531E-02 -0.439171076       1.73728969E-02
   1.56250000E-02  0.890625000      -9.21634585E-03   6.29003197E-02  -8.68023559E-03
   4.68750000E-02  0.890625000      -2.51564905E-02   9.50993150E-02  -8.47852230E-03
   7.81250000E-02  0.890625000      -3.48827355E-02   9.52316597E-02  -7.66779389E-03
  0.109375000      0.890625000      -3.84700671E-02   8.67263824E-02  -6.80557918E-03
  0.140625000      0.890625000      -3.83670703E-02   7.73642808E-02  -6.11001253E-03
  0.171875000      0.890625000      -3.63902897E-02   6.92284703E-02  -5.61198592E-03
  0.203125000      0.890625000      -3.35356966E-02   6.25133291E-02  -5.27866557E-03
  0.234375000      0.890625000      -3.02543491E-02   5.69334850E-02  -5.06532798E-03
  0.265625000      0.890625000      -2.67387610E-02   5.22656515E-02  -4.94941790E-03
  0.296875000      0.890625000      -2.30913423E-02   4.83456478E-02  -4.91672242E-03
  0.328125000      0.890625000      -1.93618126E-02   4.50343192E-02  -4.96054254E-03
  0.359375000      0.890625000      -1.55708054E-02   4.22539376E-02  -5.07696532E-03
  0.390625000      0.890625000      -1.17092077E-02   3.99155878E-02  -5.26491925E-03
  0.421875000      0.890625000      -7.73050543E-03   3.79835516E-02  -5.53019624E-03
  0.453125000      0.890625000      -3.55683477E-03   3.64581496E-02  -5.88566391E-03
  0.484375000      0.890625000       9.37233213E-04   3.53756100E-02  -6.35251775E-03
  0.515625000      0.890625000       5.91880828E-03   3.48108038E-02  -6.95264107E-03
  0.546875000      0.890625000       1.16170738E-02   3.48811671E-02  -7.74615631E-03
  0.578125000      0.890625000       1.83601398E-02   3.57407294E-02  -8.80305469E-03
  0.609375000      0.890625000       2.65691169E-02   3.75478268E-02  -1.02270748E-02
  0.640625000      0.890625000       3.66724692E-02   4.02753055E-02  -1.21580334E-02
  0.671875000      0.890625000       4.89446297E-02   4.35564816E-02  -1.47396382E-02
  0.703125000      0.890625000       6.32519498E-02   4.62965854E-02  -1.81051753E-02
  0.734375000      0.890625000       7.86318853E-02   4.61891927E-02  -2.22525299E-02
  0.765625000      0.890625000       9.29891914E-02   3.99529599E-02  -2.68230699E-02
  0.796875000      0.890625000      0.103253722       2.40018927E-02  -3.09183784E-02
  0.828125000      0.890625000      0.106246263      -5.72636630E-03  -3.30784395E-02
  0.859375000      0.890625000       9.90822166E-02  -5.85253760E-02  -3.09948474E-02
  0.890625000      0.890625000       7.97070414E-02 -0.140918940      -2.18069367E-02
  0.921875000      0.890625000       4.81819324E-02 -0.258101404      -3.20790242E-03
  0.953125000      0.890625000       1.09302606E-02 -0.403082818       2.32034139E-02
  0.984375000      0.890625000      -3.84630170E-03 -0.460188448       4.54441234E-02
   1.56250000E-02  0.921875000      -1.38055598E-02   8.59208331E-02  -1.24973599E-02
   4.68750000E-02  0.921875000      -3.21002416E-02  0.106310382      -1.10700773E-02
   7.81250000E-02  0.921875000      -3.54451910E-02   9.70879942E-02  -9.14892461E-03
  0.109375000      0.921875000      -3.05566750E-02   8.35648775E-02  -7.56771583E-03
  0.140625000      0.921875000      -2.21830495E-02   7.20449835E-02  -6.49528857E-03
  0.171875000      0.921875000      -1.27658201E-02   6.31494224E-02  -5.82031021E-03
  0.203125000      0.921875000      -3.20997485E-03   5.61774336E-02  -5.40852454E-03
  0.234375000      0.921875000       6.19035773E-03   5.05831651E-02  -5.14274556E-03
  0.265625000      0.921875000       1.52813494E-02   4.60049361E-02  -4.99643991E-03
  0.296875000      0.921875000       2.40400620E-02   4.21958789E-02  -4.95696347E-03
  0.328125000      0.921875000       3.25039774E-02   3.89865115E-02  -4.99855960E-03
  0.359375000      0.921875000       4.07279581E-02   3.62829417E-02  -5.11153927E-03
  0.390625000      0.921875000       4.87674773E-02   3.39820869E-02  -5.29826479E-03
  0.421875000      0.921875000       5.66736236E-02   3.20293754E-02  -5.56423236E-03
  0.453125000      0.921875000       6.45125061E-02   3.03976405E-02  -5.92084508E-03
  0.484375000      0.921875000       7.23713040E-02   2.90821120E-02  -6.38730638E-03
  0.515625000      0.921875000       8.03761706E-02   2.81180777E-02  -6.99240481E-03
  0.546875000      0.921875000       8.87044072E-02   2.75493190E-02  -7.78643647E-03
  0.578125000      0.921875000       9.75933671E-02   2.74448209E-02  -8.83853156E-03
  0.609375000      0.921875000      0.107356861       2.78783999E-02  -1.02449954E-02
  0.640625000      0.921875000      0.118358538       2.88499370E-02  -1.21287322E-02
  0.671875000      0.921875000      0.130911812       3.01695354E-02  -1.46191083E-02
  0.703125000      0.921875000      0.145067915       3.12348306E-02  -1.78053156E-02
  0.734375000      0.921875000      0.160235167       3.07172630E-02  -2.16160305E-02
  0.765625000      0.921875000      0.174810678       2.65006386E-02  -2.56164037E-02
  0.796875000      0.921875000      0.186235011       1.57654993E-02  -2.88168453E-02
  0.828125000      0.921875000      0.192469835      -6.72792597E-03  -2.95313466E-02
  0.859375000      0.921875000      0.189947784      -4.78584021E-02  -2.40841787E-02
  0.890625000      0.921875000      0.172315896     -0.114606187      -8.91474355E-03
  0.921875000      0.921875000      0.133767769     -0.214370936       1.95892714E-02
  0.953125000      0.921875000       7.41235018E-02 -0.349949479       6.05568588E-02
  0.984375000      0.921875000       1.97980441E-02 -0.444249094       9.81542766E-02
   1.56250000E-02  0.953125000      -1.35126421E-02  0.113237604      -2.05930751E-02
   4.68750000E-02  0.953125000      -1.84980966E-02  0.102270395      -1.40121141E-02
   7.81250000E-02  0.953125000       3.54111986E-03   8.24297592E-02  -9.89652611E-03
  0.109375000      0.953125000       3.01745236E-02   6.66970313E-02  -7.43799191E-03
  0.140625000      0.953125000       5.52651770E-02   5.54441512E-02  -6.11321535E-03
  0.171875000      0.953125000       7.81856924E-02   4.74078357E-02  -5.34748519E-03
  0.203125000      0.953125000       9.91980731E-02   4.13459130E-02  -4.91326489E-03
  0.234375000      0.953125000      0.118575379       3.66321281E-02  -4.67212219E-03
  0.265625000      0.953125000      0.136577547       3.28579396E-02  -4.56349459E-03
  0.296875000      0.953125000      0.153403550       2.97533311E-02  -4.55741119E-03
  0.328125000      0.953125000      0.169208571       2.71554887E-02  -4.63163108E-03
  0.359375000      0.953125000      0.184130698       2.49635521E-02  -4.77590505E-03
  0.390625000      0.953125000      0.198292285       2.30964534E-02  -4.99117654E-03
  0.421875000      0.953125000      0.211798310       2.14994606E-02  -5.28357923E-03
  0.453125000      0.953125000      0.224746704       2.01376248E-02  -5.66513883E-03
  0.484375000      0.953125000      0.237236440       1.89918391E-02  -6.15589647E-03
  0.515625000      0.953125000      0.249378562       1.80608295E-02  -6.78718276E-03
  0.546875000      0.953125000      0.261305332       1.73526946E-02  -7.60734733E-03
  0.578125000      0.953125000      0.273176432       1.68846585E-02  -8.68508685E-03
  0.609375000      0.953125000      0.285184443       1.66727938E-02  -1.01105124E-02
  0.640625000      0.953125000      0.297543764       1.67030431E-02  -1.19927246E-02
  0.671875000      0.953125000      0.310441494       1.68762859E-02  -1.44351963E-02
  0.703125000      0.953125000      0.323919177       1.69060975E-02  -1.74775179E-02
  0.734375000      0.953125000      0.337653697       1.61541477E-02  -2.09684335E-02
  0.765625000      0.953125000      0.350742638       1.34037519E-02  -2.43649390E-02
  0.796875000      0.953125000      0.361908138       6.26730081E-03  -2.65347268E-02
  0.828125000      0.953125000      0.367866814      -9.43820551E-03  -2.42073610E-02
  0.859375000      0.953125000      0.362210006      -3.69937345E-02  -1.39227100E-02
  0.890625000      0.953125000      0.336139113      -8.18016902E-02   9.41157527E-03
  0.921875000      0.953125000      0.278997183     -0.151523918       5.16103730E-02
  0.953125000      0.953125000      0.181771114     -0.255967021      0.115170449    
  0.984375000      0.953125000       6.11476228E-02 -0.363318741      0.184627667    
   1.56250000E-02  0.984375000       6.33742139E-02   6.33747578E-02  -3.77354994E-02
   4.68750000E-02  0.984375000      0.173618704       4.68711108E-02  -1.28036095E-02
   7.81250000E-02  0.984375000      0.254946589       3.44583467E-02  -6.08649291E-03
  0.109375000      0.984375000      0.316190600       2.67872922E-02  -4.04299702E-03
  0.140625000      0.984375000      0.364713043       2.17368547E-02  -3.36463936E-03
  0.171875000      0.984375000      0.404675841       1.82276815E-02  -3.12912418E-03
  0.203125000      0.984375000      0.438543499       1.56417545E-02  -3.08252056E-03
  0.234375000      0.984375000      0.467840731       1.36573464E-02  -3.13070114E-03
  0.265625000      0.984375000      0.493581533       1.20853316E-02  -3.24209663E-03
  0.296875000      0.984375000      0.516471148       1.08060511E-02  -3.40596214E-03
  0.328125000      0.984375000      0.537020147       9.74464323E-03  -3.61647643E-03
  0.359375000      0.984375000      0.555615783       8.85268115E-03  -3.87263624E-03
  0.390625000      0.984375000      0.572562516       8.09548795E-03  -4.18131519E-03
  0.421875000      0.984375000      0.588105202       7.44855590E-03  -4.55344561E-03
  0.453125000      0.984375000      0.602447748       6.89507136E-03  -5.00458572E-03
  0.484375000      0.984375000      0.615766346       6.42427988E-03  -5.55820065E-03
  0.515625000      0.984375000      0.628221035       6.03077188E-03  -6.24857470E-03
  0.546875000      0.984375000      0.639964879       5.71280299E-03  -7.12548196E-03
  0.578125000      0.984375000      0.651149631       5.47103444E-03  -8.25820491E-03
  0.609375000      0.984375000      0.661927462       5.30496752E-03  -9.73280147E-03
  0.640625000      0.984375000      0.672440231       5.20522986E-03  -1.16484584E-02
  0.671875000      0.984375000      0.682786763       5.13805402E-03  -1.40840579E-02
  0.703125000      0.984375000      0.692945004       5.01696393E-03  -1.70322619E-02
  0.734375000      0.984375000      0.702612400       4.64803679E-03  -2.02507451E-02
  0.765625000      0.984375000      0.710847974       3.58717516E-03  -2.29680166E-02
  0.796875000      0.984375000      0.715096712       6.63710525E-04  -2.31347978E-02
  0.828125000      0.984375000      0.710522294      -5.23246685E-03  -1.75052397E-02
  0.859375000      0.984375000      0.690118432      -1.51611473E-02  -2.55290791E-03
  0.890625000      0.984375000      0.643733740      -3.12098041E-02   2.80811321E-02
  0.921875000      0.984375000      0.555615783      -5.68921864E-02   8.21561143E-02
  0.953125000      0.984375000      0.400454819      -9.82511938E-02  0.166762471    
  0.984375000      0.984375000      0.151097223     -0.151089862      0.281094313    
