 VARIABLES="X","Y","U","V","P"
 ZONE F=POINT, I=          32 , J=          32
   1.56250000E-02   1.56250000E-02   3.62326129E-04  -3.62346880E-04   1.52415615E-02
   4.68750000E-02   1.56250000E-02   1.15737331E-03  -4.32749483E-04   1.52031966E-02
   7.81250000E-02   1.56250000E-02   1.79129862E-03  -2.01233284E-04   1.50755551E-02
  0.109375000       1.56250000E-02   1.88745023E-03   1.05023268E-04   1.48796979E-02
  0.140625000       1.56250000E-02   1.37163803E-03   4.10730834E-04   1.46323331E-02
  0.171875000       1.56250000E-02   2.58225249E-04   7.02626305E-04   1.43446065E-02
  0.203125000       1.56250000E-02  -1.43646344E-03   9.92011279E-04   1.40214190E-02
  0.234375000       1.56250000E-02  -3.71719943E-03   1.28867896E-03   1.36706745E-02
  0.265625000       1.56250000E-02  -6.59635756E-03   1.59043761E-03   1.33055495E-02
  0.296875000       1.56250000E-02  -1.00698434E-02   1.88300922E-03   1.29459193E-02
  0.328125000       1.56250000E-02  -1.40968449E-02   2.14395463E-03   1.26191033E-02
  0.359375000       1.56250000E-02  -1.85869038E-02   2.34606955E-03   1.23590138E-02
  0.390625000       1.56250000E-02  -2.33936347E-02   2.46062875E-03   1.22043202E-02
  0.421875000       1.56250000E-02  -2.83148997E-02   2.46061268E-03   1.21956430E-02
  0.453125000       1.56250000E-02  -3.30991298E-02   2.32359953E-03   1.23717729E-02
  0.484375000       1.56250000E-02  -3.74566689E-02   2.03392236E-03   1.27654057E-02
  0.515625000       1.56250000E-02  -4.10743356E-02   1.58372079E-03   1.33978631E-02
  0.546875000       1.56250000E-02  -4.36321795E-02   9.74105264E-04   1.42735532E-02
  0.578125000       1.56250000E-02  -4.48249802E-02   2.18666682E-04   1.53746232E-02
  0.609375000       1.56250000E-02  -4.44066972E-02  -6.36981626E-04   1.66303273E-02
  0.640625000       1.56250000E-02  -4.21209894E-02  -1.64876017E-03   1.79167744E-02
  0.671875000       1.56250000E-02  -3.77731919E-02  -2.69907760E-03   1.91237740E-02
  0.703125000       1.56250000E-02  -3.14303674E-02  -3.64379352E-03   2.01204568E-02
  0.734375000       1.56250000E-02  -2.34657582E-02  -4.32087108E-03   2.07824949E-02
  0.765625000       1.56250000E-02  -1.45902736E-02  -4.55467543E-03   2.10254341E-02
  0.796875000       1.56250000E-02  -5.85763203E-03  -4.17803088E-03   2.08408181E-02
  0.828125000       1.56250000E-02   1.40225235E-03  -3.08191660E-03   2.03273315E-02
  0.859375000       1.56250000E-02   5.90288593E-03  -1.41877634E-03   1.96596663E-02
  0.890625000       1.56250000E-02   7.16826506E-03   1.53340749E-04   1.90250482E-02
  0.921875000       1.56250000E-02   5.84338279E-03   1.17148750E-03   1.85665973E-02
  0.953125000       1.56250000E-02   3.18552507E-03   1.48631842E-03   1.83321498E-02
  0.984375000       1.56250000E-02   8.49590579E-04   8.49574863E-04   1.83139388E-02
   1.56250000E-02   4.68750000E-02   4.28287633E-04  -1.15301053E-03   1.52787818E-02
   4.68750000E-02   4.68750000E-02   1.09214685E-03  -1.10110734E-03   1.52356783E-02
   7.81250000E-02   4.68750000E-02   9.46677872E-04  -2.14632455E-05   1.51176769E-02
  0.109375000       4.68750000E-02  -5.69766969E-04   1.34541350E-03   1.49451140E-02
  0.140625000       4.68750000E-02  -3.59490979E-03   2.71116337E-03   1.47269592E-02
  0.171875000       4.68750000E-02  -8.09954107E-03   4.02011257E-03   1.44686252E-02
  0.203125000       4.68750000E-02  -1.40142292E-02   5.28378692E-03   1.41727347E-02
  0.234375000       4.68750000E-02  -2.12366749E-02   6.49997918E-03   1.38443764E-02
  0.265625000       4.68750000E-02  -2.96080541E-02   7.62957660E-03   1.34939961E-02
  0.296875000       4.68750000E-02  -3.88950370E-02   8.60425085E-03   1.31390840E-02
  0.328125000       4.68750000E-02  -4.87876385E-02   9.34223644E-03   1.28049627E-02
  0.359375000       4.68750000E-02  -5.89104667E-02   9.76059400E-03   1.25246886E-02
  0.390625000       4.68750000E-02  -6.88417107E-02   9.78401117E-03   1.23369265E-02
  0.421875000       4.68750000E-02  -7.81343430E-02   9.35106631E-03   1.22836735E-02
  0.453125000       4.68750000E-02  -8.63359645E-02   8.41894560E-03   1.24060521E-02
  0.484375000       4.68750000E-02  -9.30060893E-02   6.96620578E-03   1.27399042E-02
  0.515625000       4.68750000E-02  -9.77309942E-02   4.99396538E-03   1.33105321E-02
  0.546875000       4.68750000E-02 -0.100136288       2.52695568E-03   1.41266957E-02
  0.578125000       4.68750000E-02  -9.98952985E-02  -3.82430444E-04   1.51775414E-02
  0.609375000       4.68750000E-02  -9.66710597E-02  -3.67846363E-03   1.63500924E-02
  0.640625000       4.68750000E-02  -9.02936459E-02  -7.27048330E-03   1.75754260E-02
  0.671875000       4.68750000E-02  -8.08871537E-02  -1.08317267E-02   1.87347550E-02
  0.703125000       4.68750000E-02  -6.87754005E-02  -1.39658246E-02   1.96979381E-02
  0.734375000       4.68750000E-02  -5.45240641E-02  -1.62149109E-02   2.03440767E-02
  0.765625000       4.68750000E-02  -3.89932171E-02  -1.70671027E-02   2.05932520E-02
  0.796875000       4.68750000E-02  -2.33849436E-02  -1.60066616E-02   2.04414967E-02
  0.828125000       4.68750000E-02  -9.24564805E-03  -1.26526030E-02   1.99835896E-02
  0.859375000       4.68750000E-02   1.58700091E-03  -7.18150334E-03   1.94024667E-02
  0.890625000       4.68750000E-02   7.34537374E-03  -1.10781053E-03   1.88651755E-02
  0.921875000       4.68750000E-02   7.85047747E-03   3.25229811E-03   1.84852034E-02
  0.953125000       4.68750000E-02   4.95954789E-03   4.95417975E-03   1.82938408E-02
  0.984375000       4.68750000E-02   1.48898677E-03   3.18811438E-03   1.82877854E-02
   1.56250000E-02   7.81250000E-02   5.20995236E-05  -1.63345761E-03   1.54132862E-02
   4.68750000E-02   7.81250000E-02  -5.78574429E-04  -6.53980940E-04   1.53439203E-02
   7.81250000E-02   7.81250000E-02  -2.94726202E-03   2.04541534E-03   1.52204894E-02
  0.109375000       7.81250000E-02  -7.34151201E-03   5.18907839E-03   1.50551200E-02
  0.140625000       7.81250000E-02  -1.37304356E-02   8.28141626E-03   1.48504470E-02
  0.171875000       7.81250000E-02  -2.19742022E-02   1.11981193E-02   1.46032926E-02
  0.203125000       7.81250000E-02  -3.18563133E-02   1.39024509E-02   1.43102985E-02
  0.234375000       7.81250000E-02  -4.30840440E-02   1.63313709E-02   1.39720235E-02
  0.265625000       7.81250000E-02  -5.52915111E-02   1.83769204E-02   1.35959890E-02
  0.296875000       7.81250000E-02  -6.80540875E-02   1.99063681E-02   1.31984092E-02
  0.328125000       7.81250000E-02  -8.09085742E-02   2.07871161E-02   1.28051303E-02
  0.359375000       7.81250000E-02  -9.33740139E-02   2.09038891E-02   1.24510136E-02
  0.390625000       7.81250000E-02 -0.104970716       2.01685950E-02   1.21780215E-02
  0.421875000       7.81250000E-02 -0.115236625       1.85249578E-02   1.20329615E-02
  0.453125000       7.81250000E-02 -0.123740435       1.59504246E-02   1.20621379E-02
  0.484375000       7.81250000E-02 -0.130091786       1.24561507E-02   1.23067610E-02
  0.515625000       7.81250000E-02 -0.133948356       8.08547251E-03   1.27973463E-02
  0.546875000       7.81250000E-02 -0.135019481       2.91183381E-03   1.35475937E-02
  0.578125000       7.81250000E-02 -0.133065104      -2.96272663E-03   1.45270005E-02
  0.609375000       7.81250000E-02 -0.127944633      -9.44292732E-03   1.56535748E-02
  0.640625000       7.81250000E-02 -0.119687349      -1.61407962E-02   1.68604422E-02
  0.671875000       7.81250000E-02 -0.108468935      -2.25863978E-02   1.80281661E-02
  0.703125000       7.81250000E-02  -9.45860147E-02  -2.82059349E-02   1.90249067E-02
  0.734375000       7.81250000E-02  -7.85010159E-02  -3.23112570E-02   1.97271351E-02
  0.765625000       7.81250000E-02  -6.09000102E-02  -3.41027491E-02   2.00488940E-02
  0.796875000       7.81250000E-02  -4.27545235E-02  -3.27249281E-02   1.99762136E-02
  0.828125000       7.81250000E-02  -2.53759827E-02  -2.74523217E-02   1.95912477E-02
  0.859375000       7.81250000E-02  -1.04258712E-02  -1.81646831E-02   1.90628376E-02
  0.890625000       7.81250000E-02   1.45770377E-04  -6.45477837E-03   1.85705125E-02
  0.921875000       7.81250000E-02   4.63048648E-03   3.60931782E-03   1.82165056E-02
  0.953125000       7.81250000E-02   3.88693903E-03   8.23151134E-03   1.80502515E-02
  0.984375000       7.81250000E-02   1.29555946E-03   5.97261637E-03   1.80435795E-02
   1.56250000E-02  0.109375000      -6.30430121E-04  -1.05519115E-03   1.56243946E-02
   4.68750000E-02  0.109375000      -3.30468337E-03   2.07253546E-03   1.55096836E-02
   7.81250000E-02  0.109375000      -8.63462500E-03   7.01736799E-03   1.53661314E-02
  0.109375000      0.109375000      -1.62834302E-02   1.22600254E-02   1.51901394E-02
  0.140625000      0.109375000      -2.59456225E-02   1.72614343E-02   1.49727771E-02
  0.171875000      0.109375000      -3.73282582E-02   2.18443684E-02   1.47024523E-02
  0.203125000      0.109375000      -5.00916205E-02   2.59015448E-02   1.43699180E-02
  0.234375000      0.109375000      -6.38324320E-02   2.93007009E-02   1.39719453E-02
  0.265625000      0.109375000      -7.80994967E-02   3.18820179E-02   1.35150068E-02
  0.296875000      0.109375000      -9.24184918E-02   3.34827527E-02   1.30160786E-02
  0.328125000      0.109375000     -0.106314227       3.39608714E-02   1.25046102E-02
  0.359375000      0.109375000     -0.119328059       3.32093127E-02   1.20199295E-02
  0.390625000      0.109375000     -0.131031036       3.11627984E-02   1.16104735E-02
  0.421875000      0.109375000     -0.141033903       2.77994797E-02   1.13295047E-02
  0.453125000      0.109375000     -0.148994014       2.31397860E-02   1.12294517E-02
  0.484375000      0.109375000     -0.154619753       1.72438268E-02   1.13566536E-02
  0.515625000      0.109375000     -0.157672167       1.02067795E-02   1.17457807E-02
  0.546875000      0.109375000     -0.157963812       2.15326436E-03   1.24124791E-02
  0.578125000      0.109375000     -0.155351683      -6.77069183E-03   1.33128520E-02
  0.609375000      0.109375000     -0.149797261      -1.63098983E-02   1.44132804E-02
  0.640625000      0.109375000     -0.141345680      -2.59827208E-02   1.56291202E-02
  0.671875000      0.109375000     -0.130077809      -3.52308303E-02   1.68465488E-02
  0.703125000      0.109375000     -0.116163850      -4.33584899E-02   1.79348029E-02
  0.734375000      0.109375000      -9.99013186E-02  -4.95063402E-02   1.87660344E-02
  0.765625000      0.109375000      -8.17661360E-02  -5.26439697E-02   1.92434490E-02
  0.796875000      0.109375000      -6.24770820E-02  -5.16183898E-02   1.93323512E-02
  0.828125000      0.109375000      -4.30745706E-02  -4.53400500E-02   1.90861970E-02
  0.859375000      0.109375000      -2.50178985E-02  -3.32838669E-02   1.86452121E-02
  0.890625000      0.109375000      -1.02919228E-02  -1.66333392E-02   1.81874633E-02
  0.921875000      0.109375000      -1.11532118E-03   1.26437517E-04   1.78443752E-02
  0.953125000      0.109375000       1.72258751E-03   9.61991027E-03   1.76472496E-02
  0.984375000      0.109375000       8.14974483E-04   8.08310881E-03   1.76070482E-02
   1.56250000E-02  0.140625000      -1.48029753E-03   1.05546741E-03   1.58632938E-02
   4.68750000E-02  0.140625000      -6.44908659E-03   7.60476477E-03   1.56953409E-02
   7.81250000E-02  0.140625000      -1.47405136E-02   1.51063409E-02   1.55192278E-02
  0.109375000      0.140625000      -2.53024250E-02   2.23816112E-02   1.53087638E-02
  0.140625000      0.140625000      -3.75720337E-02   2.90715061E-02   1.50430948E-02
  0.171875000      0.140625000      -5.11641800E-02   3.50089520E-02   1.47041511E-02
  0.203125000      0.140625000      -6.56985417E-02   4.00345623E-02   1.42793432E-02
  0.234375000      0.140625000      -8.07585418E-02   4.39683795E-02   1.37646878E-02
  0.265625000      0.140625000      -9.59048718E-02   4.66276333E-02   1.31679885E-02
  0.296875000      0.140625000     -0.110699013       4.78501916E-02   1.25104664E-02
  0.328125000      0.140625000     -0.124722362       4.75124419E-02   1.18266037E-02
  0.359375000      0.140625000     -0.137589097       4.55382392E-02   1.11631118E-02
  0.390625000      0.140625000     -0.148954242       4.19019423E-02   1.05750281E-02
  0.421875000      0.140625000     -0.158517733       3.66266705E-02   1.01222545E-02
  0.453125000      0.140625000     -0.166025847       2.97808126E-02   9.86250211E-03
  0.484375000      0.140625000     -0.171270028       2.14726962E-02   9.84611455E-03
  0.515625000      0.140625000     -0.174084127       1.18444273E-02   1.01090409E-02
  0.546875000      0.140625000     -0.174341902       1.06499949E-03   1.06663937E-02
  0.578125000      0.140625000     -0.171957806      -1.06786648E-02   1.14915408E-02
  0.609375000      0.140625000     -0.166877881      -2.30362788E-02   1.25636244E-02
  0.640625000      0.140625000     -0.159066096      -3.55197005E-02   1.38027985E-02
  0.671875000      0.140625000     -0.148515597      -4.75122705E-02   1.51012894E-02
  0.703125000      0.140625000     -0.135275438      -5.82312569E-02   1.63312927E-02
  0.734375000      0.140625000     -0.119482614      -6.66890293E-02   1.73615403E-02
  0.765625000      0.140625000     -0.101409450      -7.16697127E-02   1.80806555E-02
  0.796875000      0.140625000      -8.15327764E-02  -7.17584938E-02   1.84260849E-02
  0.828125000      0.140625000      -6.06350601E-02  -6.55002892E-02   1.84096396E-02
  0.859375000      0.140625000      -3.99569198E-02  -5.18585518E-02   1.81273315E-02
  0.890625000      0.140625000      -2.14124992E-02  -3.13291661E-02   1.77329984E-02
  0.921875000      0.140625000      -7.64818070E-03  -8.11877288E-03   1.73693858E-02
  0.953125000      0.140625000      -8.66127666E-04   8.24504346E-03   1.71167441E-02
  0.984375000      0.140625000       3.00660264E-04   9.19870473E-03   1.70160607E-02
   1.56250000E-02  0.171875000      -2.30991305E-03   4.84560523E-03   1.60585679E-02
   4.68750000E-02  0.171875000      -9.37563460E-03   1.58489756E-02   1.58367101E-02
   7.81250000E-02  0.171875000      -2.01479513E-02   2.59257052E-02   1.56160677E-02
  0.109375000      0.171875000      -3.29439603E-02   3.49200070E-02   1.53452111E-02
  0.140625000      0.171875000      -4.70308587E-02   4.28894684E-02   1.49936602E-02
  0.171875000      0.171875000      -6.19934946E-02   4.97456342E-02   1.45403426E-02
  0.203125000      0.171875000      -7.74674267E-02   5.53060547E-02   1.39728095E-02
  0.234375000      0.171875000      -9.30764303E-02   5.93657866E-02   1.32894572E-02
  0.265625000      0.171875000     -0.108439192       6.17392212E-02   1.25025436E-02
  0.296875000      0.171875000     -0.123187900       6.22813925E-02   1.16389096E-02
  0.328125000      0.171875000     -0.136982813       6.08994514E-02   1.07400389E-02
  0.359375000      0.171875000     -0.149520546       5.75556718E-02   9.85964201E-03
  0.390625000      0.171875000     -0.160537183       5.22662476E-02   9.05954093E-03
  0.421875000      0.171875000     -0.169807434       4.50961031E-02   8.40453710E-03
  0.453125000      0.171875000     -0.177141279       3.61533687E-02   7.95711949E-03
  0.484375000      0.171875000     -0.182379454       2.55824942E-02   7.77012156E-03
  0.515625000      0.171875000     -0.185389370       1.35586616E-02   7.88073987E-03
  0.546875000      0.171875000     -0.186063766       2.82941008E-04   8.30408372E-03
  0.578125000      0.171875000     -0.184323668      -1.40207969E-02   9.03909933E-03
  0.609375000      0.171875000     -0.180091798      -2.90059075E-02   1.00746434E-02
  0.640625000      0.171875000     -0.173279941      -4.41736840E-02   1.13412105E-02
  0.671875000      0.171875000     -0.163808972      -5.88797927E-02   1.27401818E-02
  0.703125000      0.171875000     -0.151619792      -7.22931623E-02   1.41497552E-02
  0.734375000      0.171875000     -0.136697397      -8.33423883E-02   1.54362377E-02
  0.765625000      0.171875000     -0.119115859      -9.06711146E-02   1.64734907E-02
  0.796875000      0.171875000      -9.91131812E-02  -9.26365480E-02   1.71657745E-02
  0.828125000      0.171875000      -7.72124082E-02  -8.74208361E-02   1.74744166E-02
  0.859375000      0.171875000      -5.44167757E-02  -7.34118968E-02   1.74364224E-02
  0.890625000      0.171875000      -3.25172804E-02  -5.02198413E-02   1.71624292E-02
  0.921875000      0.171875000      -1.44346515E-02  -2.10751519E-02   1.67990923E-02
  0.953125000      0.171875000      -3.56707559E-03   3.55168805E-03   1.64677799E-02
  0.984375000      0.171875000      -1.70610205E-04   9.32872016E-03   1.62827391E-02
   1.56250000E-02  0.203125000      -2.97739077E-03   1.01328334E-02   1.61215868E-02
   4.68750000E-02  0.203125000      -1.16508398E-02   2.63007544E-02   1.58520248E-02
   7.81250000E-02  0.203125000      -2.42051985E-02   3.88004370E-02   1.55770835E-02
  0.109375000      0.203125000      -3.84945609E-02   4.91304919E-02   1.52235925E-02
  0.140625000      0.203125000      -5.36821857E-02   5.79533651E-02   1.47549091E-02
  0.171875000      0.203125000      -6.93541542E-02   6.53162152E-02   1.41505385E-02
  0.203125000      0.203125000      -8.51855353E-02   7.10406676E-02   1.34013034E-02
  0.234375000      0.203125000     -0.100859843       7.49143884E-02   1.25103910E-02
  0.265625000      0.203125000     -0.116066888       7.67603517E-02   1.14960708E-02
  0.296875000      0.203125000     -0.130515337       7.64573663E-02   1.03923529E-02
  0.328125000      0.203125000     -0.143941969       7.39450008E-02   9.24739987E-03
  0.359375000      0.203125000     -0.156115353       6.92212507E-02   8.12143739E-03
  0.390625000      0.203125000     -0.166834950       6.23369068E-02   7.08218757E-03
  0.421875000      0.203125000     -0.175927341       5.33880889E-02   6.19865023E-03
  0.453125000      0.203125000     -0.183241397       4.25093323E-02   5.53692970E-03
  0.484375000      0.203125000     -0.188643992       2.98673678E-02   5.15311956E-03
  0.515625000      0.203125000     -0.192018211       1.56579819E-02   5.08667994E-03
  0.546875000      0.203125000     -0.193265170       1.05044142E-04   5.35336370E-03
  0.578125000      0.203125000     -0.192310691      -1.65374335E-02   5.97681338E-03
  0.609375000      0.203125000     -0.189075217      -3.39565650E-02   6.96125813E-03
  0.640625000      0.203125000     -0.183448359      -5.16617075E-02   8.24914034E-03
  0.671875000      0.203125000     -0.175296217      -6.90149218E-02   9.75313224E-03
  0.703125000      0.203125000     -0.164463520      -8.51799548E-02   1.13607505E-02
  0.734375000      0.203125000     -0.150791258      -9.90502536E-02   1.29391542E-02
  0.765625000      0.203125000     -0.134159550     -0.109176502       1.43487006E-02
  0.796875000      0.203125000     -0.114568196     -0.113725260       1.54609578E-02
  0.828125000      0.203125000      -9.22729820E-02 -0.110528201       1.61812920E-02
  0.859375000      0.203125000      -6.80119842E-02  -9.73612592E-02   1.64772980E-02
  0.890625000      0.203125000      -4.33777720E-02  -7.28042722E-02   1.63979139E-02
  0.921875000      0.203125000      -2.13612970E-02  -3.85899208E-02   1.60751231E-02
  0.953125000      0.203125000      -6.34869793E-03  -4.81381826E-03   1.56800095E-02
  0.984375000      0.203125000      -6.04547735E-04   8.55352730E-03   1.53875519E-02
   1.56250000E-02  0.234375000      -3.39890458E-03   1.65090524E-02   1.59702543E-02
   4.68750000E-02  0.234375000      -1.30632930E-02   3.82622071E-02   1.56625845E-02
   7.81250000E-02  0.234375000      -2.66664065E-02   5.29962927E-02   1.53278280E-02
  0.109375000      0.234375000      -4.17616628E-02   6.43191040E-02   1.48769841E-02
  0.140625000      0.234375000      -5.74430823E-02   7.36336634E-02   1.42713767E-02
  0.171875000      0.234375000      -7.33059943E-02   8.11706930E-02   1.34932268E-02
  0.203125000      0.234375000      -8.90682340E-02   8.67797211E-02   1.25383474E-02
  0.234375000      0.234375000     -0.104472883       9.02542174E-02   1.14165824E-02
  0.265625000      0.234375000     -0.119276732       9.14313644E-02   1.01528354E-02
  0.296875000      0.234375000     -0.133255735       9.02137607E-02   8.78802594E-03
  0.328125000      0.234375000     -0.146209404       8.65689218E-02   7.37712719E-03
  0.359375000      0.234375000     -0.157961309       8.05226713E-02   5.98582160E-03
  0.390625000      0.234375000     -0.168356329       7.21501559E-02   4.68731765E-03
  0.421875000      0.234375000     -0.177256614       6.15675300E-02   3.55479843E-03
  0.453125000      0.234375000     -0.184537962       4.89253551E-02   2.65797996E-03
  0.484375000      0.234375000     -0.190088674       3.44047695E-02   2.05649924E-03
  0.515625000      0.234375000     -0.193810746       1.82169843E-02   1.79325929E-03
  0.546875000      0.234375000     -0.195623621       6.05993904E-04   1.88837387E-03
  0.578125000      0.234375000     -0.195470020      -1.81463808E-02   2.37906980E-03
  0.609375000      0.234375000     -0.193286434      -3.77666354E-02   3.29348398E-03
  0.640625000      0.234375000     -0.188961864      -5.78030348E-02   4.58560931E-03
  0.671875000      0.234375000     -0.182324439      -7.76631683E-02   6.18239213E-03
  0.703125000      0.234375000     -0.173135802      -9.65530276E-02   7.98319932E-03
  0.734375000      0.234375000     -0.161102623     -0.113382623       9.86050628E-03
  0.765625000      0.234375000     -0.145917594     -0.126660854       1.16668511E-02
  0.796875000      0.234375000     -0.127343118     -0.134406775       1.32438112E-02
  0.828125000      0.234375000     -0.105358668     -0.134126380       1.44431554E-02
  0.859375000      0.234375000      -8.04082304E-02 -0.122974575       1.51563957E-02
  0.890625000      0.234375000      -5.38141429E-02  -9.84193385E-02   1.53542701E-02
  0.921875000      0.234375000      -2.84553953E-02  -6.03501536E-02   1.51280928E-02
  0.953125000      0.234375000      -9.42435395E-03  -1.70973130E-02   1.46831814E-02
  0.984375000      0.234375000      -1.14025339E-03   6.80869399E-03   1.42806955E-02
   1.56250000E-02  0.265625000      -3.54961189E-03   2.34574899E-02   1.55455926E-02
   4.68750000E-02  0.265625000      -1.35760074E-02   5.10043837E-02   1.52115505E-02
   7.81250000E-02  0.265625000      -2.75439303E-02   6.78249821E-02   1.48164295E-02
  0.109375000      0.265625000      -4.28407416E-02   7.98823237E-02   1.42628988E-02
  0.140625000      0.265625000      -5.85045889E-02   8.94155800E-02   1.35126160E-02
  0.171875000      0.265625000      -7.41353929E-02   9.68823880E-02   1.25521738E-02
  0.203125000      0.265625000      -8.94868225E-02  0.102181606       1.13832355E-02
  0.234375000      0.265625000     -0.104352131      0.105122246       1.00221708E-02
  0.265625000      0.265625000     -0.118542567      0.105557606       8.50105472E-03
  0.296875000      0.265625000     -0.131886691      0.103410631       6.86724577E-03
  0.328125000      0.265625000     -0.144231051       9.86701101E-02   5.18193096E-03
  0.359375000      0.265625000     -0.155439049       9.13814455E-02   3.51632666E-03
  0.390625000      0.265625000     -0.165388644       8.16360712E-02   1.94812857E-03
  0.421875000      0.265625000     -0.173970297       6.95636272E-02   5.55673789E-04
  0.453125000      0.265625000     -0.181086808       5.53272441E-02  -5.87692892E-04
  0.484375000      0.265625000     -0.186654672       3.91216017E-02  -1.41761475E-03
  0.515625000      0.265625000     -0.190606520       2.11742148E-02  -1.88678922E-03
  0.546875000      0.265625000     -0.192893803       1.74904917E-03  -1.96942920E-03
  0.578125000      0.265625000     -0.193488300      -1.88484266E-02  -1.62657490E-03
  0.609375000      0.265625000     -0.192356139      -4.03802358E-02  -8.02288996E-04
  0.640625000      0.265625000     -0.189403266      -6.24668002E-02   4.69453807E-04
  0.671875000      0.265625000     -0.184437126      -8.46029371E-02   2.13028071E-03
  0.703125000      0.265625000     -0.177152038     -0.106086925       4.09462117E-03
  0.734375000      0.265625000     -0.167133808     -0.125900075       6.24641683E-03
  0.765625000      0.265625000     -0.153896794     -0.142565429       8.43785703E-03
  0.796875000      0.265625000     -0.136968225     -0.154005259       1.04897935E-02
  0.828125000      0.265625000     -0.116042547     -0.157438010       1.22060599E-02
  0.859375000      0.265625000      -9.12436768E-02 -0.149412274       1.34026241E-02
  0.890625000      0.265625000      -6.35675639E-02 -0.126251906       1.39601398E-02
  0.921875000      0.265625000      -3.56439352E-02  -8.58000368E-02   1.39029045E-02
  0.953125000      0.265625000      -1.28570180E-02  -3.34654637E-02   1.34491716E-02
  0.984375000      0.265625000      -1.81637483E-03   3.85203864E-03   1.29324207E-02
   1.56250000E-02  0.296875000      -3.44502577E-03   3.04520521E-02   1.48223005E-02
   4.68750000E-02  0.296875000      -1.32572148E-02   6.38482496E-02   1.44742467E-02
   7.81250000E-02  0.296875000      -2.69860495E-02   8.26777220E-02   1.40232518E-02
  0.109375000      0.296875000      -4.19641659E-02   9.53043699E-02   1.33695155E-02
  0.140625000      0.296875000      -5.71764931E-02  0.104869604       1.24776466E-02
  0.171875000      0.296875000      -7.22169653E-02  0.112099558       1.13387285E-02
  0.203125000      0.296875000      -8.68636593E-02  0.116962492       9.96022020E-03
  0.234375000      0.296875000     -0.100947440      0.119290426       8.36493075E-03
  0.265625000      0.296875000     -0.114320144      0.118952580       6.59136195E-03
  0.296875000      0.296875000     -0.126848310      0.115887985       4.69325297E-03
  0.328125000      0.296875000     -0.138412029      0.110100888       2.73754564E-03
  0.359375000      0.296875000     -0.148903668      0.101650387       8.00755282E-04
  0.390625000      0.296875000     -0.158227623       9.06407535E-02  -1.03460532E-03
  0.421875000      0.296875000     -0.166301548       7.72146583E-02  -2.68538459E-03
  0.453125000      0.296875000     -0.173059523       6.15508445E-02  -4.07301262E-03
  0.484375000      0.296875000     -0.178455383       4.38619033E-02  -5.12933731E-03
  0.515625000      0.296875000     -0.182464659       2.43952256E-02  -5.80083625E-03
  0.546875000      0.296875000     -0.185083166       3.43397842E-03  -6.05680840E-03
  0.578125000      0.296875000     -0.186321869      -1.87000111E-02  -5.86747844E-03
  0.609375000      0.296875000     -0.186187923      -4.17946056E-02  -5.14975470E-03
  0.640625000      0.296875000     -0.184620813      -6.55722991E-02  -3.92791536E-03
  0.671875000      0.296875000     -0.181426674      -8.96576643E-02  -2.24511139E-03
  0.703125000      0.296875000     -0.176251978     -0.113491923      -1.68378130E-04
  0.734375000      0.296875000     -0.168579310     -0.136185899       2.20384914E-03
  0.765625000      0.296875000     -0.157757431     -0.156338498       4.73223859E-03
  0.796875000      0.296875000     -0.143082917     -0.171835288       7.22973794E-03
  0.828125000      0.296875000     -0.123957463     -0.179659128       9.46492609E-03
  0.859375000      0.296875000     -0.100160077     -0.175787449       1.11835254E-02
  0.890625000      0.296875000      -7.23100603E-02 -0.155402929       1.21705849E-02
  0.921875000      0.296875000      -4.26821820E-02 -0.114200585       1.23582436E-02
  0.953125000      0.296875000      -1.66318975E-02  -5.39021865E-02   1.19433440E-02
  0.984375000      0.296875000      -2.70973821E-03  -6.74094656E-04   1.13243749E-02
   1.56250000E-02  0.328125000      -3.12299817E-03   3.70200053E-02   1.38105433E-02
   4.68750000E-02  0.328125000      -1.22285523E-02   7.61978924E-02   1.34606604E-02
   7.81250000E-02  0.328125000      -2.52024196E-02   9.70306396E-02   1.29615450E-02
  0.109375000      0.328125000      -3.94199938E-02  0.110147029       1.22164711E-02
  0.140625000      0.328125000      -5.38123697E-02  0.119631559       1.11941053E-02
  0.171875000      0.328125000      -6.79547116E-02  0.126520336       9.89037286E-03
  0.203125000      0.328125000      -8.16373974E-02  0.130871058       8.31764098E-03
  0.234375000      0.328125000      -9.47166681E-02  0.132544920       6.50443416E-03
  0.265625000      0.328125000     -0.107072540      0.131426707       4.49521653E-03
  0.296875000      0.328125000     -0.118598260      0.127467826       2.34947586E-03
  0.328125000      0.328125000     -0.129197583      0.120684169       1.39713477E-04
  0.359375000      0.328125000     -0.138784736      0.111146033      -2.05190596E-03
  0.390625000      0.328125000     -0.147286981       9.89713967E-02  -4.13809158E-03
  0.421875000      0.328125000     -0.154649332       8.43204260E-02  -6.03050832E-03
  0.453125000      0.328125000     -0.160840631       6.73944950E-02  -7.64604285E-03
  0.484375000      0.328125000     -0.165858418       4.84320968E-02  -8.91183596E-03
  0.515625000      0.328125000     -0.169729263       2.77053639E-02  -9.76987649E-03
  0.546875000      0.328125000     -0.172502413       5.51570300E-03  -1.01838727E-02
  0.578125000      0.328125000     -0.174237043      -1.78082436E-02  -1.01412162E-02
  0.609375000      0.328125000     -0.174992234      -4.20649983E-02  -9.53985658E-03
  0.640625000      0.328125000     -0.174757585      -6.71035722E-02  -8.39665346E-03
  0.671875000      0.328125000     -0.173359722      -9.27183107E-02  -6.74050488E-03
  0.703125000      0.328125000     -0.170421913     -0.118543684      -4.61792108E-03
  0.734375000      0.328125000     -0.165347219     -0.143881410      -2.10466399E-03
  0.765625000      0.328125000     -0.157336980     -0.167475089       6.80145458E-04
  0.796875000      0.328125000     -0.145465389     -0.187244803       3.55556794E-03
  0.828125000      0.328125000     -0.128836229     -0.200004235       6.27037277E-03
  0.859375000      0.328125000     -0.106860816     -0.201215148       8.51429906E-03
  0.890625000      0.328125000      -7.97355920E-02 -0.184950531       9.97689925E-03
  0.921875000      0.328125000      -4.92947623E-02 -0.144721776       1.04774181E-02
  0.953125000      0.328125000      -2.06318665E-02  -7.80942440E-02   1.01491744E-02
  0.984375000      0.328125000      -3.82612948E-03  -7.20997853E-03   9.44045559E-03
   1.56250000E-02  0.359375000      -2.63218791E-03   4.27751318E-02   1.25510767E-02
   4.68750000E-02  0.359375000      -1.06350966E-02   8.75510871E-02   1.22104269E-02
   7.81250000E-02  0.359375000      -2.24255547E-02  0.110441625       1.16733629E-02
  0.109375000      0.359375000      -3.55133526E-02  0.124041311       1.08500058E-02
  0.140625000      0.359375000      -4.87764925E-02  0.133392721       9.71434917E-03
  0.171875000      0.359375000      -6.17587753E-02  0.139883757       8.26637540E-03
  0.203125000      0.359375000      -7.42515698E-02  0.143683106       6.52300240E-03
  0.234375000      0.359375000      -8.61268863E-02  0.144687489       4.51744301E-03
  0.265625000      0.359375000      -9.72841233E-02  0.142797351       2.29907548E-03
  0.296875000      0.359375000     -0.107635327      0.137974232      -6.64860854E-05
  0.328125000      0.359375000     -0.117101744      0.130243629      -2.50198948E-03
  0.359375000      0.359375000     -0.125615254      0.119687408      -4.91995364E-03
  0.390625000      0.359375000     -0.133123174      0.106440343      -7.22722244E-03
  0.421875000      0.359375000     -0.139596224       9.06870365E-02  -9.33126733E-03
  0.453125000      0.359375000     -0.145037219       7.26603568E-02  -1.11442665E-02
  0.484375000      0.359375000     -0.149487644       5.26346564E-02  -1.25898467E-02
  0.515625000      0.359375000     -0.153027862       3.09140533E-02  -1.36066154E-02
  0.546875000      0.359375000     -0.155765593       7.81808048E-03  -1.41543858E-02
  0.578125000      0.359375000     -0.157813385      -1.63280442E-02  -1.42383538E-02
  0.609375000      0.359375000     -0.159293264      -4.13099900E-02  -1.37534365E-02
  0.640625000      0.359375000     -0.160261914      -6.71244711E-02  -1.27120381E-02
  0.671875000      0.359375000     -0.160589486      -9.37676057E-02  -1.11305360E-02
  0.703125000      0.359375000     -0.159907311     -0.121114254      -9.03522223E-03
  0.734375000      0.359375000     -0.157571942     -0.148720831      -6.47434872E-03
  0.765625000      0.359375000     -0.152664363     -0.175553426      -3.53851216E-03
  0.796875000      0.359375000     -0.144051164     -0.199651182      -3.86970612E-04
  0.828125000      0.359375000     -0.130536705     -0.217741400       2.72938563E-03
  0.859375000      0.359375000     -0.111145698     -0.224844396       5.46246907E-03
  0.890625000      0.359375000      -8.56124684E-02 -0.213979736       7.41594285E-03
  0.921875000      0.359375000      -5.52635267E-02 -0.176482379       8.28362908E-03
  0.953125000      0.359375000      -2.47750692E-02 -0.105485052       8.09653290E-03
  0.984375000      0.359375000      -5.18194865E-03  -1.62180755E-02   7.33390683E-03
   1.56250000E-02  0.390625000      -2.02610623E-03   4.74333689E-02   1.11066382E-02
   4.68750000E-02  0.390625000      -8.63072835E-03   9.75002497E-02   1.07850395E-02
   7.81250000E-02  0.390625000      -1.88925713E-02  0.122544624       1.02217617E-02
  0.109375000      0.390625000      -3.05479560E-02  0.136681378       9.33624990E-03
  0.140625000      0.390625000      -4.24278975E-02  0.145895660       8.10811762E-03
  0.171875000      0.390625000      -5.40338978E-02  0.151969105       6.54147752E-03
  0.203125000      0.390625000      -6.51485175E-02  0.155205220       4.65670321E-03
  0.234375000      0.390625000      -7.56522119E-02  0.155544460       2.49119382E-03
  0.265625000      0.390625000      -8.54583755E-02  0.152903870       9.91646521E-05
  0.296875000      0.390625000      -9.44939032E-02  0.147254586      -2.45015253E-03
  0.328125000      0.390625000     -0.102695003      0.138630986      -5.07370522E-03
  0.359375000      0.390625000     -0.110009044      0.127127811      -7.67870573E-03
  0.390625000      0.390625000     -0.116400883      0.112899914      -1.01674506E-02
  0.421875000      0.390625000     -0.121862590       9.61624086E-02  -1.24420719E-02
  0.453125000      0.390625000     -0.126425132       7.71887228E-02  -1.44121666E-02
  0.484375000      0.390625000     -0.130167961       5.62997721E-02  -1.59980729E-02
  0.515625000      0.390625000     -0.133220881       3.38422619E-02  -1.71375535E-02
  0.546875000      0.390625000     -0.135749996       1.01568578E-02  -1.77883580E-02
  0.578125000      0.390625000     -0.137917578      -1.44512877E-02  -1.79664697E-02
  0.609375000      0.390625000     -0.139914930      -3.97093780E-02  -1.75881870E-02
  0.640625000      0.390625000     -0.141882092      -6.57891184E-02  -1.66619793E-02
  0.671875000      0.390625000     -0.143754840      -9.29024965E-02  -1.51944179E-02
  0.703125000      0.390625000     -0.145214155     -0.121202081      -1.31946001E-02
  0.734375000      0.390625000     -0.145617321     -0.150565118      -1.06822420E-02
  0.765625000      0.390625000     -0.143964380     -0.180269569      -7.71304639E-03
  0.796875000      0.390625000     -0.138938263     -0.208574265      -4.40970296E-03
  0.828125000      0.390625000     -0.129048973     -0.232222021      -1.00288203E-03
  0.859375000      0.390625000     -0.112918913     -0.245884836       2.14597653E-03
  0.890625000      0.390625000      -8.97843316E-02 -0.241607070       4.57174797E-03
  0.921875000      0.390625000      -6.04019165E-02 -0.208586410       5.84222702E-03
  0.953125000      0.390625000      -2.88997721E-02 -0.135371655       5.85412886E-03
  0.984375000      0.390625000      -6.71217917E-03  -2.81122215E-02   5.08121867E-03
   1.56250000E-02  0.421875000      -1.36105285E-03   5.08204848E-02   9.55150370E-03
   4.68750000E-02  0.421875000      -6.37272792E-03  0.105729334       9.25777946E-03
   7.81250000E-02  0.421875000      -1.48380008E-02  0.133042544       8.68124515E-03
  0.109375000      0.421875000      -2.48186663E-02  0.147819430       7.75165483E-03
  0.140625000      0.421875000      -3.51135954E-02  0.156932443       6.45474810E-03
  0.171875000      0.421875000      -4.51725237E-02  0.162597269       4.79837367E-03
  0.203125000      0.421875000      -5.47604263E-02  0.165279627       2.80624256E-03
  0.234375000      0.421875000      -6.37611151E-02  0.164974511       5.18434041E-04
  0.265625000      0.421875000      -7.20996708E-02  0.161618620      -2.00742553E-03
  0.296875000      0.421875000      -7.97176138E-02  0.155193418      -4.69790353E-03
  0.328125000      0.421875000      -8.65665376E-02  0.145742327      -7.46556930E-03
  0.359375000      0.421875000      -9.26096588E-02  0.133373827      -1.02125844E-02
  0.390625000      0.421875000      -9.78279188E-02  0.118264206      -1.28366081E-02
  0.421875000      0.421875000     -0.102229819      0.100661904      -1.52360080E-02
  0.453125000      0.421875000     -0.105863944       8.08860958E-02  -1.73166730E-02
  0.484375000      0.421875000     -0.108831540       5.93130365E-02  -1.89988539E-02
  0.515625000      0.421875000     -0.111294508       3.63450721E-02  -2.02212017E-02
  0.546875000      0.421875000     -0.113470510       1.23593248E-02  -2.09440254E-02
  0.578125000      0.421875000     -0.115602240      -1.23542938E-02  -2.11708080E-02
  0.609375000      0.421875000     -0.117926896      -3.74842398E-02  -2.08845306E-02
  0.640625000      0.421875000     -0.120630860      -6.33429810E-02  -2.00740770E-02
  0.671875000      0.421875000     -0.123756900      -9.03496891E-02  -1.87446959E-02
  0.703125000      0.421875000     -0.127093911     -0.118958458      -1.68928318E-02
  0.734375000      0.421875000     -0.130065441     -0.149433970      -1.45142917E-02
  0.765625000      0.421875000     -0.131649166     -0.181469858      -1.16253756E-02
  0.796875000      0.421875000     -0.130381912     -0.213667274      -8.30350723E-03
  0.828125000      0.421875000     -0.124491170     -0.242908984      -4.73817810E-03
  0.859375000      0.421875000     -0.112185240     -0.263633847      -1.27817865E-03
  0.890625000      0.421875000      -9.21672136E-02 -0.267010629       1.56862335E-03
  0.921875000      0.421875000      -6.45607561E-02 -0.240171671       3.25516192E-03
  0.953125000      0.421875000      -3.28235701E-02 -0.167025745       3.52027593E-03
  0.984375000      0.421875000      -8.32245965E-03  -4.31468710E-02   2.78283586E-03
   1.56250000E-02  0.453125000      -6.97245472E-04   5.28787449E-02   7.96186458E-03
   4.68750000E-02  0.453125000      -4.02197195E-03  0.112007409       7.70532992E-03
   7.81250000E-02  0.453125000      -1.04912091E-02  0.141698927       7.12989829E-03
  0.109375000      0.453125000      -1.86077189E-02  0.157260194       6.17586216E-03
  0.140625000      0.453125000      -2.71635428E-02  0.166342437       4.83578816E-03
  0.171875000      0.453125000      -3.55484262E-02  0.171631113       3.12107941E-03
  0.203125000      0.453125000      -4.35008369E-02  0.173786134       1.05774263E-03
  0.234375000      0.453125000      -5.09038791E-02  0.172871828      -1.31221092E-03
  0.265625000      0.453125000      -5.76941669E-02  0.168850303      -3.92842712E-03
  0.296875000      0.453125000      -6.38298094E-02  0.161715508      -6.71462622E-03
  0.328125000      0.453125000      -6.92814291E-02  0.151520967      -9.57978424E-03
  0.359375000      0.453125000      -7.40317702E-02  0.138388842      -1.24223335E-02
  0.390625000      0.453125000      -7.80801773E-02  0.122516058      -1.51352100E-02
  0.421875000      0.453125000      -8.14504996E-02  0.104182497      -1.76129770E-02
  0.453125000      0.453125000      -8.42021033E-02   8.37514400E-02  -1.97595693E-02
  0.484375000      0.453125000      -8.64427611E-02   6.16561212E-02  -2.14944184E-02
  0.515625000      0.453125000      -8.83410573E-02   3.83634120E-02  -2.27593035E-02
  0.546875000      0.453125000      -9.01332721E-02   1.43093672E-02  -2.35201586E-02
  0.578125000      0.453125000      -9.21184421E-02  -1.01873130E-02  -2.37661470E-02
  0.609375000      0.453125000      -9.45661962E-02  -3.48786786E-02  -2.35472117E-02
  0.640625000      0.453125000      -9.77029800E-02  -6.01076670E-02  -2.28386000E-02
  0.671875000      0.453125000     -0.101697259      -8.64645764E-02  -2.16505509E-02
  0.703125000      0.453125000     -0.106501698     -0.114702031      -1.99749395E-02
  0.734375000      0.453125000     -0.111689225     -0.145531297      -1.77903324E-02
  0.765625000      0.453125000     -0.116297789     -0.179180190      -1.50778387E-02
  0.796875000      0.453125000     -0.118777156     -0.214744747      -1.18624931E-02
  0.828125000      0.453125000     -0.117096648     -0.249402657      -8.27712938E-03
  0.859375000      0.453125000     -0.109041952     -0.277500719      -4.63109557E-03
  0.890625000      0.453125000      -9.27475467E-02 -0.289456189      -1.44311809E-03
  0.921875000      0.453125000      -6.76393658E-02 -0.270440817       6.46464759E-04
  0.953125000      0.453125000      -3.63876298E-02 -0.199745566       1.20746391E-03
  0.984375000      0.453125000      -9.92323644E-03  -6.13925792E-02   5.49141492E-04
   1.56250000E-02  0.484375000      -9.95863957E-05   5.36755435E-02   6.40671980E-03
   4.68750000E-02  0.484375000      -1.74300850E-03  0.116178691       6.20218785E-03
   7.81250000E-02  0.484375000      -6.07468421E-03  0.148328498       5.64311724E-03
  0.109375000      0.484375000      -1.21828243E-02  0.164855242       4.68519283E-03
  0.140625000      0.484375000      -1.88883711E-02  0.174008787       3.32813570E-03
  0.171875000      0.484375000      -2.55127568E-02  0.178974092       1.58730615E-03
  0.203125000      0.484375000      -3.17581519E-02  0.180641025      -5.10218437E-04
  0.234375000      0.484375000      -3.75019759E-02  0.179163918      -2.92033190E-03
  0.265625000      0.484375000      -4.26928848E-02  0.174539551      -5.58277266E-03
  0.296875000      0.484375000      -4.73092049E-02  0.166778386      -8.41922313E-03
  0.328125000      0.484375000      -5.13456166E-02  0.155946314      -1.13364421E-02
  0.359375000      0.484375000      -5.48103712E-02  0.142178804      -1.42296683E-02
  0.390625000      0.484375000      -5.77270240E-02  0.125691369      -1.69890802E-02
  0.421875000      0.484375000      -6.01392165E-02  0.106789909      -1.95055567E-02
  0.453125000      0.484375000      -6.21175095E-02   8.58741105E-02  -2.16805525E-02
  0.484375000      0.484375000      -6.37687445E-02   6.34255335E-02  -2.34333072E-02
  0.515625000      0.484375000      -6.52469695E-02   3.99706662E-02  -2.47077532E-02
  0.546875000      0.484375000      -6.67632371E-02   1.60107501E-02  -2.54748445E-02
  0.578125000      0.484375000      -6.85861707E-02  -8.08047503E-03  -2.57292092E-02
  0.609375000      0.484375000      -7.10024089E-02  -3.21213901E-02  -2.55470239E-02
  0.640625000      0.484375000      -7.42999613E-02  -5.64305186E-02  -2.49146931E-02
  0.671875000      0.484375000      -7.87527263E-02  -8.16946104E-02  -2.38498785E-02
  0.703125000      0.484375000      -8.45142305E-02 -0.108905979      -2.23503169E-02
  0.734375000      0.484375000      -9.13999379E-02 -0.139254078      -2.03875415E-02
  0.765625000      0.484375000      -9.86212790E-02 -0.173627451      -1.79152936E-02
  0.796875000      0.484375000     -0.104634076     -0.211805224      -1.49082802E-02
  0.828125000      0.484375000     -0.107195646     -0.251461029      -1.14314761E-02
  0.859375000      0.484375000     -0.103667349     -0.287025273      -7.73102697E-03
  0.890625000      0.484375000      -9.15790200E-02 -0.308314323      -4.30243649E-03
  0.921875000      0.484375000      -6.95931837E-02 -0.298676670      -1.84859312E-03
  0.953125000      0.484375000      -3.94811034E-02 -0.232873529      -9.66510270E-04
  0.984375000      0.484375000      -1.14471503E-02  -8.27629715E-02  -1.50782638E-03
   1.56250000E-02  0.515625000       4.12988738E-04   5.33621237E-02   4.95165680E-03
   4.68750000E-02  0.515625000       3.36717203E-04  0.118211761       4.80193738E-03
   7.81250000E-02  0.515625000      -1.81682711E-03  0.152780622       4.28706454E-03
  0.109375000      0.515625000      -5.80157619E-03  0.170495987       3.34487064E-03
  0.140625000      0.515625000      -1.05807874E-02  0.179852784       1.99842360E-03
  0.171875000      0.515625000      -1.53932478E-02  0.184566990       2.63671478E-04
  0.203125000      0.515625000      -1.98928602E-02  0.185793221      -1.82947761E-03
  0.234375000      0.515625000      -2.39431281E-02  0.183805943      -4.23876103E-03
  0.265625000      0.515625000      -2.75046974E-02  0.178650171      -6.90412102E-03
  0.296875000      0.515625000      -3.05793658E-02  0.170358926      -9.74732451E-03
  0.328125000      0.515625000      -3.31908129E-02  0.159013823      -1.26746278E-02
  0.359375000      0.515625000      -3.53788882E-02  0.144764334      -1.55797955E-02
  0.390625000      0.515625000      -3.71981636E-02  0.127841979      -1.83503143E-02
  0.421875000      0.515625000      -3.87187079E-02  0.108572215      -2.08750889E-02
  0.453125000      0.515625000      -4.00277413E-02   8.73792917E-02  -2.30529159E-02
  0.484375000      0.515625000      -4.12319824E-02   6.47760034E-02  -2.48022899E-02
  0.515625000      0.515625000      -4.24602404E-02   4.13268209E-02  -2.60678977E-02
  0.546875000      0.515625000      -4.38681468E-02   1.75789073E-02  -2.68245526E-02
  0.578125000      0.515625000      -4.56505343E-02  -6.04320597E-03  -2.70741712E-02
  0.609375000      0.515625000      -4.80601937E-02  -2.93326527E-02  -2.69064475E-02
  0.640625000      0.515625000      -5.13946302E-02  -5.25871739E-02  -2.63207071E-02
  0.671875000      0.515625000      -5.59888035E-02  -7.64909461E-02  -2.53464468E-02
  0.703125000      0.515625000      -6.21995181E-02 -0.102137357      -2.39960179E-02
  0.734375000      0.515625000      -7.01665580E-02 -0.131169885      -2.22473741E-02
  0.765625000      0.515625000      -7.94125423E-02 -0.165244281      -2.00405419E-02
  0.796875000      0.515625000      -8.85419026E-02 -0.205046237      -1.73075367E-02
  0.828125000      0.515625000      -9.51871723E-02 -0.249013215      -1.40427910E-02
  0.859375000      0.515625000      -9.63002518E-02 -0.291888356      -1.04105324E-02
  0.890625000      0.515625000      -8.87714177E-02 -0.323068440      -6.85075764E-03
  0.921875000      0.515625000      -7.04322457E-02 -0.324247539      -4.09236364E-03
  0.953125000      0.515625000      -4.20467034E-02 -0.265800267      -2.88361614E-03
  0.984375000      0.515625000      -1.28533747E-02 -0.107063502      -3.27717746E-03
   1.56250000E-02  0.546875000       8.83643632E-04   5.20654842E-02   3.66583699E-03
   4.68750000E-02  0.546875000       2.20583961E-03  0.118262447       3.54839838E-03
   7.81250000E-02  0.546875000       2.08072481E-03  0.155008554       3.08611081E-03
  0.109375000      0.546875000       2.50440731E-04  0.174083054       2.20547966E-03
  0.140625000      0.546875000      -2.52657058E-03  0.183821946       8.99226405E-04
  0.171875000      0.546875000      -5.49863139E-03  0.188382417      -7.97150075E-04
  0.203125000      0.546875000      -8.23941641E-03  0.189218327      -2.84847384E-03
  0.234375000      0.546875000      -1.05816927E-02  0.186773539      -5.21630142E-03
  0.265625000      0.546875000      -1.24966446E-02  0.181159258      -7.84299430E-03
  0.296875000      0.546875000      -1.40112462E-02  0.172439277      -1.06529053E-02
  0.328125000      0.546875000      -1.51813999E-02  0.160715252      -1.35529507E-02
  0.359375000      0.546875000      -1.60825811E-02  0.146152362      -1.64370704E-02
  0.390625000      0.546875000      -1.68053769E-02  0.128996223      -1.91918761E-02
  0.421875000      0.546875000      -1.74523592E-02  0.109585695      -2.17045583E-02
  0.453125000      0.546875000      -1.81350484E-02   8.83577168E-02  -2.38719452E-02
  0.484375000      0.546875000      -1.89696550E-02   6.58365786E-02  -2.56103892E-02
  0.515625000      0.546875000      -2.00708415E-02   4.25958186E-02  -2.68635713E-02
  0.546875000      0.546875000      -2.15450041E-02   1.91920977E-02  -2.76067518E-02
  0.578125000      0.546875000      -2.34957114E-02  -3.92320519E-03  -2.78462898E-02
  0.609375000      0.546875000      -2.60783322E-02  -2.64602788E-02  -2.76805386E-02
  0.640625000      0.546875000      -2.95241065E-02  -4.86792549E-02  -2.71154698E-02
  0.671875000      0.546875000      -3.41477916E-02  -7.11809397E-02  -2.61921361E-02
  0.703125000      0.546875000      -4.04463485E-02  -9.49380398E-02  -2.49470584E-02
  0.734375000      0.546875000      -4.89024855E-02 -0.121945977      -2.33756155E-02
  0.765625000      0.546875000      -5.94775006E-02 -0.154647142      -2.14187093E-02
  0.796875000      0.546875000      -7.11244494E-02 -0.194867045      -1.89825669E-02
  0.828125000      0.546875000      -8.15055892E-02 -0.242166027      -1.59965679E-02
  0.859375000      0.546875000      -8.72137845E-02 -0.291914284      -1.25318896E-02
  0.890625000      0.546875000      -8.44713002E-02 -0.333313823      -8.94476846E-03
  0.921875000      0.546875000      -7.02079982E-02 -0.346604645      -5.95136359E-03
  0.953125000      0.546875000      -4.40716669E-02 -0.297965080      -4.42608027E-03
  0.984375000      0.546875000      -1.41234156E-02 -0.134040296      -4.64870594E-03
   1.56250000E-02  0.578125000       1.27251644E-03   4.99093160E-02   2.57620262E-03
   4.68750000E-02  0.578125000       3.81405605E-03  0.116554856       2.49905139E-03
   7.81250000E-02  0.578125000       5.53732971E-03  0.155117959       2.08631367E-03
  0.109375000      0.578125000       5.75063471E-03  0.175590634       1.27112702E-03
  0.140625000      0.578125000       4.95799305E-03  0.185884058       4.76915811E-05
  0.171875000      0.578125000       3.85272130E-03  0.190397680      -1.56182749E-03
  0.203125000      0.578125000       2.89063319E-03  0.190906018      -3.53065878E-03
  0.234375000      0.578125000       2.26378441E-03  0.188055083      -5.81712881E-03
  0.265625000      0.578125000       2.00695731E-03  0.182049602      -8.36678501E-03
  0.296875000      0.578125000       2.07266444E-03  0.172997981      -1.11069782E-02
  0.328125000      0.578125000       2.37178919E-03  0.161027789      -1.39472233E-02
  0.359375000      0.578125000       2.79048830E-03  0.146322548      -1.67836528E-02
  0.390625000      0.578125000       3.19916406E-03  0.129140377      -1.95031427E-02
  0.421875000      0.578125000       3.45923100E-03  0.109828651      -2.19921134E-02
  0.453125000      0.578125000       3.42966965E-03   8.88271928E-02  -2.41457149E-02
  0.484375000      0.578125000       2.97583546E-03   6.66556954E-02  -2.58772224E-02
  0.515625000      0.578125000       1.97959179E-03   4.38742638E-02  -2.71268152E-02
  0.546875000      0.578125000       3.49103881E-04   2.10184138E-02  -2.78659761E-02
  0.578125000      0.578125000      -1.96007127E-03  -1.48954999E-03  -2.81017721E-02
  0.609375000      0.578125000      -4.95148264E-03  -2.33198162E-02  -2.79361308E-02
  0.640625000      0.578125000      -8.71817488E-03  -4.46071774E-02  -2.73752566E-02
  0.671875000      0.578125000      -1.34959426E-02  -6.58514947E-02  -2.64630932E-02
  0.703125000      0.578125000      -1.97973028E-02  -8.76675099E-02  -2.52762679E-02
  0.734375000      0.578125000      -2.83329207E-02 -0.112224713      -2.38284580E-02
  0.765625000      0.578125000      -3.95518765E-02 -0.142574415      -2.20722482E-02
  0.796875000      0.578125000      -5.29896468E-02 -0.181855038      -1.99133549E-02
  0.828125000      0.578125000      -6.65822774E-02 -0.231204256      -1.72294341E-02
  0.859375000      0.578125000      -7.66815096E-02 -0.287068605      -1.39975790E-02
  0.890625000      0.578125000      -7.88328797E-02 -0.338750631      -1.04676839E-02
  0.921875000      0.578125000      -6.89904764E-02 -0.365273595      -7.30536133E-03
  0.953125000      0.578125000      -4.55702543E-02 -0.328852713      -5.47884125E-03
  0.984375000      0.578125000      -1.52537394E-02 -0.163417429      -5.51106874E-03
   1.56250000E-02  0.609375000       1.56253087E-03   4.70742583E-02   1.69273070E-03
   4.68750000E-02  0.609375000       5.10399695E-03  0.113306887       1.65816257E-03
   7.81250000E-02  0.609375000       8.45424924E-03  0.153292388       1.30850775E-03
  0.109375000      0.609375000       1.05515476E-02  0.175105616       5.80108725E-04
  0.140625000      0.609375000       1.16661955E-02  0.186047107      -5.38546126E-04
  0.171875000      0.609375000       1.24040628E-02  0.190602079      -2.03284249E-03
  0.203125000      0.609375000       1.32212210E-02  0.190846622      -3.88125097E-03
  0.234375000      0.609375000       1.43255182E-02  0.187637135      -6.05023187E-03
  0.265625000      0.609375000       1.57487951E-02  0.181301236      -8.49078596E-03
  0.296875000      0.609375000       1.74202248E-02  0.172009379      -1.11340480E-02
  0.328125000      0.609375000       1.92146264E-02  0.159923047      -1.38925835E-02
  0.359375000      0.609375000       2.09778510E-02  0.145245552      -1.66627653E-02
  0.390625000      0.609375000       2.25405004E-02  0.128246248      -1.93314385E-02
  0.421875000      0.609375000       2.37275474E-02  0.109275877      -2.17832681E-02
  0.453125000      0.609375000       2.43690833E-02   8.87681842E-02  -2.39113793E-02
  0.484375000      0.609375000       2.43126564E-02   6.72251284E-02  -2.56266333E-02
  0.515625000      0.609375000       2.34377272E-02   4.51761372E-02  -2.68665180E-02
  0.546875000      0.609375000       2.16732100E-02   2.31116470E-02  -2.76003256E-02
  0.578125000      0.609375000       1.90124996E-02   1.38718763E-03  -2.78309472E-02
  0.609375000      0.609375000       1.55615993E-02  -1.97541676E-02  -2.76620351E-02
  0.640625000      0.609375000       1.13618765E-02  -4.02063355E-02  -2.71074064E-02
  0.671875000      0.609375000       6.17479719E-03  -6.02874160E-02  -2.62341537E-02
  0.703125000      0.609375000      -3.79187870E-04  -8.03761780E-02  -2.50726081E-02
  0.734375000      0.609375000      -8.87772441E-03 -0.102481835      -2.36966722E-02
  0.765625000      0.609375000      -2.02045348E-02 -0.129771486      -2.20658127E-02
  0.796875000      0.609375000      -3.46763544E-02 -0.166748345      -2.01303978E-02
  0.828125000      0.609375000      -5.08092269E-02 -0.216585428      -1.77306123E-02
  0.859375000      0.609375000      -6.49432093E-02 -0.277454257      -1.47543959E-02
  0.890625000      0.609375000      -7.19841719E-02 -0.339172721      -1.13317268E-02
  0.921875000      0.609375000      -6.68382421E-02 -0.379839897      -8.04594252E-03
  0.953125000      0.609375000      -4.65611443E-02 -0.357983768      -5.92660392E-03
  0.984375000      0.609375000      -1.62464492E-02 -0.194917634      -5.74779231E-03
   1.56250000E-02  0.640625000       1.74341071E-03   4.37683016E-02   1.01141189E-03
   4.68750000E-02  0.640625000       6.02782564E-03  0.108786933       1.01850415E-03
   7.81250000E-02  0.640625000       1.07303355E-02  0.149759561       7.44313467E-04
  0.109375000      0.640625000       1.45042008E-02  0.172767282       1.26367158E-04
  0.140625000      0.640625000       1.74090713E-02  0.184365928      -8.56438535E-04
  0.171875000      0.640625000       1.99430361E-02  0.189011440      -2.20259628E-03
  0.203125000      0.640625000       2.25313548E-02  0.189031839      -3.89997289E-03
  0.234375000      0.640625000       2.53774822E-02  0.185501605      -5.92334196E-03
  0.265625000      0.640625000       2.85000820E-02  0.178891048      -8.22985359E-03
  0.296875000      0.640625000       3.18000503E-02  0.169448346      -1.07556768E-02
  0.328125000      0.640625000       3.51146162E-02  0.157375306      -1.34155303E-02
  0.359375000      0.640625000       3.82494144E-02  0.142895490      -1.61068775E-02
  0.390625000      0.640625000       4.09967825E-02  0.126286507      -1.87155511E-02
  0.421875000      0.640625000       4.31495495E-02  0.107895985      -2.11252533E-02
  0.453125000      0.640625000       4.45143431E-02   8.81419182E-02  -2.32272521E-02
  0.484375000      0.640625000       4.49258275E-02   6.74964935E-02  -2.49294117E-02
  0.515625000      0.640625000       4.42603379E-02   4.64453325E-02  -2.61661336E-02
  0.546875000      0.640625000       4.24454138E-02   2.54219994E-02  -2.69022360E-02
  0.578125000      0.640625000       3.94689143E-02   4.71413089E-03  -2.71338634E-02
  0.609375000      0.640625000       3.54627147E-02  -1.56239448E-02  -2.69630458E-02
  0.640625000      0.640625000       3.05439550E-02  -3.52180228E-02  -2.63958499E-02
  0.671875000      0.640625000       2.46746279E-02  -5.42192608E-02  -2.54963636E-02
  0.703125000      0.640625000       1.77814942E-02  -7.29971528E-02  -2.43324134E-02
  0.734375000      0.640625000       9.40293260E-03  -9.29837227E-02  -2.29909047E-02
  0.765625000      0.640625000      -1.73208606E-03 -0.116807736      -2.14821286E-02
  0.796875000      0.640625000      -1.66058782E-02 -0.150366470      -1.96995921E-02
  0.828125000      0.640625000      -3.45078148E-02 -0.198932528      -1.75316464E-02
  0.859375000      0.640625000      -5.21692932E-02 -0.263311744      -1.47926696E-02
  0.890625000      0.640625000      -6.39870092E-02 -0.334456563      -1.14836581E-02
  0.921875000      0.640625000      -6.37609437E-02 -0.389928043      -8.08076747E-03
  0.953125000      0.640625000      -4.70395908E-02 -0.384894013      -5.65072102E-03
  0.984375000      0.640625000      -1.70987714E-02 -0.228262872      -5.22872806E-03
   1.56250000E-02  0.671875000       1.80606020E-03   4.02188227E-02   5.17178152E-04
   4.68750000E-02  0.671875000       6.53603533E-03  0.103322007       5.62574307E-04
   7.81250000E-02  0.671875000       1.22528085E-02  0.144805193       3.75320174E-04
  0.109375000      0.671875000       1.74392071E-02  0.168761373      -1.04693165E-04
  0.140625000      0.671875000       2.19786651E-02  0.180927515      -9.15218610E-04
  0.171875000      0.671875000       2.62452103E-02  0.185649380      -2.07505398E-03
  0.203125000      0.671875000       3.05977426E-02  0.185453102      -3.58683476E-03
  0.234375000      0.671875000       3.52056399E-02  0.181626379      -5.43682743E-03
  0.265625000      0.671875000       4.00571674E-02  0.174792245      -7.58874184E-03
  0.296875000      0.671875000       4.50178757E-02  0.165286630      -9.98282246E-03
  0.328125000      0.671875000       4.98856455E-02  0.153354853      -1.25353569E-02
  0.359375000      0.671875000       5.44273257E-02  0.139239609      -1.51435435E-02
  0.390625000      0.671875000       5.84014319E-02  0.123221070      -1.76923461E-02
  0.421875000      0.671875000       6.15746975E-02  0.105635539      -2.00638063E-02
  0.453125000      0.671875000       6.37371242E-02   8.68752897E-02  -2.21459307E-02
  0.484375000      0.671875000       6.47163987E-02   6.73725158E-02  -2.38441601E-02
  0.515625000      0.671875000       6.43890649E-02   4.75622714E-02  -2.50888765E-02
  0.546875000      0.671875000       6.26830384E-02   2.78261229E-02  -2.58400217E-02
  0.578125000      0.671875000       5.95705435E-02   8.39909166E-03  -2.60871667E-02
  0.609375000      0.671875000       5.51377572E-02  -1.08698495E-02  -2.59066969E-02
  0.640625000      0.671875000       4.95110825E-02  -2.94266269E-02  -2.53360122E-02
  0.671875000      0.671875000       4.27650511E-02  -4.73952442E-02  -2.44171452E-02
  0.703125000      0.671875000       3.49502452E-02  -6.51131868E-02  -2.32232939E-02
  0.734375000      0.671875000       2.59470344E-02  -8.34858865E-02  -2.18330957E-02
  0.765625000      0.671875000       1.52481440E-02 -0.104471654      -2.03070268E-02
  0.796875000      0.671875000       9.40485159E-04 -0.133521110      -1.86931975E-02
  0.828125000      0.671875000      -1.79091543E-02 -0.179026335      -1.66962985E-02
  0.859375000      0.671875000      -3.84320691E-02 -0.245033592      -1.41383782E-02
  0.890625000      0.671875000      -5.47933988E-02 -0.324555695      -1.08997840E-02
  0.921875000      0.671875000      -5.96734807E-02 -0.395174950      -7.32855219E-03
  0.953125000      0.671875000      -4.69439477E-02 -0.409098089      -4.51772055E-03
  0.984375000      0.671875000      -1.77909806E-02 -0.263152659      -3.79649969E-03
   1.56250000E-02  0.703125000       1.73697609E-03   3.66757810E-02   1.85633748E-04
   4.68750000E-02  0.703125000       6.56262273E-03   9.73094180E-02   2.63260299E-04
   7.81250000E-02  0.703125000       1.28799360E-02  0.138783693       1.75203721E-04
  0.109375000      0.703125000       1.91549622E-02  0.163321465      -1.34841277E-04
  0.140625000      0.703125000       2.51413397E-02  0.175841600      -7.30051717E-04
  0.171875000      0.703125000       3.10719535E-02  0.180538177      -1.65957795E-03
  0.203125000      0.703125000       3.71963903E-02  0.180087402      -2.95038009E-03
  0.234375000      0.703125000       4.36090790E-02  0.175971568      -4.60114656E-03
  0.265625000      0.703125000       5.02427034E-02  0.168962032      -6.58338657E-03
  0.296875000      0.703125000       5.69160730E-02  0.159482926      -8.83913226E-03
  0.328125000      0.703125000       6.33852929E-02  0.147821724      -1.12844594E-02
  0.359375000      0.703125000       6.93814680E-02  0.134235010      -1.38149597E-02
  0.390625000      0.703125000       7.46350959E-02  0.118998058      -1.63126532E-02
  0.421875000      0.703125000       7.88938403E-02  0.102426678      -1.86563954E-02
  0.453125000      0.703125000       8.19374770E-02   8.48782361E-02  -2.07315795E-02
  0.484375000      0.703125000       8.35912824E-02   6.67366534E-02  -2.24397015E-02
  0.515625000      0.703125000       8.37358683E-02   4.83810008E-02  -2.37065647E-02
  0.546875000      0.703125000       8.23100880E-02   3.01393066E-02  -2.44880039E-02
  0.578125000      0.703125000       7.92989433E-02   1.22096427E-02  -2.47702003E-02
  0.609375000      0.703125000       7.46297091E-02  -5.57829905E-03  -2.45681722E-02
  0.640625000      0.703125000       6.83857575E-02  -2.28474885E-02  -2.40072347E-02
  0.671875000      0.703125000       6.07933886E-02  -3.96359451E-02  -2.30741091E-02
  0.703125000      0.703125000       5.19623905E-02  -5.62266633E-02  -2.18426920E-02
  0.734375000      0.703125000       4.19199541E-02  -7.33267367E-02  -2.03910153E-02
  0.765625000      0.703125000       3.05090696E-02  -9.25210342E-02  -1.87898148E-02
  0.796875000      0.703125000       1.69717688E-02 -0.117626794      -1.70893334E-02
  0.828125000      0.703125000      -1.22392923E-03 -0.157875314      -1.52929481E-02
  0.859375000      0.703125000      -2.36814469E-02 -0.223204136      -1.28430873E-02
  0.890625000      0.703125000      -4.41933051E-02 -0.309511900      -9.57711879E-03
  0.921875000      0.703125000      -5.43345921E-02 -0.395197362      -5.70387300E-03
  0.953125000      0.703125000      -4.61102687E-02 -0.430029571      -2.35723611E-03
  0.984375000      0.703125000      -1.82704013E-02 -0.299214035      -1.23264594E-03
   1.56250000E-02  0.734375000       1.50393357E-03   3.34348641E-02  -1.55410999E-05
   4.68750000E-02  0.734375000       5.99070778E-03   9.12379026E-02   8.65354523E-05
   7.81250000E-02  0.734375000       1.24054570E-02  0.132123142       1.14065821E-04
  0.109375000      0.734375000       1.93939433E-02  0.156718493       1.36075851E-05
  0.140625000      0.734375000       2.66286619E-02  0.169223458      -3.16138059E-04
  0.171875000      0.734375000       3.41721103E-02  0.173682258      -9.69096669E-04
  0.203125000      0.734375000       4.21087891E-02  0.172882229      -2.00295402E-03
  0.234375000      0.734375000       5.04069664E-02  0.168465942      -3.43410904E-03
  0.265625000      0.734375000       5.89103177E-02  0.161330789      -5.23878634E-03
  0.296875000      0.734375000       6.73754364E-02  0.151975811      -7.35892821E-03
  0.328125000      0.734375000       7.55141228E-02  0.140721053      -9.70699731E-03
  0.359375000      0.734375000       8.30259919E-02  0.127827764      -1.21737625E-02
  0.390625000      0.734375000       8.96206945E-02  0.113557100      -1.46371517E-02
  0.421875000      0.734375000       9.50342938E-02   9.81954411E-02  -1.69713013E-02
  0.453125000      0.734375000       9.90423411E-02   8.20579380E-02  -1.90574694E-02
  0.484375000      0.734375000      0.101470046       6.54755831E-02  -2.07930561E-02
  0.515625000      0.734375000      0.102197908       4.87697460E-02  -2.20984984E-02
  0.546875000      0.734375000      0.101157941       3.22164185E-02  -2.29234211E-02
  0.578125000      0.734375000       9.83086750E-02   1.59930289E-02  -2.32459009E-02
  0.609375000      0.734375000       9.35516506E-02   6.46596309E-05  -2.30687354E-02
  0.640625000      0.734375000       8.69777352E-02  -1.56725142E-02  -2.25087292E-02
  0.671875000      0.734375000       7.87992328E-02  -3.10400184E-02  -2.15622690E-02
  0.703125000      0.734375000       6.91176206E-02  -4.63099666E-02  -2.02892777E-02
  0.734375000      0.734375000       5.80360293E-02  -6.21193908E-02  -1.87613796E-02
  0.765625000      0.734375000       4.55825031E-02  -7.98639581E-02  -1.70486066E-02
  0.796875000      0.734375000       3.15070041E-02 -0.102671057      -1.52038680E-02
  0.828125000      0.734375000       1.45259444E-02 -0.137654275      -1.32318242E-02
  0.859375000      0.734375000      -7.74366269E-03 -0.198698029      -1.09720137E-02
  0.890625000      0.734375000      -3.17467339E-02 -0.289503098      -7.51386629E-03
  0.921875000      0.734375000      -4.72560339E-02 -0.389555633      -3.09204170E-03
  0.953125000      0.734375000      -4.42044660E-02 -0.446947247       1.08336657E-03
  0.984375000      0.734375000      -1.84281450E-02 -0.335912615       2.79990630E-03
   1.56250000E-02  0.765625000       1.01895095E-03   3.09119690E-02  -1.27676089E-04
   4.68750000E-02  0.765625000       4.57678083E-03   8.57161731E-02  -5.57913836E-06
   7.81250000E-02  0.765625000       1.04944948E-02  0.125312373       1.64275072E-04
  0.109375000      0.765625000       1.78089160E-02  0.149226308       3.24886903E-04
  0.140625000      0.765625000       2.61296853E-02  0.161160111       3.17125494E-04
  0.171875000      0.765625000       3.52894887E-02  0.165042311      -1.15351413E-05
  0.203125000      0.765625000       4.51374203E-02  0.163737535      -7.58623064E-04
  0.234375000      0.765625000       5.54541796E-02  0.158995703      -1.95780303E-03
  0.265625000      0.765625000       6.59563988E-02  0.151795492      -3.58820707E-03
  0.296875000      0.765625000       7.63225108E-02  0.142679930      -5.58655662E-03
  0.328125000      0.765625000       8.62186998E-02  0.131982118      -7.85738602E-03
  0.359375000      0.765625000       9.53193605E-02  0.119954288      -1.02841482E-02
  0.390625000      0.765625000      0.103322454      0.106832914      -1.27373151E-02
  0.421875000      0.765625000      0.109961212       9.28674042E-02  -1.50857940E-02
  0.453125000      0.765625000      0.115013495       7.83257857E-02  -1.72055755E-02
  0.484375000      0.765625000      0.118308410       6.34852648E-02  -1.89895928E-02
  0.515625000      0.765625000      0.119727880       4.86128777E-02  -2.03530062E-02
  0.546875000      0.765625000      0.119200140       3.39411013E-02  -2.12388933E-02
  0.578125000      0.765625000      0.116679624       1.96382292E-02  -2.16181818E-02
  0.609375000      0.765625000      0.112112485       5.74370846E-03  -2.14853268E-02
  0.640625000      0.765625000      0.105500124      -8.16523097E-03  -2.09289007E-02
  0.671875000      0.765625000       9.69715863E-02  -2.18402334E-02  -1.99818835E-02
  0.703125000      0.765625000       8.66889656E-02  -3.55454981E-02  -1.86687913E-02
  0.734375000      0.765625000       7.47821853E-02  -4.98954728E-02  -1.70529429E-02
  0.765625000      0.765625000       6.13562465E-02  -6.62083998E-02  -1.51937539E-02
  0.796875000      0.765625000       4.64208797E-02  -8.73157382E-02  -1.31330173E-02
  0.828125000      0.765625000       2.95905806E-02 -0.119198248      -1.08693931E-02
  0.859375000      0.765625000       8.65385309E-03 -0.173947752      -8.32272042E-03
  0.890625000      0.765625000      -1.66579653E-02 -0.264938533      -4.66272887E-03
  0.921875000      0.765625000      -3.75548452E-02 -0.377714097       7.03722122E-04
  0.953125000      0.765625000      -4.06121649E-02 -0.458783180       6.21572277E-03
  0.984375000      0.765625000      -1.80622563E-02 -0.372403085       8.86016712E-03
   1.56250000E-02  0.796875000       7.36815637E-05   2.98193172E-02  -2.12958723E-04
   4.68750000E-02  0.796875000       1.81825296E-03   8.15063789E-02  -4.85191485E-05
   7.81250000E-02  0.796875000       6.58654328E-03  0.118836112       3.10666393E-04
  0.109375000      0.796875000       1.39341848E-02  0.141040459       7.98611203E-04
  0.140625000      0.796875000       2.33035646E-02  0.151655793       1.17156375E-03
  0.171875000      0.796875000       3.41922306E-02  0.154498160       1.20896462E-03
  0.203125000      0.796875000       4.61402759E-02  0.152485698       7.67560676E-04
  0.234375000      0.796875000       5.86740449E-02  0.147396982      -2.02069190E-04
  0.265625000      0.796875000       7.13473558E-02  0.140218660      -1.67567376E-03
  0.296875000      0.796875000       8.37500840E-02  0.131487951      -3.57866567E-03
  0.328125000      0.796875000       9.55068618E-02  0.121521175      -5.80303604E-03
  0.359375000      0.796875000      0.106277466      0.110544041      -8.22105538E-03
  0.390625000      0.796875000      0.115759939       9.87577438E-02  -1.06940027E-02
  0.421875000      0.796875000      0.123695225       8.63686875E-02  -1.30847134E-02
  0.453125000      0.796875000      0.129872113       7.35954717E-02  -1.52640771E-02
  0.484375000      0.796875000      0.134130448       6.06624745E-02  -1.71195343E-02
  0.515625000      0.796875000      0.136361152       4.77855988E-02  -1.85624249E-02
  0.546875000      0.796875000      0.136502579       3.51548120E-02  -1.95300505E-02
  0.578125000      0.796875000      0.134533107       2.29146108E-02  -1.99887175E-02
  0.609375000      0.796875000      0.130453452       1.11141875E-02  -1.99325103E-02
  0.640625000      0.796875000      0.124106809      -5.76660037E-04  -1.93831734E-02
  0.671875000      0.796875000      0.115565538      -1.23589644E-02  -1.84394512E-02
  0.703125000      0.796875000      0.105105892      -2.42844634E-02  -1.70915723E-02
  0.734375000      0.796875000       9.28229615E-02  -3.69667709E-02  -1.53808035E-02
  0.765625000      0.796875000       7.88156688E-02  -5.17038554E-02  -1.33416364E-02
  0.796875000      0.796875000       6.31648749E-02  -7.12341294E-02  -1.09805483E-02
  0.828125000      0.796875000       4.58309501E-02 -0.101115651      -8.24060477E-03
  0.859375000      0.796875000       2.62229070E-02 -0.151485622      -4.94793523E-03
  0.890625000      0.796875000       1.57618197E-03 -0.237442225      -7.82453164E-04
  0.921875000      0.796875000      -2.37224326E-02 -0.359015107       6.04451867E-03
  0.953125000      0.796875000      -3.42497975E-02 -0.463897705       1.37393326E-02
  0.984375000      0.796875000      -1.68115143E-02 -0.407276928       1.79150756E-02
   1.56250000E-02  0.828125000      -1.53975352E-03   3.12853605E-02  -3.31471267E-04
   4.68750000E-02  0.828125000      -3.05003393E-03   7.98059702E-02  -1.31885419E-04
   7.81250000E-02  0.828125000      -2.45619798E-04  0.112963736       5.67975047E-04
  0.109375000      0.828125000       7.19613116E-03  0.132123381       1.45874394E-03
  0.140625000      0.828125000       1.78421699E-02  0.140557408       2.25704815E-03
  0.171875000      0.828125000       3.07511836E-02  0.141798824       2.68931082E-03
  0.203125000      0.828125000       4.51172218E-02  0.138870895       2.55366997E-03
  0.234375000      0.828125000       6.01413324E-02  0.133453861       1.79171201E-03
  0.265625000      0.828125000       7.51957595E-02  0.126434028       4.40183794E-04
  0.296875000      0.828125000       8.97890404E-02  0.118276566      -1.40674971E-03
  0.328125000      0.828125000      0.103519946      0.109244913      -3.62410001E-03
  0.359375000      0.828125000      0.116050445       9.95192826E-02  -6.07000850E-03
  0.390625000      0.828125000      0.127094030       8.92565548E-02  -8.59690178E-03
  0.421875000      0.828125000      0.136412680       7.86160827E-02  -1.10599045E-02
  0.453125000      0.828125000      0.143817335       6.77666366E-02  -1.33248866E-02
  0.484375000      0.828125000      0.149168849       5.68815991E-02  -1.52756535E-02
  0.515625000      0.828125000      0.152376980       4.61277142E-02  -1.68189555E-02
  0.546875000      0.828125000      0.153397396       3.56509462E-02  -1.78879201E-02
  0.578125000      0.828125000      0.152225912       2.55595371E-02  -1.84427015E-02
  0.609375000      0.828125000      0.148883611       1.58912949E-02  -1.84698589E-02
  0.640625000      0.828125000      0.143356472       6.52008178E-03  -1.79772917E-02
  0.671875000      0.828125000      0.135510445      -3.06838728E-03  -1.70189273E-02
  0.703125000      0.828125000      0.125486344      -1.30912606E-02  -1.56501569E-02
  0.734375000      0.828125000      0.113554418      -2.39451043E-02  -1.38468184E-02
  0.765625000      0.828125000       9.97473150E-02  -3.69111225E-02  -1.16017582E-02
  0.796875000      0.828125000       8.40956122E-02  -5.47243953E-02  -8.85514542E-03
  0.828125000      0.828125000       6.65996149E-02  -8.27955157E-02  -5.43829240E-03
  0.859375000      0.828125000       4.69695628E-02 -0.130567774      -9.83558828E-04
  0.890625000      0.828125000       2.40900982E-02 -0.210834041       5.11534372E-03
  0.921875000      0.828125000      -3.37664736E-03 -0.332858086       1.34321004E-02
  0.953125000      0.828125000      -2.32130103E-02 -0.459691167       2.48147622E-02
  0.984375000      0.828125000      -1.40232099E-02 -0.438111693       3.16601098E-02
   1.56250000E-02  0.859375000      -4.34773928E-03   3.71728167E-02  -5.67296811E-04
   4.68750000E-02  0.859375000      -1.08050928E-02   8.18860605E-02  -2.80287844E-04
   7.81250000E-02  0.859375000      -1.07034249E-02  0.107977465       8.50574812E-04
  0.109375000      0.859375000      -3.04156216E-03  0.122005939       2.29883939E-03
  0.140625000      0.859375000       9.61333606E-03  0.127373815       3.56987212E-03
  0.171875000      0.859375000       2.52107345E-02  0.126475915       4.41594003E-03
  0.203125000      0.859375000       4.25129533E-02  0.122525454       4.56087803E-03
  0.234375000      0.859375000       6.03889488E-02  0.116899118       3.96020571E-03
  0.265625000      0.859375000       7.80731440E-02  0.110250100       2.67973496E-03
  0.296875000      0.859375000       9.50367600E-02  0.102903590       8.39409477E-04
  0.328125000      0.859375000      0.110886350       9.50374082E-02  -1.41561590E-03
  0.359375000      0.859375000      0.125311181       8.67714882E-02  -3.92844481E-03
  0.390625000      0.859375000      0.138059914       7.82120824E-02  -6.54211268E-03
  0.421875000      0.859375000      0.148931801       6.94701225E-02  -9.10521671E-03
  0.453125000      0.859375000      0.157774299       6.06655180E-02  -1.14797475E-02
  0.484375000      0.859375000      0.164482772       5.19228280E-02  -1.35459471E-02
  0.515625000      0.859375000      0.168999195       4.33620140E-02  -1.52078066E-02
  0.546875000      0.859375000      0.171309248       3.50862481E-02  -1.63940359E-02
  0.578125000      0.859375000      0.171437353       2.71677505E-02  -1.70598552E-02
  0.609375000      0.859375000      0.169437245       1.96255967E-02  -1.71844866E-02
  0.640625000      0.859375000      0.165368184       1.23820473E-02  -1.67672727E-02
  0.671875000      0.859375000      0.159179658       5.10419998E-03  -1.58223119E-02
  0.703125000      0.859375000      0.150725454      -2.78553646E-03  -1.43901128E-02
  0.734375000      0.859375000      0.140216589      -1.18100327E-02  -1.25020007E-02
  0.765625000      0.859375000      0.127847806      -2.28703264E-02  -1.00349458E-02
  0.796875000      0.859375000      0.113492191      -3.87579426E-02  -6.81060739E-03
  0.828125000      0.859375000       9.70073268E-02  -6.47811964E-02  -2.47100741E-03
  0.859375000      0.859375000       7.78657719E-02 -0.109810635       3.67155811E-03
  0.890625000      0.859375000       5.46722040E-02 -0.185518339       1.26680993E-02
  0.921875000      0.859375000       2.54504029E-02 -0.301485419       2.53914967E-02
  0.953125000      0.859375000      -3.89461638E-03 -0.441882551       4.13405485E-02
  0.984375000      0.859375000      -8.43492523E-03 -0.460569888       5.31039499E-02
   1.56250000E-02  0.890625000      -9.11871903E-03   5.06392308E-02  -1.30742451E-03
   4.68750000E-02  0.890625000      -2.25300714E-02   8.82882550E-02  -7.15734786E-04
   7.81250000E-02  0.890625000      -2.46210024E-02  0.103564411       1.13737641E-03
  0.109375000      0.890625000      -1.57650895E-02  0.109901071       3.32097476E-03
  0.140625000      0.890625000       8.00308771E-05  0.110978514       5.07952459E-03
  0.171875000      0.890625000       1.96156092E-02  0.107738093       6.34909095E-03
  0.203125000      0.890625000       4.06344682E-02  0.102942064       6.71936013E-03
  0.234375000      0.890625000       6.18503094E-02   9.73905697E-02   6.21234905E-03
  0.265625000      0.890625000       8.25159550E-02   9.14087296E-02   4.94028535E-03
  0.296875000      0.890625000      0.102152497       8.51447731E-02   3.05367215E-03
  0.328125000      0.890625000      0.120423362       7.86757618E-02   7.18873227E-04
  0.359375000      0.890625000      0.137075737       7.20559508E-02  -1.89467706E-03
  0.390625000      0.890625000      0.151914939       6.53397441E-02  -4.62146150E-03
  0.421875000      0.890625000      0.164794534       5.85910566E-02  -7.30527006E-03
  0.453125000      0.890625000      0.175613329       5.18833511E-02  -9.80500132E-03
  0.484375000      0.890625000      0.184314430       4.52954881E-02  -1.19988499E-02
  0.515625000      0.890625000      0.190883875       3.89035754E-02  -1.37885455E-02
  0.546875000      0.890625000      0.195347041       3.27715203E-02  -1.51002910E-02
  0.578125000      0.890625000      0.197762489       2.69390792E-02  -1.58841871E-02
  0.609375000      0.890625000      0.198211461       2.14055181E-02  -1.61122866E-02
  0.640625000      0.890625000      0.196781144       1.61015596E-02  -1.57736167E-02
  0.671875000      0.890625000      0.193525255       1.08291209E-02  -1.48641840E-02
  0.703125000      0.890625000      0.188350528       5.11845900E-03  -1.33732762E-02
  0.734375000      0.890625000      0.180998057      -1.85269583E-03  -1.12870149E-02
  0.765625000      0.890625000      0.171581924      -1.10428073E-02  -8.59433319E-03
  0.796875000      0.890625000      0.160192013      -2.48400420E-02  -4.76811454E-03
  0.828125000      0.890625000      0.146276027      -4.82983813E-02   8.49209086E-04
  0.859375000      0.890625000      0.128476992      -8.93530175E-02   9.45487246E-03
  0.890625000      0.890625000      0.104074411     -0.158380002       2.28399616E-02
  0.921875000      0.890625000       6.98488951E-02 -0.265176654       4.25966606E-02
  0.953125000      0.890625000       2.75503080E-02 -0.406547934       6.74509332E-02
  0.984375000      0.890625000       2.59541231E-03 -0.466409475       8.75331834E-02
   1.56250000E-02  0.921875000      -1.58000905E-02   7.55579770E-02  -3.75519809E-03
   4.68750000E-02  0.921875000      -3.59793231E-02   9.69599560E-02  -1.94001256E-03
   7.81250000E-02  0.921875000      -3.60483900E-02   9.70525444E-02   1.28601398E-03
  0.109375000      0.921875000      -2.23624054E-02   9.38708559E-02   4.47838195E-03
  0.140625000      0.921875000      -7.07309693E-04   8.95083249E-02   6.81652874E-03
  0.171875000      0.921875000       2.44811419E-02   8.44840705E-02   8.42503365E-03
  0.203125000      0.921875000       5.02571687E-02   7.94010311E-02   8.92924983E-03
  0.234375000      0.921875000       7.56058991E-02   7.43668899E-02   8.43745656E-03
  0.265625000      0.921875000       9.99767333E-02   6.93958104E-02   7.11396802E-03
  0.296875000      0.921875000      0.123022810       6.44749999E-02   5.13833435E-03
  0.328125000      0.921875000      0.144507200       5.95902503E-02   2.69355858E-03
  0.359375000      0.921875000      0.164259702       5.47365956E-02  -4.04525963E-05
  0.390625000      0.921875000      0.182157427       4.99221981E-02  -2.89269630E-03
  0.421875000      0.921875000      0.198117524       4.51689512E-02  -5.70383901E-03
  0.453125000      0.921875000      0.212094784       4.05094400E-02  -8.33054073E-03
  0.484375000      0.921875000      0.224080756       3.59823778E-02  -1.06508881E-02
  0.515625000      0.921875000      0.234101608       3.16264480E-02  -1.25649516E-02
  0.546875000      0.921875000      0.242213726       2.74734236E-02  -1.39969718E-02
  0.578125000      0.921875000      0.248496309       2.35393159E-02  -1.48934741E-02
  0.609375000      0.921875000      0.253039658       1.98130794E-02  -1.52208041E-02
  0.640625000      0.921875000      0.255927742       1.62362829E-02  -1.49558075E-02
  0.671875000      0.921875000      0.257210732       1.26673281E-02  -1.40775722E-02
  0.703125000      0.921875000      0.256860197       8.80555809E-03  -1.25415614E-02
  0.734375000      0.921875000      0.254675031       3.99783626E-03  -1.02512343E-02
  0.765625000      0.921875000      0.250296831      -3.09911720E-03  -7.08299223E-03
  0.796875000      0.921875000      0.243471503      -1.45686436E-02  -2.44923634E-03
  0.828125000      0.921875000      0.233264849      -3.44473161E-02   4.98113781E-03
  0.859375000      0.921875000      0.216882259      -6.90226406E-02   1.70998760E-02
  0.890625000      0.921875000      0.189444467     -0.126870245       3.67825180E-02
  0.921875000      0.921875000      0.145003825     -0.218020514       6.69741780E-02
  0.953125000      0.921875000       8.15474615E-02 -0.347949415      0.107108489    
  0.984375000      0.921875000       2.26541404E-02 -0.441160023      0.143049479    
   1.56250000E-02  0.953125000      -1.65368635E-02  0.107894868      -1.12972930E-02
   4.68750000E-02  0.953125000      -2.71374993E-02   9.54027921E-02  -4.30528168E-03
   7.81250000E-02  0.953125000      -7.72306975E-03   7.92641789E-02   1.44026941E-03
  0.109375000      0.953125000       2.17163526E-02   6.85336143E-02   5.84523100E-03
  0.140625000      0.953125000       5.40695786E-02   6.08370230E-02   8.88760109E-03
  0.171875000      0.953125000       8.67352933E-02   5.53009808E-02   1.06361518E-02
  0.203125000      0.953125000      0.118772864       5.07703051E-02   1.11471964E-02
  0.234375000      0.953125000      0.149595335       4.68262359E-02   1.05913542E-02
  0.265625000      0.953125000      0.178904295       4.32565399E-02   9.16704815E-03
  0.296875000      0.953125000      0.206535876       3.99364904E-02   7.07395375E-03
  0.328125000      0.953125000      0.232389957       3.67902070E-02   4.50507877E-03
  0.359375000      0.953125000      0.256401509       3.37725729E-02   1.64676574E-03
  0.390625000      0.953125000      0.278530300       3.08597311E-02  -1.32763793E-03
  0.421875000      0.953125000      0.298758149       2.80434899E-02  -4.25784290E-03
  0.453125000      0.953125000      0.317089260       2.53265649E-02  -7.00047798E-03
  0.484375000      0.953125000      0.333550513       2.27180533E-02  -9.43314098E-03
  0.515625000      0.953125000      0.348190248       2.02302262E-02  -1.14566768E-02
  0.546875000      0.953125000      0.361074984       1.78728830E-02  -1.29935481E-02
  0.578125000      0.953125000      0.372283697       1.56487692E-02  -1.39879221E-02
  0.609375000      0.953125000      0.381897300       1.35467565E-02  -1.44013660E-02
  0.640625000      0.953125000      0.389982730       1.15291337E-02  -1.42013598E-02
  0.671875000      0.953125000      0.396565914       9.50831920E-03  -1.33460891E-02
  0.703125000      0.953125000      0.401589245       7.29183108E-03  -1.17545053E-02
  0.734375000      0.953125000      0.404859036       4.42695012E-03  -9.24731418E-03
  0.765625000      0.953125000      0.405973196      -2.64311617E-04  -5.44804893E-03
  0.796875000      0.953125000      0.403878003      -8.48314259E-03   5.59437438E-04
  0.828125000      0.953125000      0.396151245      -2.25996096E-02   1.04924338E-02
  0.859375000      0.953125000      0.378300190      -4.66368794E-02   2.71413289E-02
  0.890625000      0.953125000      0.343116790      -8.66350681E-02   5.47329038E-02
  0.921875000      0.953125000      0.280715436     -0.151413992       9.83884856E-02
  0.953125000      0.953125000      0.181651801     -0.252036244      0.160849884    
  0.984375000      0.953125000       6.09888323E-02 -0.357517183      0.228245586    
   1.56250000E-02  0.984375000       6.22158274E-02   6.22158498E-02  -2.89874170E-02
   4.68750000E-02  0.984375000      0.169164866       4.47332598E-02  -3.69555620E-03
   7.81250000E-02  0.984375000      0.246791020       3.28929648E-02   4.95177461E-03
  0.109375000      0.984375000      0.305970103       2.62861699E-02   9.42085963E-03
  0.140625000      0.984375000      0.354478687       2.22224817E-02   1.20976092E-02
  0.171875000      0.984375000      0.396214694       1.95136052E-02   1.34831248E-02
  0.203125000      0.984375000      0.433231413       1.75031945E-02   1.37024354E-02
  0.234375000      0.984375000      0.466618329       1.58837903E-02   1.29099730E-02
  0.265625000      0.984375000      0.497005105       1.45030767E-02   1.12854540E-02
  0.296875000      0.984375000      0.524785757       1.32776052E-02   9.01778415E-03
  0.328125000      0.984375000      0.550221980       1.21586751E-02   6.29483489E-03
  0.359375000      0.984375000      0.573497534       1.11169331E-02   3.29661136E-03
  0.390625000      0.984375000      0.594749331       1.01348385E-02   1.95037341E-04
  0.421875000      0.984375000      0.614087105       9.20284819E-03  -2.85377936E-03
  0.453125000      0.984375000      0.631606579       8.31662957E-03  -5.70773752E-03
  0.484375000      0.984375000      0.647398233       7.47505575E-03  -8.24552961E-03
  0.515625000      0.984375000      0.661552548       6.67922851E-03  -1.03702275E-02
  0.546875000      0.984375000      0.674161792       5.92998182E-03  -1.20032895E-02
  0.578125000      0.984375000      0.685318351       5.22654690E-03  -1.30874868E-02
  0.609375000      0.984375000      0.695109367       4.56442684E-03  -1.35819595E-02
  0.640625000      0.984375000      0.703604579       3.93081689E-03  -1.34450477E-02
  0.671875000      0.984375000      0.710831761       3.29632172E-03  -1.26195811E-02
  0.703125000      0.984375000      0.716720104       2.59208982E-03  -1.09860171E-02
  0.734375000      0.984375000      0.720944643       1.63241290E-03  -8.23854655E-03
  0.765625000      0.984375000      0.722468853      -1.08203581E-04  -3.56595940E-03
  0.796875000      0.984375000      0.719142616      -3.21799074E-03   4.02856478E-03
  0.828125000      0.984375000      0.707464457      -8.46005790E-03   1.64487846E-02
  0.859375000      0.984375000      0.681771636      -1.72326993E-02   3.72466333E-02
  0.890625000      0.984375000      0.632727146      -3.18116397E-02   7.17309788E-02
  0.921875000      0.984375000      0.544903100      -5.60122877E-02  0.126994416    
  0.953125000      0.984375000      0.392709643      -9.61811021E-02  0.210256547    
  0.984375000      0.984375000      0.148264244     -0.148264199      0.321903259    
