 VARIABLES="X","Y","U","V","P"
 ZONE F=POINT, I=          32 , J=          32
   1.56250000E-02   1.56250000E-02   2.40979662E-05  -2.42697497E-05   9.19397920E-03
   4.68750000E-02   1.56250000E-02  -1.24810409E-04   1.72775530E-04   9.16189142E-03
   7.81250000E-02   1.56250000E-02  -6.37621735E-04   3.39576422E-04   9.12130624E-03
  0.109375000       1.56250000E-02  -1.41705619E-03   4.39403899E-04   9.08548757E-03
  0.140625000       1.56250000E-02  -2.35376763E-03   4.96861292E-04   9.05856676E-03
  0.171875000       1.56250000E-02  -3.38991079E-03   5.38847467E-04   9.04126931E-03
  0.203125000       1.56250000E-02  -4.51046834E-03   5.81291970E-04   9.03437193E-03
  0.234375000       1.56250000E-02  -5.72237745E-03   6.30217255E-04   9.04009398E-03
  0.265625000       1.56250000E-02  -7.03822775E-03   6.85251958E-04   9.06252023E-03
  0.296875000       1.56250000E-02  -8.46610405E-03   7.42263976E-04   9.10742674E-03
  0.328125000       1.56250000E-02  -1.00034159E-02   7.94709427E-04   9.18217283E-03
  0.359375000       1.56250000E-02  -1.16326939E-02   8.34247505E-04   9.29520000E-03
  0.390625000       1.56250000E-02  -1.33183571E-02   8.51111545E-04   9.45569016E-03
  0.421875000       1.56250000E-02  -1.50043070E-02   8.34543491E-04   9.67277400E-03
  0.453125000       1.56250000E-02  -1.66126564E-02   7.73513806E-04   9.95447766E-03
  0.484375000       1.56250000E-02  -1.80442333E-02   6.57767465E-04   1.03063332E-02
  0.515625000       1.56250000E-02  -1.91816837E-02   4.79377719E-04   1.07298810E-02
  0.546875000       1.56250000E-02  -1.98963303E-02   2.34942403E-04   1.12204272E-02
  0.578125000       1.56250000E-02  -2.00608578E-02  -7.07697545E-05   1.17650852E-02
  0.609375000       1.56250000E-02  -1.95621625E-02  -4.28318599E-04   1.23295300E-02
  0.640625000       1.56250000E-02  -1.83115564E-02  -8.22717499E-04   1.28791388E-02
  0.671875000       1.56250000E-02  -1.62782110E-02  -1.21109164E-03   1.33750066E-02
  0.703125000       1.56250000E-02  -1.35301929E-02  -1.53741555E-03   1.37760220E-02
  0.734375000       1.56250000E-02  -1.02543700E-02  -1.73890637E-03   1.40476003E-02
  0.765625000       1.56250000E-02  -6.75803237E-03  -1.75792980E-03   1.41707733E-02
  0.796875000       1.56250000E-02  -3.43924342E-03  -1.56134018E-03   1.41502041E-02
  0.828125000       1.56250000E-02  -7.14789552E-04  -1.16356532E-03   1.40164718E-02
  0.859375000       1.56250000E-02   1.08549662E-03  -6.37140474E-04   1.38210170E-02
  0.890625000       1.56250000E-02   1.84201496E-03  -1.19769335E-04   1.36186173E-02
  0.921875000       1.56250000E-02   1.69723597E-03   2.64177273E-04   1.34559292E-02
  0.953125000       1.56250000E-02   9.98511328E-04   4.34187124E-04   1.33613721E-02
  0.984375000       1.56250000E-02   2.82072782E-04   2.81959772E-04   1.33439191E-02
   1.56250000E-02   4.68750000E-02  -2.05732184E-04   1.56960101E-04   9.22608096E-03
   4.68750000E-02   4.68750000E-02  -1.05511094E-03   9.88905784E-04   9.19238664E-03
   7.81250000E-02   4.68750000E-02  -2.67423061E-03   1.65433646E-03   9.15943086E-03
  0.109375000       4.68750000E-02  -4.84164432E-03   2.07046233E-03   9.13182460E-03
  0.140625000       4.68750000E-02  -7.36653851E-03   2.32639676E-03   9.11122095E-03
  0.171875000       4.68750000E-02  -1.01386141E-02   2.51654559E-03   9.09834355E-03
  0.203125000       4.68750000E-02  -1.31132212E-02   2.69780797E-03   9.09446832E-03
  0.234375000       4.68750000E-02  -1.62799582E-02   2.89143668E-03   9.10219736E-03
  0.265625000       4.68750000E-02  -1.96352862E-02   3.09434324E-03   9.12553445E-03
  0.296875000       4.68750000E-02  -2.31635273E-02   3.28846974E-03   9.16998181E-03
  0.328125000       4.68750000E-02  -2.68249344E-02   3.44645116E-03   9.24237538E-03
  0.359375000       4.68750000E-02  -3.05487290E-02   3.53484857E-03   9.35063511E-03
  0.390625000       4.68750000E-02  -3.42298783E-02   3.51663027E-03   9.50338226E-03
  0.421875000       4.68750000E-02  -3.77291813E-02   3.35361017E-03   9.70954727E-03
  0.453125000       4.68750000E-02  -4.08766270E-02   3.00957588E-03   9.97710973E-03
  0.484375000       4.68750000E-02  -4.34781164E-02   2.45410460E-03   1.03120562E-02
  0.515625000       4.68750000E-02  -4.53256071E-02   1.66729721E-03   1.07167792E-02
  0.546875000       4.68750000E-02  -4.62106615E-02   6.46001543E-04   1.11880731E-02
  0.578125000       4.68750000E-02  -4.59423847E-02  -5.86368784E-04   1.17135514E-02
  0.609375000       4.68750000E-02  -4.43550125E-02  -1.99966179E-03   1.22563569E-02
  0.640625000       4.68750000E-02  -4.13538143E-02  -3.50413448E-03   1.27872368E-02
  0.671875000       4.68750000E-02  -3.69632244E-02  -4.95463889E-03   1.32673336E-02
  0.703125000       4.68750000E-02  -3.13398093E-02  -6.16638502E-03   1.36566153E-02
  0.734375000       4.68750000E-02  -2.47956999E-02  -6.93097431E-03   1.39215793E-02
  0.765625000       4.68750000E-02  -1.78097058E-02  -7.04929978E-03   1.40445903E-02
  0.796875000       4.68750000E-02  -1.10108135E-02  -6.38872106E-03   1.40314065E-02
  0.828125000       4.68750000E-02  -5.11053298E-03  -4.96192742E-03   1.39132552E-02
  0.859375000       4.68750000E-02  -7.56547670E-04  -2.99398927E-03   1.37394015E-02
  0.890625000       4.68750000E-02   1.65790634E-03  -9.34771961E-04   1.35623887E-02
  0.921875000       4.68750000E-02   2.21965741E-03   6.61371334E-04   1.34211453E-02
  0.953125000       4.68750000E-02   1.51357066E-03   1.44099083E-03   1.33388508E-02
  0.984375000       4.68750000E-02   4.70364437E-04   1.03412429E-03   1.33256894E-02
   1.56250000E-02   7.81250000E-02  -4.74317087E-04   8.36541585E-04   9.26497392E-03
   4.68750000E-02   7.81250000E-02  -2.08464754E-03   2.76797893E-03   9.21981968E-03
   7.81250000E-02   7.81250000E-02  -4.78713261E-03   4.19569900E-03   9.18694772E-03
  0.109375000       7.81250000E-02  -8.19263328E-03   5.10085654E-03   9.16307326E-03
  0.140625000       7.81250000E-02  -1.20525081E-02   5.67963440E-03   9.14591178E-03
  0.171875000       7.81250000E-02  -1.62318908E-02   6.11365866E-03   9.13463160E-03
  0.203125000       7.81250000E-02  -2.06669755E-02   6.50931522E-03   9.13000479E-03
  0.234375000       7.81250000E-02  -2.53252015E-02   6.90386444E-03   9.13449377E-03
  0.265625000       7.81250000E-02  -3.01755406E-02   7.28660543E-03   9.15183499E-03
  0.296875000       7.81250000E-02  -3.51689905E-02   7.61697674E-03   9.18735377E-03
  0.328125000       7.81250000E-02  -4.02272418E-02   7.83672649E-03   9.24761500E-03
  0.359375000       7.81250000E-02  -4.52374369E-02   7.87774846E-03   9.34047438E-03
  0.390625000       7.81250000E-02  -5.00516854E-02   7.66835734E-03   9.47466213E-03
  0.421875000       7.81250000E-02  -5.44903576E-02   7.13911466E-03   9.65987705E-03
  0.453125000       7.81250000E-02  -5.83486408E-02   6.22906350E-03   9.90497787E-03
  0.484375000       7.81250000E-02  -6.14056215E-02   4.89236042E-03   1.02177812E-02
  0.515625000       7.81250000E-02  -6.34353235E-02   3.10550444E-03   1.06029604E-02
  0.546875000       7.81250000E-02  -6.42184541E-02   8.75214697E-04   1.10601177E-02
  0.578125000       7.81250000E-02  -6.35514632E-02  -1.75168621E-03   1.15735456E-02
  0.609375000       7.81250000E-02  -6.12897649E-02  -4.68434347E-03   1.21137984E-02
  0.640625000       7.81250000E-02  -5.73747754E-02  -7.73665868E-03   1.26483878E-02
  0.671875000       7.81250000E-02  -5.18357828E-02  -1.06527889E-02   1.31377261E-02
  0.703125000       7.81250000E-02  -4.48199511E-02  -1.31086418E-02   1.35396216E-02
  0.734375000       7.81250000E-02  -3.66234183E-02  -1.47305392E-02   1.38175571E-02
  0.765625000       7.81250000E-02  -2.77200080E-02  -1.51403267E-02   1.39507297E-02
  0.796875000       7.81250000E-02  -1.87752880E-02  -1.40424594E-02   1.39426924E-02
  0.828125000       7.81250000E-02  -1.06200753E-02  -1.13647729E-02   1.38246398E-02
  0.859375000       7.81250000E-02  -4.13392577E-03  -7.43229967E-03   1.36483144E-02
  0.890625000       7.81250000E-02   1.11438567E-05  -3.05694574E-03   1.34691438E-02
  0.921875000       7.81250000E-02   1.66595262E-03   5.66067931E-04   1.33273210E-02
  0.953125000       7.81250000E-02   1.42834056E-03   2.47909781E-03   1.32454587E-02
  0.984375000       7.81250000E-02   4.81315074E-04   1.98548846E-03   1.32321343E-02
   1.56250000E-02  0.109375000      -7.17130140E-04   2.02751439E-03   9.28560924E-03
   4.68750000E-02  0.109375000      -3.01434007E-03   5.48347784E-03   9.22719948E-03
   7.81250000E-02  0.109375000      -6.67427108E-03   7.84143247E-03   9.19083878E-03
  0.109375000      0.109375000      -1.11307614E-02   9.31594148E-03   9.16683767E-03
  0.140625000      0.109375000      -1.60778742E-02   1.02703869E-02   9.14921425E-03
  0.171875000      0.109375000      -2.13631894E-02   1.09864818E-02   9.13522113E-03
  0.203125000      0.109375000      -2.69105621E-02   1.16178636E-02   9.12474934E-03
  0.234375000      0.109375000      -3.26705649E-02   1.22125046E-02   9.11957305E-03
  0.265625000      0.109375000      -3.85906249E-02   1.27473837E-02   9.12319962E-03
  0.296875000      0.109375000      -4.45981734E-02   1.31562725E-02   9.14054923E-03
  0.328125000      0.109375000      -5.05921841E-02   1.33488150E-02   9.17811692E-03
  0.359375000      0.109375000      -5.64404875E-02   1.32233482E-02   9.24407691E-03
  0.390625000      0.109375000      -6.19812123E-02   1.26769803E-02   9.34788957E-03
  0.421875000      0.109375000      -6.70272410E-02   1.16144717E-02   9.50045511E-03
  0.453125000      0.109375000      -7.13728815E-02   9.95693915E-03   9.71282553E-03
  0.484375000      0.109375000      -7.48023689E-02   7.65029341E-03   9.99502279E-03
  0.515625000      0.109375000      -7.70993531E-02   4.67360765E-03   1.03548523E-02
  0.546875000      0.109375000      -7.80565739E-02   1.04677770E-03   1.07950605E-02
  0.578125000      0.109375000      -7.74853528E-02  -3.16220545E-03   1.13047594E-02
  0.609375000      0.109375000      -7.52381161E-02  -7.78358243E-03   1.18524153E-02
  0.640625000      0.109375000      -7.12201297E-02  -1.25713069E-02   1.24056917E-02
  0.671875000      0.109375000      -6.54002279E-02  -1.71780232E-02   1.29232258E-02
  0.703125000      0.109375000      -5.78474738E-02  -2.11530589E-02   1.33593716E-02
  0.734375000      0.109375000      -4.87735681E-02  -2.39576586E-02   1.36719327E-02
  0.765625000      0.109375000      -3.85788903E-02  -2.50124056E-02   1.38333328E-02
  0.796875000      0.109375000      -2.78959051E-02  -2.37991698E-02   1.38409669E-02
  0.828125000      0.109375000      -1.76117402E-02  -2.00484768E-02   1.37232766E-02
  0.859375000      0.109375000      -8.81632231E-03  -1.40311420E-02   1.35345235E-02
  0.890625000      0.109375000      -2.56121065E-03  -6.85920659E-03   1.33370468E-02
  0.921875000      0.109375000       6.10299176E-04  -4.58870840E-04   1.31777246E-02
  0.953125000      0.109375000       1.15244871E-03   3.19863786E-03   1.30828079E-02
  0.984375000      0.109375000       4.49095241E-04   2.91559612E-03   1.30614396E-02
   1.56250000E-02  0.140625000      -9.17222176E-04   3.66138341E-03   9.26647335E-03
   4.68750000E-02  0.140625000      -3.78037523E-03   9.00888443E-03   9.19612404E-03
   7.81250000E-02  0.140625000      -8.22371803E-03   1.24180969E-02   9.15472861E-03
  0.109375000      0.140625000      -1.35255978E-02   1.44964540E-02   9.12737474E-03
  0.140625000      0.140625000      -1.93271320E-02   1.58373509E-02   9.10506211E-03
  0.171875000      0.140625000      -2.54609026E-02   1.68374684E-02   9.08344518E-03
  0.203125000      0.140625000      -3.18439454E-02   1.76961962E-02   9.06126667E-03
  0.234375000      0.140625000      -3.84192616E-02   1.84684545E-02   9.03963577E-03
  0.265625000      0.140625000      -4.51259948E-02   1.91172473E-02   9.02142376E-03
  0.296875000      0.140625000      -5.18849343E-02   1.95519775E-02   9.01124161E-03
  0.328125000      0.140625000      -5.85924163E-02   1.96537524E-02   9.01550427E-03
  0.359375000      0.140625000      -6.51188344E-02   1.92923509E-02   9.04279947E-03
  0.390625000      0.140625000      -7.13099688E-02   1.83391254E-02   9.10380669E-03
  0.421875000      0.140625000      -7.69901797E-02   1.66779198E-02   9.21085756E-03
  0.453125000      0.140625000      -8.19670781E-02   1.42154507E-02   9.37741157E-03
  0.484375000      0.140625000      -8.60372633E-02   1.08909272E-02   9.61683318E-03
  0.515625000      0.140625000      -8.89929682E-02   6.68513961E-03   9.93985496E-03
  0.546875000      0.140625000      -9.06290561E-02   1.62801147E-03   1.03532914E-02
  0.578125000      0.140625000      -9.07468647E-02  -4.19742940E-03   1.08578643E-02
  0.609375000      0.140625000      -8.91495273E-02  -1.05935642E-02   1.14151612E-02
  0.640625000      0.140625000      -8.56558755E-02  -1.72736794E-02   1.19952951E-02
  0.671875000      0.140625000      -8.01368579E-02  -2.38153823E-02   1.25558749E-02
  0.703125000      0.140625000      -7.25554898E-02  -2.96507198E-02   1.30476868E-02
  0.734375000      0.140625000      -6.30151778E-02  -3.40751708E-02   1.34213064E-02
  0.765625000      0.140625000      -5.18148243E-02  -3.62909138E-02   1.36386771E-02
  0.796875000      0.140625000      -3.95113379E-02  -3.55081223E-02   1.36861037E-02
  0.828125000      0.140625000      -2.69856267E-02  -3.11503634E-02   1.35837365E-02
  0.859375000      0.140625000      -1.54772010E-02  -2.32340153E-02   1.33851096E-02
  0.890625000      0.140625000      -6.45576976E-03  -1.29337478E-02   1.31606143E-02
  0.921875000      0.140625000      -1.07039593E-03  -2.94204568E-03   1.29705854E-02
  0.953125000      0.140625000       7.05083832E-04   3.36337462E-03   1.28477579E-02
  0.984375000      0.140625000       3.97102267E-04   3.76151269E-03   1.28100999E-02
   1.56250000E-02  0.171875000      -1.07060629E-03   5.64871915E-03   9.18938778E-03
   4.68750000E-02  0.171875000      -4.36747167E-03   1.31804589E-02   9.10930615E-03
   7.81250000E-02  0.171875000      -9.41085070E-03   1.77320167E-02   9.06215608E-03
  0.109375000      0.171875000      -1.53583251E-02   2.04306748E-02   9.02873091E-03
  0.140625000      0.171875000      -2.18082331E-02   2.21533887E-02   8.99780076E-03
  0.171875000      0.171875000      -2.85820626E-02   2.34278850E-02   8.96365661E-03
  0.203125000      0.171875000      -3.55962738E-02   2.45019309E-02   8.92406981E-03
  0.234375000      0.171875000      -4.27970253E-02   2.54377611E-02   8.87923501E-03
  0.265625000      0.171875000      -5.01297042E-02   2.61863843E-02   8.83121323E-03
  0.296875000      0.171875000      -5.75254336E-02   2.66366266E-02   8.78431275E-03
  0.328125000      0.171875000      -6.48953989E-02   2.66457479E-02   8.74449126E-03
  0.359375000      0.171875000      -7.21283257E-02   2.60589775E-02   8.72071832E-03
  0.390625000      0.171875000      -7.90892616E-02   2.47239415E-02   8.72466341E-03
  0.421875000      0.171875000      -8.56191963E-02   2.25027204E-02   8.77031311E-03
  0.453125000      0.171875000      -9.15352628E-02   1.92832127E-02   8.87360796E-03
  0.484375000      0.171875000      -9.66321826E-02   1.49899302E-02   9.05137695E-03
  0.515625000      0.171875000     -0.100685358       9.59470123E-03   9.31817386E-03
  0.546875000      0.171875000     -0.103457749       3.12662404E-03   9.68425348E-03
  0.578125000      0.171875000     -0.104718193      -4.31809109E-03   1.01664495E-02
  0.609375000      0.171875000     -0.104196884      -1.25918947E-02   1.07251797E-02
  0.640625000      0.171875000     -0.101607710      -2.13585906E-02   1.13319578E-02
  0.671875000      0.171875000      -9.67269689E-02  -3.01307570E-02   1.19459610E-02
  0.703125000      0.171875000      -8.94164592E-02  -3.82278673E-02   1.25152590E-02
  0.734375000      0.171875000      -7.96738714E-02  -4.47816476E-02   1.29824467E-02
  0.765625000      0.171875000      -6.76877350E-02  -4.87717278E-02   1.32959094E-02
  0.796875000      0.171875000      -5.39071560E-02  -4.91122156E-02   1.34247160E-02
  0.828125000      0.171875000      -3.91367748E-02  -4.48432192E-02   1.33721102E-02
  0.859375000      0.171875000      -2.46502832E-02  -3.55369151E-02   1.31831765E-02
  0.890625000      0.171875000      -1.22314161E-02  -2.20719613E-02   1.29336705E-02
  0.921875000      0.171875000      -3.78451589E-03  -7.63688050E-03   1.27000706E-02
  0.953125000      0.171875000      -8.67038907E-05   2.58417078E-03   1.25348419E-02
  0.984375000      0.171875000       3.01506137E-04   4.45986725E-03   1.24690048E-02
   1.56250000E-02  0.203125000      -1.17753714E-03   7.89636374E-03   9.03979316E-03
   4.68750000E-02  0.203125000      -4.77884058E-03   1.78298634E-02   8.95231869E-03
   7.81250000E-02  0.203125000      -1.02480333E-02   2.35939492E-02   8.89900327E-03
  0.109375000      0.203125000      -1.66593976E-02   2.69263647E-02   8.85723718E-03
  0.140625000      0.203125000      -2.35812683E-02   2.90282927E-02   8.81413184E-03
  0.171875000      0.203125000      -3.08297798E-02   3.05741820E-02   8.76293983E-03
  0.203125000      0.203125000      -3.83276194E-02   3.18666063E-02   8.70048068E-03
  0.234375000      0.203125000      -4.60341871E-02   3.29793915E-02   8.62591900E-03
  0.265625000      0.203125000      -5.39137498E-02   3.38560566E-02   8.54033232E-03
  0.296875000      0.203125000      -6.19211122E-02   3.43692303E-02   8.44689272E-03
  0.328125000      0.203125000      -6.99938163E-02   3.43550965E-02   8.35110247E-03
  0.359375000      0.203125000      -7.80460536E-02   3.36341783E-02   8.26166570E-03
  0.390625000      0.203125000      -8.59628618E-02   3.20260115E-02   8.19056015E-03
  0.421875000      0.203125000      -9.35943872E-02   2.93617826E-02   8.15336313E-03
  0.453125000      0.203125000     -0.100751631       2.54972763E-02   8.16855300E-03
  0.484375000      0.203125000     -0.107204884       2.03259587E-02   8.25657230E-03
  0.515625000      0.203125000     -0.112686113       1.37930643E-02   8.43723491E-03
  0.546875000      0.203125000     -0.116894826       5.90940006E-03   8.72804131E-03
  0.578125000      0.203125000     -0.119500622      -3.23454477E-03   9.14214179E-03
  0.609375000      0.203125000     -0.120187789      -1.35095082E-02   9.68426373E-03
  0.640625000      0.203125000     -0.118641943      -2.45759990E-02   1.03073586E-02
  0.671875000      0.203125000     -0.114551403      -3.58847454E-02   1.09784063E-02
  0.703125000      0.203125000     -0.107691109      -4.66449335E-02   1.16454186E-02
  0.734375000      0.203125000      -9.79646295E-02  -5.58340177E-02   1.22434152E-02
  0.765625000      0.203125000      -8.54484588E-02  -6.22221678E-02   1.27049750E-02
  0.796875000      0.203125000      -7.04594627E-02  -6.44319504E-02   1.29754785E-02
  0.828125000      0.203125000      -5.36651015E-02  -6.10889085E-02   1.30316690E-02
  0.859375000      0.203125000      -3.62524763E-02  -5.11910766E-02   1.28962314E-02
  0.890625000      0.203125000      -2.01272834E-02  -3.49625945E-02   1.26411822E-02
  0.921875000      0.203125000      -7.85298645E-03  -1.54681560E-02   1.23609193E-02
  0.953125000      0.203125000      -1.38010178E-03   2.44071183E-04   1.21359583E-02
  0.984375000      0.203125000       1.34976624E-04   4.89612855E-03   1.20224524E-02
   1.56250000E-02  0.234375000      -1.23993424E-03   1.03133358E-02   8.80721677E-03
   4.68750000E-02  0.234375000      -5.02429856E-03   2.27974374E-02   8.71449430E-03
   7.81250000E-02  0.234375000      -1.07597578E-02   2.98297927E-02   8.65462981E-03
  0.109375000      0.234375000      -1.74730718E-02   3.38139907E-02   8.60258006E-03
  0.140625000      0.234375000      -2.47152001E-02   3.63034904E-02   8.54412839E-03
  0.171875000      0.234375000      -3.23028304E-02   3.81340086E-02   8.47168267E-03
  0.203125000      0.234375000      -4.01710197E-02   3.96717601E-02   8.38106964E-03
  0.234375000      0.234375000      -4.83002178E-02   4.10090238E-02   8.27019196E-03
  0.265625000      0.234375000      -5.66821434E-02   4.20870408E-02   8.13847780E-03
  0.296875000      0.234375000      -6.53024316E-02   4.27651629E-02   7.98759703E-03
  0.328125000      0.234375000      -7.41283000E-02   4.28571627E-02   7.82147050E-03
  0.359375000      0.234375000      -8.30968022E-02   4.21524197E-02   7.64783192E-03
  0.390625000      0.234375000      -9.21028182E-02   4.04303335E-02   7.47808022E-03
  0.421875000      0.234375000     -0.100988299       3.74744162E-02   7.32887257E-03
  0.453125000      0.234375000     -0.109535411       3.30891162E-02   7.22124428E-03
  0.484375000      0.234375000     -0.117466211       2.71184333E-02   7.17991078E-03
  0.515625000      0.234375000     -0.124449939       1.94659419E-02   7.23126531E-03
  0.546875000      0.234375000     -0.130118355       1.01141706E-02   7.40021374E-03
  0.578125000      0.234375000     -0.134089440      -8.61845445E-04   7.70486239E-03
  0.609375000      0.234375000     -0.136003107      -1.32807568E-02   8.18960555E-03
  0.640625000      0.234375000     -0.135510743      -2.68424153E-02   8.80391803E-03
  0.671875000      0.234375000     -0.132268980      -4.09502015E-02   9.52527672E-03
  0.703125000      0.234375000     -0.125996843      -5.47116287E-02   1.03044249E-02
  0.734375000      0.234375000     -0.116519183      -6.69713616E-02   1.10701267E-02
  0.765625000      0.234375000     -0.103799641      -7.63206035E-02   1.17386151E-02
  0.796875000      0.234375000      -8.80029351E-02  -8.11194927E-02   1.22263422E-02
  0.828125000      0.234375000      -6.96123615E-02  -7.95867592E-02   1.24729127E-02
  0.859375000      0.234375000      -4.96322438E-02  -7.00865388E-02   1.24634197E-02
  0.890625000      0.234375000      -2.98976786E-02  -5.19275218E-02   1.22477207E-02
  0.921875000      0.234375000      -1.33591928E-02  -2.73166504E-02   1.19312191E-02
  0.953125000      0.234375000      -3.30529897E-03  -4.43481095E-03   1.16284350E-02
  0.984375000      0.234375000      -1.38378047E-04   4.89254203E-03   1.14466362E-02
   1.56250000E-02  0.265625000      -1.26028433E-03   1.28130578E-02   8.48545693E-03
   4.68750000E-02  0.265625000      -5.11495303E-03   2.79356353E-02   8.38944688E-03
   7.81250000E-02  0.265625000      -1.09708598E-02   3.62817347E-02   8.32263660E-03
  0.109375000      0.265625000      -1.78396944E-02   4.09430042E-02   8.25829525E-03
  0.140625000      0.265625000      -2.52659880E-02   4.38417569E-02   8.18149932E-03
  0.171875000      0.265625000      -3.30714323E-02   4.59877327E-02   8.08365643E-03
  0.203125000      0.265625000      -4.12070975E-02   4.78208773E-02   7.95943569E-03
  0.234375000      0.265625000      -4.96783480E-02   4.94594462E-02   7.80500332E-03
  0.265625000      0.265625000      -5.85073307E-02   5.08467630E-02   7.61760212E-03
  0.296875000      0.265625000      -6.77105635E-02   5.18283471E-02   7.39612989E-03
  0.328125000      0.265625000      -7.72804171E-02   5.21892980E-02   7.14206323E-03
  0.359375000      0.265625000      -8.71668756E-02   5.16750515E-02   6.86077960E-03
  0.390625000      0.265625000      -9.72602367E-02   5.00070900E-02   6.56248583E-03
  0.421875000      0.265625000     -0.107378416       4.69015762E-02   6.26422139E-03
  0.453125000      0.265625000     -0.117262095       4.20932584E-02   5.98996645E-03
  0.484375000      0.265625000     -0.126579776       3.53634953E-02   5.76996244E-03
  0.515625000      0.265625000     -0.134943634       2.65694112E-02   5.63932536E-03
  0.546875000      0.265625000     -0.141934872       1.56714655E-02   5.63358888E-03
  0.578125000      0.265625000     -0.147136539       2.75480631E-03   5.78176137E-03
  0.609375000      0.265625000     -0.150167868      -1.19511876E-02   6.15031738E-03
  0.640625000      0.265625000     -0.150676295      -2.81547159E-02   6.71677291E-03
  0.671875000      0.265625000     -0.148317099      -4.52377722E-02   7.46954838E-03
  0.703125000      0.265625000     -0.142781645      -6.22307584E-02   8.36512074E-03
  0.734375000      0.265625000     -0.133829027      -7.78818056E-02   9.32873599E-03
  0.765625000      0.265625000     -0.121309295      -9.06490013E-02   1.02599645E-02
  0.796875000      0.265625000     -0.105218902      -9.86780673E-02   1.10454187E-02
  0.828125000      0.265625000      -8.58205557E-02  -9.98172238E-02   1.15789389E-02
  0.859375000      0.265625000      -6.38661236E-02  -9.17909145E-02   1.17924456E-02
  0.890625000      0.265625000      -4.09751311E-02  -7.28491619E-02   1.16906092E-02
  0.921875000      0.265625000      -2.01802403E-02  -4.37289029E-02   1.13714132E-02
  0.953125000      0.265625000      -5.93210850E-03  -1.23250671E-02   1.09875510E-02
  0.984375000      0.265625000      -5.35310945E-04   4.21871478E-03   1.07094301E-02
   1.56250000E-02  0.296875000      -1.24115939E-03   1.53140184E-02   8.07265751E-03
   4.68750000E-02  0.296875000      -5.06104436E-03   3.31081487E-02   7.97502697E-03
   7.81250000E-02  0.296875000      -1.09020378E-02   4.28049378E-02   7.90081918E-03
  0.109375000      0.296875000      -1.77895259E-02   4.81749699E-02   7.82237388E-03
  0.140625000      0.296875000      -2.52697878E-02   5.15152514E-02   7.72402296E-03
  0.171875000      0.296875000      -3.31712067E-02   5.40200844E-02   7.59652071E-03
  0.203125000      0.296875000      -4.14609164E-02   5.62129766E-02   7.43276160E-03
  0.234375000      0.296875000      -5.01681380E-02   5.82450107E-02   7.22663151E-03
  0.265625000      0.296875000      -5.93423098E-02   6.00637197E-02   6.97236136E-03
  0.296875000      0.296875000      -6.90247566E-02   6.14966303E-02   6.66521490E-03
  0.328125000      0.296875000      -7.92237222E-02   6.22896478E-02   6.30258024E-03
  0.359375000      0.296875000      -8.98907781E-02   6.21283054E-02   5.88633819E-03
  0.390625000      0.296875000     -0.100901529       6.06582910E-02   5.42459590E-03
  0.421875000      0.296875000     -0.112044759       5.75124398E-02   4.93439753E-03
  0.453125000      0.296875000     -0.123022854       5.23451567E-02   4.44341078E-03
  0.484375000      0.296875000     -0.133464113       4.48718369E-02   3.98939103E-03
  0.515625000      0.296875000     -0.142945006       3.49074006E-02   3.61904548E-03
  0.546875000      0.296875000     -0.151019067       2.24005133E-02   3.38205788E-03
  0.578125000      0.296875000     -0.157248735       7.45896716E-03   3.32417618E-03
  0.609375000      0.296875000     -0.161238387      -9.63242631E-03   3.50982416E-03
  0.640625000      0.296875000     -0.162666500      -2.85350233E-02   3.98049597E-03
  0.671875000      0.296875000     -0.161228374      -4.86529842E-02   4.73439414E-03
  0.703125000      0.296875000     -0.156603277      -6.89745247E-02   5.73677244E-03
  0.734375000      0.296875000     -0.148494765      -8.81978199E-02   6.91323262E-03
  0.765625000      0.296875000     -0.136640429     -0.104706049       8.15048441E-03
  0.796875000      0.296875000     -0.120856918     -0.116494253       9.30552464E-03
  0.828125000      0.296875000     -0.101158157     -0.121097803       1.02232993E-02
  0.859375000      0.296875000      -7.79907256E-02 -0.115632147       1.07703507E-02
  0.890625000      0.296875000      -5.26556335E-02  -9.72342044E-02   1.08829113E-02
  0.921875000      0.296875000      -2.80188564E-02  -6.47758394E-02   1.06221102E-02
  0.953125000      0.296875000      -9.26351454E-03  -2.42819227E-02   1.01729427E-02
  0.984375000      0.296875000      -1.08414947E-03   2.59917206E-03   9.77254845E-03
   1.56250000E-02  0.328125000      -1.18517014E-03   1.77398883E-02   7.57134287E-03
   4.68750000E-02  0.328125000      -4.87190206E-03   3.81878689E-02   7.47364759E-03
   7.81250000E-02  0.328125000      -1.05701145E-02   4.92633060E-02   7.39142112E-03
  0.109375000      0.328125000      -1.73438583E-02   5.53767532E-02   7.29674194E-03
  0.140625000      0.328125000      -2.47464590E-02   5.91953099E-02   7.17367325E-03
  0.171875000      0.328125000      -3.26113030E-02   6.21053688E-02   7.01189134E-03
  0.203125000      0.328125000      -4.09173295E-02   6.47226274E-02   6.80240337E-03
  0.234375000      0.328125000      -4.97116894E-02   6.72362745E-02   6.53603394E-03
  0.265625000      0.328125000      -5.90633191E-02   6.95977807E-02   6.20295387E-03
  0.296875000      0.328125000      -6.90287203E-02   7.16101825E-02   5.79364132E-03
  0.328125000      0.328125000      -7.96220899E-02   7.29684830E-02   5.30042313E-03
  0.359375000      0.328125000      -9.07894522E-02   7.32842833E-02   4.72049229E-03
  0.390625000      0.328125000     -0.102390453       7.21148029E-02   4.05894173E-03
  0.421875000      0.328125000     -0.114191636       6.90014660E-02   3.33311711E-03
  0.453125000      0.328125000     -0.125873014       6.35171384E-02   2.57473160E-03
  0.484375000      0.328125000     -0.137045979       5.53159565E-02   1.83138670E-03
  0.515625000      0.328125000     -0.147278428       4.41788360E-02   1.16329733E-03
  0.546875000      0.328125000     -0.156123757       3.00508663E-02   6.38298050E-04
  0.578125000      0.328125000     -0.163148224       1.30653493E-02   3.22757609E-04
  0.609375000      0.328125000     -0.167948917      -6.44580321E-03   2.72951205E-04
  0.640625000      0.328125000     -0.170239806      -2.80000381E-02   5.94288751E-04
  0.671875000      0.328125000     -0.169777200      -5.10862172E-02   1.30877551E-03
  0.703125000      0.328125000     -0.166251540      -7.46897906E-02   2.39337934E-03
  0.734375000      0.328125000     -0.159328118      -9.75125507E-02   3.77722830E-03
  0.765625000      0.328125000     -0.148640171     -0.117932022       5.33983856E-03
  0.796875000      0.328125000     -0.133819550     -0.133871228       6.91396929E-03
  0.828125000      0.328125000     -0.114609182     -0.142629176       8.29834584E-03
  0.859375000      0.328125000      -9.11071151E-02 -0.140769839       9.28669237E-03
  0.890625000      0.328125000      -6.42183423E-02 -0.124320261       9.72770341E-03
  0.921875000      0.328125000      -3.64639461E-02  -9.00810137E-02   9.61145945E-03
  0.953125000      0.328125000      -1.32732848E-02  -4.09228727E-02   9.13198665E-03
  0.984375000      0.328125000      -1.86380406E-03  -3.48797941E-04   8.59470665E-03
   1.56250000E-02  0.359375000      -1.09531940E-03   2.00199485E-02   6.98792934E-03
   4.68750000E-02  0.359375000      -4.55733296E-03   4.30555940E-02   6.89165387E-03
   7.81250000E-02  0.359375000      -9.99111868E-03   5.55265397E-02   6.80091418E-03
  0.109375000      0.359375000      -1.65209100E-02   6.24160618E-02   6.68808725E-03
  0.140625000      0.359375000      -2.37094946E-02   6.67462647E-02   6.53716642E-03
  0.171875000      0.359375000      -3.13904397E-02   7.00993985E-02   6.33655488E-03
  0.203125000      0.359375000      -3.95466611E-02   7.31901750E-02   6.07526070E-03
  0.234375000      0.359375000      -4.82336581E-02   7.62495846E-02   5.74026955E-03
  0.265625000      0.359375000      -5.75294122E-02   7.92315900E-02   5.31704957E-03
  0.296875000      0.359375000      -6.74961358E-02   8.19085240E-02   4.79013380E-03
  0.328125000      0.359375000      -7.81477839E-02   8.39155093E-02   4.14594496E-03
  0.359375000      0.359375000      -8.94245133E-02   8.47820789E-02   3.37603455E-03
  0.390625000      0.359375000     -0.101177678       8.39723423E-02   2.48212507E-03
  0.421875000      0.359375000     -0.113167882       8.09369236E-02   1.48200500E-03
  0.453125000      0.359375000     -0.125075236       7.51724765E-02   4.12497495E-04
  0.484375000      0.359375000     -0.136518955       6.62797466E-02  -6.68276800E-04
  0.515625000      0.359375000     -0.147082388       5.40137477E-02  -1.68421259E-03
  0.546875000      0.359375000     -0.156340167       3.83221135E-02  -2.54733930E-03
  0.578125000      0.359375000     -0.163885862       1.93675086E-02  -3.17049865E-03
  0.609375000      0.359375000     -0.169360548      -2.46932032E-03  -3.48211033E-03
  0.640625000      0.359375000     -0.172485679      -2.65572928E-02  -3.36334296E-03
  0.671875000      0.359375000     -0.173047066      -5.24271317E-02  -2.73386249E-03
  0.703125000      0.359375000     -0.170797467      -7.91213512E-02  -1.60601700E-03
  0.734375000      0.359375000     -0.165391266     -0.105408147      -4.30235850E-05
  0.765625000      0.359375000     -0.156373411     -0.129740179       1.83376868E-03
  0.796875000      0.359375000     -0.143192649     -0.150062799       3.84246325E-03
  0.828125000      0.359375000     -0.125304773     -0.163534641       5.74349705E-03
  0.859375000      0.359375000     -0.102421731     -0.166248679       7.26080500E-03
  0.890625000      0.359375000      -7.49875978E-02 -0.153163865       8.14146083E-03
  0.921875000      0.359375000      -4.50510122E-02 -0.118928149       8.27108603E-03
  0.953125000      0.359375000      -1.78891793E-02  -6.24281019E-02   7.81036261E-03
  0.984375000      0.359375000      -2.96478393E-03  -5.17733023E-03   7.13406084E-03
   1.56250000E-02  0.390625000      -9.75505740E-04   2.20903866E-02   6.33265451E-03
   4.68750000E-02  0.390625000      -4.12969990E-03   4.76005003E-02   6.23901933E-03
   7.81250000E-02  0.390625000      -9.18485411E-03   6.14696369E-02   6.13941718E-03
  0.109375000      0.390625000      -1.53435571E-02   6.91605806E-02   6.00701850E-03
  0.140625000      0.390625000      -2.21785512E-02   7.40245357E-02   5.82570676E-03
  0.171875000      0.390625000      -2.95164809E-02   7.78393298E-02   5.58287464E-03
  0.203125000      0.390625000      -3.73341292E-02   8.14236030E-02   5.26467245E-03
  0.234375000      0.390625000      -4.56842706E-02   8.50529820E-02   4.85450774E-03
  0.265625000      0.390625000      -5.46435937E-02   8.86832103E-02   4.33225418E-03
  0.296875000      0.390625000      -6.42726421E-02   9.20529440E-02   3.67624452E-03
  0.328125000      0.390625000      -7.45836496E-02   9.47344005E-02   2.86584347E-03
  0.359375000      0.390625000      -8.55172575E-02   9.61746052E-02   1.88715081E-03
  0.390625000      0.390625000      -9.69308391E-02   9.57481712E-02   7.38102826E-04
  0.421875000      0.390625000     -0.108599663       9.28222463E-02  -5.63311740E-04
  0.453125000      0.390625000     -0.120228328       8.68257731E-02  -1.97432679E-03
  0.484375000      0.390625000     -0.131468996       7.73138404E-02  -3.42528522E-03
  0.515625000      0.390625000     -0.141943187       6.40206560E-02  -4.82289633E-03
  0.546875000      0.390625000     -0.151264846       4.68982570E-02  -6.05795672E-03
  0.578125000      0.390625000     -0.159064740       2.61407178E-02  -7.01888371E-03
  0.609375000      0.390625000     -0.165020451       2.19160016E-03  -7.61247566E-03
  0.640625000      0.390625000     -0.168872416      -2.42374893E-02  -7.73444632E-03
  0.671875000      0.390625000     -0.170461565      -5.25930189E-02  -7.23253191E-03
  0.703125000      0.390625000     -0.169621259      -8.20422620E-02  -6.10823929E-03
  0.734375000      0.390625000     -0.166023284     -0.111488640      -4.41523176E-03
  0.765625000      0.390625000     -0.159147248     -0.139551222      -2.26825709E-03
  0.796875000      0.390625000     -0.148268282     -0.164309472       1.48799125E-04
  0.828125000      0.390625000     -0.132544443     -0.182898089       2.57286662E-03
  0.859375000      0.390625000     -0.111269787     -0.191041797       4.66885557E-03
  0.890625000      0.390625000      -8.43724459E-02 -0.182701439       6.08053245E-03
  0.921875000      0.390625000      -5.33355698E-02 -0.150363505       6.56120805E-03
  0.953125000      0.390625000      -2.30239071E-02  -8.84658694E-02   6.18796330E-03
  0.984375000      0.390625000      -4.47279448E-03  -1.26147848E-02   5.40117268E-03
   1.56250000E-02  0.421875000      -8.31045210E-04   2.38965973E-02   5.61888563E-03
   4.68750000E-02  0.421875000      -3.60600720E-03   5.17226867E-02   5.52923791E-03
   7.81250000E-02  0.421875000      -8.17936752E-03   6.69751465E-02   5.42078493E-03
  0.109375000      0.421875000      -1.38469730E-02   7.54806250E-02   5.26817515E-03
  0.140625000      0.421875000      -2.01911740E-02   8.08830261E-02   5.05532883E-03
  0.171875000      0.421875000      -2.70239990E-02   8.51510614E-02   4.76832967E-03
  0.203125000      0.421875000      -3.43054794E-02   8.92106295E-02   4.39094892E-03
  0.234375000      0.421875000      -4.20747139E-02   9.33851823E-02   3.90225719E-03
  0.265625000      0.421875000      -5.03981970E-02   9.76339504E-02   3.27693229E-03
  0.296875000      0.421875000      -5.93305901E-02  0.101664148       2.48664105E-03
  0.328125000      0.421875000      -6.88845664E-02  0.104989126       1.50426954E-03
  0.359375000      0.421875000      -7.90104941E-02  0.106980830       3.09451076E-04
  0.390625000      0.421875000      -8.95874351E-02  0.106934436      -1.10295031E-03
  0.421875000      0.421875000     -0.100424968      0.104144856      -2.71480251E-03
  0.453125000      0.421875000     -0.111273237       9.79831293E-02  -4.47772350E-03
  0.484375000      0.421875000     -0.121838115       8.79654959E-02  -6.31071115E-03
  0.515625000      0.421875000     -0.131798297       7.38071948E-02  -8.10270105E-03
  0.546875000      0.421875000     -0.140823036       5.54621145E-02  -9.72191803E-03
  0.578125000      0.421875000     -0.148590714       3.31484899E-02  -1.10314256E-02
  0.609375000      0.421875000     -0.154808402       7.36119691E-03  -1.19097289E-02
  0.640625000      0.421875000     -0.159237087      -2.11226344E-02  -1.22894123E-02
  0.671875000      0.421875000     -0.161799446      -5.15528806E-02  -1.19452681E-02
  0.703125000      0.421875000     -0.162436545      -8.32824260E-02  -1.08724795E-02
  0.734375000      0.421875000     -0.160867244     -0.115412951      -9.11372900E-03
  0.765625000      0.421875000     -0.156537861     -0.146829873      -6.77020662E-03
  0.796875000      0.421875000     -0.148568392     -0.175877154      -4.01449902E-03
  0.828125000      0.421875000     -0.135816365     -0.199804544      -1.11262593E-03
  0.859375000      0.421875000     -0.117131792     -0.214093193       1.56311889E-03
  0.890625000      0.421875000      -9.18777734E-02 -0.211800367       3.56281595E-03
  0.921875000      0.421875000      -6.08937070E-02 -0.183284789       4.49355086E-03
  0.953125000      0.421875000      -2.84513496E-02 -0.118298031       4.29777941E-03
  0.984375000      0.421875000      -6.34862529E-03  -2.34360248E-02   3.45351687E-03
   1.56250000E-02  0.453125000      -6.69009052E-04   2.53963601E-02   4.86243423E-03
   4.68750000E-02  0.453125000      -3.00936215E-03   5.53375855E-02   4.77798376E-03
   7.81250000E-02  0.453125000      -7.01425783E-03   7.19377995E-02   4.66159219E-03
  0.109375000      0.453125000      -1.20842578E-02   8.12549293E-02   4.48942464E-03
  0.140625000      0.453125000      -1.78112909E-02   8.71794075E-02   4.24562953E-03
  0.171875000      0.453125000      -2.39859223E-02   9.18617398E-02   3.91536625E-03
  0.203125000      0.453125000      -3.05419825E-02   9.63372812E-02   3.47975246E-03
  0.234375000      0.453125000      -3.74956280E-02  0.100981444       2.91436445E-03
  0.265625000      0.453125000      -4.48965654E-02  0.105762452       2.18862575E-03
  0.296875000      0.453125000      -5.27913496E-02  0.110363558       1.26817427E-03
  0.328125000      0.453125000      -6.11964986E-02  0.114250049       1.19205208E-04
  0.359375000      0.453125000      -7.00810999E-02  0.116732158      -1.28387590E-03
  0.390625000      0.453125000      -7.93588609E-02  0.117040098      -2.94977566E-03
  0.421875000      0.453125000      -8.88886601E-02  0.114409357      -4.86008218E-03
  0.453125000      0.453125000      -9.84814242E-02  0.108163014      -6.96132286E-03
  0.484375000      0.453125000     -0.107910708       9.77835357E-02  -9.16244183E-03
  0.515625000      0.453125000     -0.116924793       8.29674974E-02  -1.13357399E-02
  0.546875000      0.453125000     -0.125261605       6.36675656E-02  -1.33283567E-02
  0.578125000      0.453125000     -0.132666662       4.01198827E-02  -1.49775296E-02
  0.609375000      0.453125000     -0.138908759       1.28535144E-02  -1.61331594E-02
  0.640625000      0.453125000     -0.143759772      -1.73315722E-02  -1.67452469E-02
  0.671875000      0.453125000     -0.147204220      -4.93337959E-02  -1.65734068E-02
  0.703125000      0.453125000     -0.149314240      -8.27514529E-02  -1.55935250E-02
  0.734375000      0.453125000     -0.149897411     -0.116927467      -1.38387829E-02
  0.765625000      0.453125000     -0.148416638     -0.151123226      -1.13936095E-02
  0.796875000      0.453125000     -0.143868804     -0.184099108      -8.40635691E-03
  0.828125000      0.453125000     -0.134816989     -0.213384718      -5.12229139E-03
  0.859375000      0.453125000     -0.119646743     -0.234366387      -1.92177715E-03
  0.890625000      0.453125000      -9.71111134E-02 -0.239315689       6.76910393E-04
  0.921875000      0.453125000      -6.73294663E-02 -0.216534346       2.13610870E-03
  0.953125000      0.453125000      -3.38255391E-02 -0.150994092       2.22204928E-03
  0.984375000      0.453125000      -8.44163354E-03  -3.82260755E-02   1.38866669E-03
   1.56250000E-02  0.484375000      -4.98200709E-04   2.65633240E-02   4.08051629E-03
   4.68750000E-02  0.484375000      -2.36943597E-03   5.83816543E-02   4.00255853E-03
   7.81250000E-02  0.484375000      -5.74221648E-03   7.62708187E-02   3.87996621E-03
  0.109375000      0.484375000      -1.01289982E-02   8.63781720E-02   3.69064230E-03
  0.140625000      0.484375000      -1.51323974E-02   9.27861705E-02   3.41928564E-03
  0.171875000      0.484375000      -2.05171108E-02   9.78140309E-02   3.04997922E-03
  0.203125000      0.484375000      -2.61837821E-02  0.102607638       2.56197294E-03
  0.234375000      0.484375000      -3.21189836E-02  0.107600123       1.92749826E-03
  0.265625000      0.484375000      -3.83511037E-02  0.112777352       1.11150334E-03
  0.296875000      0.484375000      -4.49174270E-02  0.117810681       7.47224694E-05
  0.328125000      0.484375000      -5.18410951E-02  0.122133151      -1.22215506E-03
  0.359375000      0.484375000      -5.91161922E-02  0.125010699      -2.80966773E-03
  0.390625000      0.484375000      -6.66998178E-02  0.125625446      -4.69944393E-03
  0.421875000      0.484375000      -7.45101571E-02  0.123167217      -6.87362626E-03
  0.453125000      0.484375000      -8.24297369E-02  0.116921037      -9.27489437E-03
  0.484375000      0.484375000      -9.03108045E-02  0.106339730      -1.18031073E-02
  0.515625000      0.484375000      -9.79818851E-02   9.11005735E-02  -1.43172201E-02
  0.546875000      0.484375000     -0.105256103       7.11496770E-02  -1.66453794E-02
  0.578125000      0.484375000     -0.111943424       4.67341244E-02  -1.86040774E-02
  0.609375000      0.484375000     -0.117874831       1.84164327E-02  -2.00244896E-02
  0.640625000      0.484375000     -0.122962803      -1.29522234E-02  -2.07873173E-02
  0.671875000      0.484375000     -0.127209216      -4.60194200E-02  -2.07976662E-02
  0.703125000      0.484375000     -0.130704165      -8.04584324E-02  -1.99391358E-02
  0.734375000      0.484375000     -0.133441806     -0.115897581      -1.82527862E-02
  0.765625000      0.484375000     -0.134972632     -0.152101234      -1.58094130E-02
  0.796875000      0.484375000     -0.134218603     -0.188421339      -1.27232065E-02
  0.828125000      0.484375000     -0.129467785     -0.222863674      -9.19510610E-03
  0.859375000      0.484375000     -0.118628003     -0.250896126      -5.57996193E-03
  0.890625000      0.484375000      -9.97997820E-02 -0.264148682      -2.42612418E-03
  0.921875000      0.484375000      -7.23064095E-02 -0.248975471      -3.96698189E-04
  0.953125000      0.484375000      -3.87785211E-02 -0.185584038       6.97518917E-05
  0.984375000      0.484375000      -1.05652548E-02  -5.72327524E-02  -6.79901568E-04
   1.56250000E-02  0.515625000      -3.28947906E-04   2.73902714E-02   3.29054566E-03
   4.68750000E-02  0.515625000      -1.72200520E-03   6.08185492E-02   3.22011998E-03
   7.81250000E-02  0.515625000      -4.42870706E-03   7.99129233E-02   3.09428223E-03
  0.109375000      0.515625000      -8.07492156E-03   9.07686427E-02   2.89254286E-03
  0.140625000      0.515625000      -1.22764129E-02   9.76002812E-02   2.59974319E-03
  0.171875000      0.515625000      -1.67708509E-02  0.102878913       2.19959766E-03
  0.203125000      0.515625000      -2.14224551E-02  0.107861072       1.66979432E-03
  0.234375000      0.515625000      -2.61846539E-02  0.113044403       9.79852863E-04
  0.265625000      0.515625000      -3.10620442E-02  0.118443251       9.20320599E-05
  0.296875000      0.515625000      -3.60820442E-02  0.123732165      -1.03730510E-03
  0.328125000      0.515625000      -4.12755236E-02  0.128330350      -2.45128060E-03
  0.359375000      0.515625000      -4.66639102E-02  0.131479084      -4.18439554E-03
  0.390625000      0.515625000      -5.22510745E-02  0.132330462      -6.25075120E-03
  0.421875000      0.515625000      -5.80190457E-02  0.130043626      -8.63299333E-03
  0.453125000      0.515625000      -6.39273375E-02  0.123876080      -1.12720672E-02
  0.484375000      0.515625000      -6.99151009E-02  0.113257393      -1.40616875E-02
  0.515625000      0.515625000      -7.59039521E-02   9.78468210E-02  -1.68501064E-02
  0.546875000      0.515625000      -8.18014741E-02   7.75790662E-02  -1.94505304E-02
  0.578125000      0.515625000      -8.75075161E-02   5.27017191E-02  -2.16598120E-02
  0.609375000      0.515625000      -9.29289460E-02   2.38048583E-02  -2.32870951E-02
  0.640625000      0.515625000      -9.80082303E-02  -8.17072485E-03  -2.41862573E-02
  0.671875000      0.515625000     -0.102771968      -4.17886265E-02  -2.43378542E-02
  0.703125000      0.515625000     -0.107435152      -7.65293986E-02  -2.36010905E-02
  0.734375000      0.515625000     -0.112188838     -0.112333924      -2.20287703E-02
  0.765625000      0.515625000     -0.116724245     -0.149597526      -1.96828824E-02
  0.796875000      0.515625000     -0.119952478     -0.188449830      -1.66380331E-02
  0.828125000      0.515625000     -0.119927973     -0.227609515      -1.30318701E-02
  0.859375000      0.515625000     -0.114079140     -0.262837887      -9.15710162E-03
  0.890625000      0.515625000      -9.98158455E-02 -0.285297483      -5.54812280E-03
  0.921875000      0.515625000      -7.55929202E-02 -0.279542148      -2.95737549E-03
  0.953125000      0.515625000      -4.30163816E-02 -0.221121117      -2.03843950E-03
  0.984375000      0.515625000      -1.25635061E-02  -8.03613290E-02  -2.63713789E-03
   1.56250000E-02  0.546875000      -1.72731146E-04   2.78917886E-02   2.50913925E-03
   4.68750000E-02  0.546875000      -1.10792613E-03   6.26449287E-02   2.44735950E-03
   7.81250000E-02  0.546875000      -3.15021328E-03   8.28351527E-02   2.32207729E-03
  0.109375000      0.546875000      -6.03305548E-03   9.43751410E-02   2.11448781E-03
  0.140625000      0.546875000      -9.38843284E-03  0.101550430       1.80987280E-03
  0.171875000      0.546875000      -1.29297581E-02  0.106964469       1.39112165E-03
  0.203125000      0.546875000      -1.64859183E-02  0.111983433       8.34910432E-04
  0.234375000      0.546875000      -1.99773833E-02  0.117176116       1.09348533E-04
  0.265625000      0.546875000      -2.33849753E-02  0.122597255      -8.25672760E-04
  0.296875000      0.546875000      -2.67260522E-02  0.127940387      -2.01563910E-03
  0.328125000      0.546875000      -3.00385207E-02  0.132629678      -3.50625301E-03
  0.359375000      0.546875000      -3.33699360E-02  0.135901660      -5.33419754E-03
  0.390625000      0.546875000      -3.67691964E-02  0.136896938      -7.51581741E-03
  0.421875000      0.546875000      -4.02797870E-02  0.134758815      -1.00344233E-02
  0.453125000      0.546875000      -4.39365692E-02  0.128729433      -1.28306039E-02
  0.484375000      0.546875000      -4.77660745E-02  0.118224993      -1.57956015E-02
  0.515625000      0.546875000      -5.17877936E-02  0.102893502      -1.87719986E-02
  0.546875000      0.546875000      -5.60151041E-02   8.26607272E-02  -2.15631612E-02
  0.578125000      0.546875000      -6.04554601E-02   5.77695593E-02  -2.39515305E-02
  0.609375000      0.546875000      -6.51097000E-02   2.88152359E-02  -2.57278234E-02
  0.640625000      0.546875000      -6.99764043E-02  -3.23319389E-03  -2.67262422E-02
  0.671875000      0.546875000      -7.50572085E-02  -3.68803144E-02  -2.69698985E-02
  0.703125000      0.546875000      -8.06444734E-02  -7.11864755E-02  -2.63361279E-02
  0.734375000      0.546875000      -8.71669501E-02 -0.106400236      -2.49008201E-02
  0.765625000      0.546875000      -9.45151597E-02 -0.143647313      -2.27261223E-02
  0.796875000      0.546875000     -0.101687744     -0.183998957      -1.98498778E-02
  0.828125000      0.546875000     -0.106591716     -0.227180570      -1.63356625E-02
  0.859375000      0.546875000     -0.106196456     -0.269510508      -1.23831723E-02
  0.890625000      0.546875000      -9.71899331E-02 -0.301894128      -8.46580975E-03
  0.921875000      0.546875000      -7.70909041E-02 -0.307266861      -5.37791569E-03
  0.953125000      0.546875000      -4.63642925E-02 -0.256699026      -3.97560745E-03
  0.984375000      0.546875000      -1.43377576E-02 -0.107262447      -4.36825259E-03
   1.56250000E-02  0.578125000      -4.20631950E-05   2.81064548E-02   1.75060495E-03
   4.68750000E-02  0.578125000      -5.72063844E-04   6.38951659E-02   1.69846532E-03
   7.81250000E-02  0.578125000      -1.99215696E-03   8.50469917E-02   1.57870247E-03
  0.109375000      0.578125000      -4.12818557E-03   9.71819237E-02   1.37449603E-03
  0.140625000      0.578125000      -6.63031917E-03  0.104601011       1.07043004E-03
  0.171875000      0.578125000      -9.19460878E-03  0.110019512       6.48907444E-04
  0.203125000      0.578125000      -1.16205737E-02  0.114910722       8.56085389E-05
  0.234375000      0.578125000      -1.38002243E-02  0.119920403      -6.51715905E-04
  0.265625000      0.578125000      -1.56936999E-02  0.125154808      -1.60415238E-03
  0.296875000      0.578125000      -1.73096377E-02  0.130340993      -2.81784660E-03
  0.328125000      0.578125000      -1.86913554E-02  0.134924844      -4.33867844E-03
  0.359375000      0.578125000      -1.99082401E-02  0.138156861      -6.20407797E-03
  0.390625000      0.578125000      -2.10485198E-02  0.139183819      -8.43104348E-03
  0.421875000      0.578125000      -2.22091042E-02  0.137146086      -1.10043976E-02
  0.453125000      0.578125000      -2.34911330E-02  0.131284222      -1.38660651E-02
  0.484375000      0.578125000      -2.50008442E-02  0.121012792      -1.69086829E-02
  0.515625000      0.578125000      -2.68495362E-02  0.105979428      -1.99742969E-02
  0.546875000      0.578125000      -2.91565713E-02   8.61121714E-02  -2.28632353E-02
  0.578125000      0.578125000      -3.20537314E-02   6.16581514E-02  -2.53511053E-02
  0.609375000      0.578125000      -3.56808454E-02   3.32098678E-02  -2.72163134E-02
  0.640625000      0.578125000      -4.01470885E-02   1.70627260E-03  -2.82755569E-02
  0.671875000      0.578125000      -4.53998670E-02  -3.14857215E-02  -2.85644084E-02
  0.703125000      0.578125000      -5.17122224E-02  -6.46815151E-02  -2.80057490E-02
  0.734375000      0.578125000      -5.97019345E-02  -9.83934253E-02  -2.67101862E-02
  0.765625000      0.578125000      -6.94888905E-02 -0.134519517      -2.47480143E-02
  0.796875000      0.578125000      -8.03020597E-02 -0.175141484      -2.21333373E-02
  0.828125000      0.578125000      -9.00649652E-02 -0.221371472      -1.88582875E-02
  0.859375000      0.578125000      -9.53491330E-02 -0.270430803      -1.50101483E-02
  0.890625000      0.578125000      -9.20994729E-02 -0.313229918      -1.09565286E-02
  0.921875000      0.578125000      -7.68328756E-02 -0.331296444      -7.47875869E-03
  0.953125000      0.578125000      -4.87645045E-02 -0.291464120      -5.60292508E-03
  0.984375000      0.578125000      -1.58440210E-02 -0.137444139      -5.75070363E-03
   1.56250000E-02  0.609375000       4.95431705E-05   2.80988645E-02   1.02591421E-03
   4.68750000E-02  0.609375000      -1.62699682E-04   6.46447539E-02   9.84933926E-04
   7.81250000E-02  0.609375000      -1.04728073E-03   8.66018236E-02   8.76145088E-04
  0.109375000      0.609375000      -2.49585626E-03   9.92114991E-02   6.86447660E-04
  0.140625000      0.609375000      -4.17458732E-03  0.106752187       3.98822478E-04
  0.171875000      0.609375000      -5.77345490E-03  0.112031519      -6.49914637E-06
  0.203125000      0.609375000      -7.07417540E-03  0.116625637      -5.54312486E-04
  0.234375000      0.609375000      -7.94921536E-03  0.121260650      -1.27722241E-03
  0.265625000      0.609375000      -8.34493805E-03  0.126104519      -2.21573561E-03
  0.296875000      0.609375000      -8.26519914E-03  0.130928606      -3.41462297E-03
  0.328125000      0.609375000      -7.75682833E-03  0.135212094      -4.91791591E-03
  0.359375000      0.609375000      -6.90547144E-03  0.138237059      -6.76239002E-03
  0.390625000      0.609375000      -5.83176361E-03  0.139172509      -8.96427967E-03
  0.421875000      0.609375000      -4.67484444E-03  0.137163728      -1.15085989E-02
  0.453125000      0.609375000      -3.58958403E-03  0.131466284      -1.43418303E-02
  0.484375000      0.609375000      -2.75103701E-03  0.121504918      -1.73611119E-02
  0.515625000      0.609375000      -2.35011987E-03  0.106937960      -2.04138905E-02
  0.546875000      0.609375000      -2.59644096E-03   8.77095163E-02  -2.33047139E-02
  0.578125000      0.609375000      -3.73081677E-03   6.40943050E-02  -2.58117598E-02
  0.609375000      0.609375000      -6.05115714E-03   3.67224216E-02  -2.77111344E-02
  0.640625000      0.609375000      -9.90188401E-03   6.51115505E-03  -2.88063064E-02
  0.671875000      0.609375000      -1.52393011E-02  -2.57006362E-02  -2.91086696E-02
  0.703125000      0.609375000      -2.21724175E-02  -5.72219193E-02  -2.85997149E-02
  0.734375000      0.609375000      -3.13359164E-02  -8.87009650E-02  -2.74348222E-02
  0.765625000      0.609375000      -4.30263057E-02 -0.122735903      -2.56887376E-02
  0.796875000      0.609375000      -5.68824410E-02 -0.162256986      -2.33766809E-02
  0.828125000      0.609375000      -7.11172968E-02 -0.210259199      -2.04396620E-02
  0.859375000      0.609375000      -8.20334554E-02 -0.265343428      -1.68461483E-02
  0.890625000      0.609375000      -8.48283917E-02 -0.318772435      -1.28234252E-02
  0.921875000      0.609375000      -7.49482438E-02 -0.350900888      -9.08206403E-03
  0.953125000      0.609375000      -5.02464734E-02 -0.324629843      -6.77162409E-03
  0.984375000      0.609375000      -1.70785934E-02 -0.170366749      -6.64902944E-03
   1.56250000E-02  0.640625000       9.72708804E-05   2.79519577E-02   3.45224806E-04
   4.68750000E-02  0.640625000       7.40914838E-05   6.50268719E-02   3.11095791E-04
   7.81250000E-02  0.640625000      -4.21106000E-04   8.75992626E-02   2.21680530E-04
  0.109375000      0.640625000      -1.28274062E-03  0.100524098       6.06994217E-05
  0.140625000      0.640625000      -2.20048008E-03  0.108035967      -1.92309555E-04
  0.171875000      0.640625000      -2.87314970E-03  0.113019302      -5.59516076E-04
  0.203125000      0.640625000      -3.08157364E-03  0.117147185      -1.06763444E-03
  0.234375000      0.640625000      -2.69148825E-03  0.121224463      -1.74916931E-03
  0.265625000      0.640625000      -1.64543488E-03  0.125491053      -2.64370488E-03
  0.296875000      0.640625000       5.56116574E-05  0.129762262      -3.79226729E-03
  0.328125000      0.640625000       2.36238190E-03  0.133564606      -5.23391133E-03
  0.359375000      0.640625000       5.17479330E-03  0.136222452      -7.00446498E-03
  0.390625000      0.640625000       8.34979862E-03  0.136940449      -9.12173372E-03
  0.421875000      0.640625000       1.17020570E-02  0.134888992      -1.15747405E-02
  0.453125000      0.640625000       1.50133520E-02  0.129347056      -1.43100265E-02
  0.484375000      0.640625000       1.80412345E-02  0.119760349      -1.72270872E-02
  0.515625000      0.640625000       2.05193534E-02  0.105805963      -2.01773867E-02
  0.546875000      0.640625000       2.21606866E-02   8.74485821E-02  -2.29710490E-02
  0.578125000      0.640625000       2.26608589E-02   6.49909228E-02  -2.53933221E-02
  0.609375000      0.640625000       2.17030663E-02   3.91046628E-02  -2.72309892E-02
  0.640625000      0.640625000       1.89447515E-02   1.07378755E-02  -2.83037927E-02
  0.671875000      0.640625000       1.39070675E-02  -1.95530392E-02  -2.86397710E-02
  0.703125000      0.640625000       6.38197176E-03  -4.89126295E-02  -2.82347128E-02
  0.734375000      0.640625000      -3.69728776E-03  -7.77691826E-02  -2.71962471E-02
  0.765625000      0.640625000      -1.66185666E-02 -0.109057829      -2.56274678E-02
  0.796875000      0.640625000      -3.26369703E-02 -0.146062300      -2.35981867E-02
  0.828125000      0.640625000      -5.06094918E-02 -0.194248080      -2.10317131E-02
  0.859375000      0.640625000      -6.68020174E-02 -0.254247069      -1.77853219E-02
  0.890625000      0.640625000      -7.57009909E-02 -0.318175733      -1.39211528E-02
  0.921875000      0.640625000      -7.16056749E-02 -0.365473628      -1.00253746E-02
  0.953125000      0.640625000      -5.08812033E-02 -0.355483711      -7.32130604E-03
  0.984375000      0.640625000      -1.80583857E-02 -0.205503821      -6.90771826E-03
   1.56250000E-02  0.671875000       7.98102192E-05   2.77747940E-02  -2.90710013E-04
   4.68750000E-02  0.671875000       7.17002040E-05   6.52351305E-02  -3.19523067E-04
   7.81250000E-02  0.671875000      -2.29560479E-04   8.81872624E-02  -3.80646728E-04
  0.109375000      0.671875000      -6.47010515E-04  0.101215020      -4.96653956E-04
  0.140625000      0.671875000      -8.92827869E-04  0.108508490      -6.93646027E-04
  0.171875000      0.671875000      -6.94078743E-04  0.113020673      -9.99673037E-04
  0.203125000      0.671875000       1.47747865E-04  0.116512507      -1.44348841E-03
  0.234375000      0.671875000       1.75514561E-03  0.119861938      -2.05606641E-03
  0.265625000      0.671875000       4.18507028E-03  0.123378105      -2.87366752E-03
  0.296875000      0.671875000       7.43012037E-03  0.126929909      -3.93854361E-03
  0.328125000      0.671875000       1.14263874E-02  0.130095065      -5.28881000E-03
  0.359375000      0.671875000       1.60597079E-02  0.132247746      -6.95699267E-03
  0.390625000      0.671875000       2.11612135E-02  0.132640451      -8.95879325E-03
  0.421875000      0.671875000       2.65057124E-02  0.130494297      -1.12821143E-02
  0.453125000      0.671875000       3.18188630E-02  0.125119537      -1.38750635E-02
  0.484375000      0.671875000       3.67892794E-02  0.115991831      -1.66404657E-02
  0.515625000      0.671875000       4.10739481E-02  0.102813780      -1.94347240E-02
  0.546875000      0.671875000       4.43049297E-02   8.55701491E-02  -2.20751800E-02
  0.578125000      0.671875000       4.60996330E-02   6.45756125E-02  -2.43573375E-02
  0.609375000      0.671875000       4.60738242E-02   4.05039527E-02  -2.60813124E-02
  0.640625000      0.671875000       4.38431650E-02   1.43271312E-02  -2.70856321E-02
  0.671875000      0.671875000       3.89159285E-02  -1.31784761E-02  -2.73232497E-02
  0.703125000      0.671875000       3.13009918E-02  -4.01487723E-02  -2.69425157E-02
  0.734375000      0.671875000       2.13662442E-02  -6.65210038E-02  -2.59973370E-02
  0.765625000      0.671875000       8.37784819E-03  -9.43984613E-02  -2.46573947E-02
  0.796875000      0.671875000      -8.74912739E-03 -0.127578393      -2.29282696E-02
  0.828125000      0.671875000      -2.94036660E-02 -0.174106866      -2.06971951E-02
  0.859375000      0.671875000      -5.01792021E-02 -0.237421900      -1.78182237E-02
  0.890625000      0.671875000      -6.49946406E-02 -0.311287820      -1.41717726E-02
  0.921875000      0.671875000      -6.69339746E-02 -0.374518514      -1.01762749E-02
  0.953125000      0.671875000      -5.07244058E-02 -0.383373559      -7.08271004E-03
  0.984375000      0.671875000      -1.87996291E-02 -0.242362022      -6.34354167E-03
   1.56250000E-02  0.703125000      -3.79217418E-05   2.77328156E-02  -8.87124334E-04
   4.68750000E-02  0.703125000      -2.61096313E-04   6.55081868E-02  -9.08021699E-04
   7.81250000E-02  0.703125000      -6.11180323E-04   8.85653198E-02  -9.31508257E-04
  0.109375000      0.703125000      -7.66660436E-04  0.101409674      -9.82946483E-04
  0.140625000      0.703125000      -4.46088059E-04  0.108238906      -1.09973038E-03
  0.171875000      0.703125000       5.67341980E-04  0.112077981      -1.31844706E-03
  0.203125000      0.703125000       2.42383406E-03  0.114756890      -1.66930561E-03
  0.234375000      0.703125000       5.21452911E-03  0.117219627      -2.18694611E-03
  0.265625000      0.703125000       8.97230953E-03  0.119833075      -2.90700002E-03
  0.296875000      0.703125000       1.36738513E-02  0.122528955      -3.86767043E-03
  0.328125000      0.703125000       1.92400664E-02  0.124934420      -5.10549033E-03
  0.359375000      0.703125000       2.55364589E-02  0.126479864      -6.64972328E-03
  0.390625000      0.703125000       3.23677436E-02  0.126477033      -8.51354003E-03
  0.421875000      0.703125000       3.94727476E-02  0.124209955      -1.06834397E-02
  0.453125000      0.703125000       4.65284809E-02  0.119036898      -1.31085934E-02
  0.484375000      0.703125000       5.31612337E-02  0.110473201      -1.56950243E-02
  0.515625000      0.703125000       5.89573011E-02   9.82534215E-02  -1.83054022E-02
  0.546875000      0.703125000       6.34743199E-02   8.23838934E-02  -2.07659174E-02
  0.578125000      0.703125000       6.62565902E-02   6.31857291E-02  -2.28847191E-02
  0.609375000      0.703125000       6.68582171E-02   4.13181484E-02  -2.44766083E-02
  0.640625000      0.703125000       6.48773015E-02   1.77239217E-02  -2.53972914E-02
  0.671875000      0.703125000       5.99772632E-02  -6.74919225E-03  -2.55741831E-02
  0.703125000      0.703125000       5.22212163E-02  -3.12087592E-02  -2.51971781E-02
  0.734375000      0.703125000       4.19662520E-02  -5.52733541E-02  -2.42876951E-02
  0.765625000      0.703125000       2.92104315E-02  -7.99041390E-02  -2.29872037E-02
  0.796875000      0.703125000       1.30194053E-02 -0.108756974      -2.14227196E-02
  0.828125000      0.703125000      -8.27358849E-03 -0.150982901      -1.95852779E-02
  0.859375000      0.703125000      -3.25760655E-02 -0.215469807      -1.70273166E-02
  0.890625000      0.703125000      -5.28392121E-02 -0.298162997      -1.35690179E-02
  0.921875000      0.703125000      -6.09237626E-02 -0.377620757      -9.42844339E-03
  0.953125000      0.703125000      -4.97448817E-02 -0.407660782      -5.86592127E-03
  0.984375000      0.703125000      -1.92916337E-02 -0.280453622      -4.72540874E-03
   1.56250000E-02  0.734375000      -2.87388189E-04   2.80580241E-02  -1.45076972E-03
   4.68750000E-02  0.734375000      -1.04016939E-03   6.61586970E-02  -1.46571244E-03
   7.81250000E-02  0.734375000      -1.75574864E-03   8.89802128E-02  -1.43728754E-03
  0.109375000      0.734375000      -1.85636873E-03  0.101250634      -1.39964011E-03
  0.140625000      0.734375000      -1.07332005E-03  0.107294083      -1.40762643E-03
  0.171875000      0.734375000       7.18375086E-04  0.110217482      -1.51106529E-03
  0.203125000      0.734375000       3.57736950E-03  0.111901797      -1.74588279E-03
  0.234375000      0.734375000       7.53239589E-03  0.113329008      -2.14731018E-03
  0.265625000      0.734375000       1.25785004E-02  0.114919975      -2.75142235E-03
  0.296875000      0.734375000       1.86623596E-02  0.116657034      -3.59385856E-03
  0.328125000      0.734375000       2.56833583E-02  0.118219763      -4.70760977E-03
  0.359375000      0.734375000       3.34858596E-02  0.119096540      -6.11826777E-03
  0.390625000      0.734375000       4.18499745E-02  0.118666157      -7.83584174E-03
  0.421875000      0.734375000       5.04837856E-02  0.116283484      -9.84508544E-03
  0.453125000      0.734375000       5.90246320E-02  0.111368418      -1.20961647E-02
  0.484375000      0.734375000       6.70492724E-02  0.103485882      -1.44986790E-02
  0.515625000      0.734375000       7.40884542E-02   9.24069434E-02  -1.69222672E-02
  0.546875000      0.734375000       7.96445832E-02   7.81583488E-02  -1.92033760E-02
  0.578125000      0.734375000       8.32166374E-02   6.10575825E-02  -2.11626589E-02
  0.609375000      0.734375000       8.43387246E-02   4.17226106E-02  -2.26300545E-02
  0.640625000      0.734375000       8.26351643E-02   2.10033096E-02  -2.34751683E-02
  0.671875000      0.734375000       7.78390169E-02  -3.33603239E-04  -2.36336906E-02
  0.703125000      0.734375000       7.00184703E-02  -2.20494233E-02  -2.32419912E-02
  0.734375000      0.734375000       5.94801679E-02  -4.36414108E-02  -2.23411899E-02
  0.765625000      0.734375000       4.64480892E-02  -6.57503456E-02  -2.10477747E-02
  0.796875000      0.734375000       3.08233984E-02  -9.10972804E-02  -1.94909722E-02
  0.828125000      0.734375000       1.09981792E-02 -0.127526581      -1.77575666E-02
  0.859375000      0.734375000      -1.42250443E-02 -0.189402521      -1.55592859E-02
  0.890625000      0.734375000      -3.90978679E-02 -0.279096186      -1.21545959E-02
  0.921875000      0.734375000      -5.33001497E-02 -0.374402285      -7.68874772E-03
  0.953125000      0.734375000      -4.77337092E-02 -0.427625924      -3.42569640E-03
  0.984375000      0.734375000      -1.94654185E-02 -0.319211096      -1.72399101E-03
   1.56250000E-02  0.765625000      -7.38443225E-04   2.90837362E-02  -2.00099405E-03
   4.68750000E-02  0.765625000      -2.46092398E-03   6.76079765E-02  -2.01240554E-03
   7.81250000E-02  0.765625000      -3.92700173E-03   8.97122771E-02  -1.91065879E-03
  0.109375000      0.765625000      -4.17961553E-03  0.100871481      -1.75126526E-03
  0.140625000      0.765625000      -3.00300075E-03  0.105713263      -1.61682325E-03
  0.171875000      0.765625000      -4.27963096E-04  0.107431278      -1.57817407E-03
  0.203125000      0.765625000       3.46198911E-03  0.107938796      -1.67512172E-03
  0.234375000      0.765625000       8.60019680E-03  0.108198583      -1.94315647E-03
  0.265625000      0.765625000       1.49247777E-02  0.108679652      -2.41994811E-03
  0.296875000      0.765625000       2.23404355E-02  0.109397985      -3.13813100E-03
  0.328125000      0.765625000       3.07200421E-02  0.110078603      -4.12631221E-03
  0.359375000      0.765625000       3.98883931E-02  0.110267505      -5.40543394E-03
  0.390625000      0.765625000       4.96060699E-02  0.109414309      -6.98211044E-03
  0.421875000      0.765625000       5.95585592E-02  0.106950171      -8.83907080E-03
  0.453125000      0.765625000       6.93554804E-02  0.102365278      -1.09273680E-02
  0.484375000      0.765625000       7.85404965E-02   9.52806771E-02  -1.31601635E-02
  0.515625000      0.765625000       8.66092741E-02   8.55053812E-02  -1.54144205E-02
  0.546875000      0.765625000       9.30341482E-02   7.30798393E-02  -1.75362881E-02
  0.578125000      0.765625000       9.72984731E-02   5.83002046E-02  -1.93593651E-02
  0.609375000      0.765625000       9.89442468E-02   4.17120978E-02  -2.07261890E-02
  0.640625000      0.765625000       9.76280123E-02   2.40330286E-02  -2.15155352E-02
  0.671875000      0.765625000       9.31506455E-02   5.90906572E-03  -2.16625333E-02
  0.703125000      0.765625000       8.55073780E-02  -1.28298234E-02  -2.12656893E-02
  0.734375000      0.765625000       7.48953521E-02  -3.17125283E-02  -2.03641541E-02
  0.765625000      0.765625000       6.16240203E-02  -5.13778478E-02  -1.90470740E-02
  0.796875000      0.765625000       4.59508076E-02  -7.41739944E-02  -1.74224302E-02
  0.828125000      0.765625000       2.76070796E-02 -0.106283054      -1.55690210E-02
  0.859375000      0.765625000       3.95432953E-03 -0.161772132      -1.34679200E-02
  0.890625000      0.765625000      -2.32128091E-02 -0.254688561      -9.95705742E-03
  0.921875000      0.765625000      -4.33511995E-02 -0.364471078      -4.82864631E-03
  0.953125000      0.765625000      -4.41710725E-02 -0.442305356       6.08698756E-04
  0.984375000      0.765625000      -1.91476438E-02 -0.357824683       3.19126388E-03
   1.56250000E-02  0.796875000      -1.52291660E-03   3.13449502E-02  -2.57484638E-03
   4.68750000E-02  0.796875000      -4.84986091E-03   7.03958571E-02  -2.58117216E-03
   7.81250000E-02  0.796875000      -7.50139449E-03   9.10416245E-02  -2.37165415E-03
  0.109375000      0.796875000      -8.05496890E-03  0.100347906      -2.04545725E-03
  0.140625000      0.796875000      -6.46070670E-03  0.103465527      -1.72805646E-03
  0.171875000      0.796875000      -3.01586138E-03  0.103658691      -1.51639385E-03
  0.203125000      0.796875000       2.00119126E-03  0.102803946      -1.46289717E-03
  0.234375000      0.796875000       8.40141810E-03  0.101794615      -1.58504979E-03
  0.265625000      0.796875000       1.60390809E-02  0.101121105      -1.93061889E-03
  0.296875000      0.796875000       2.47696545E-02  0.100810215      -2.52725650E-03
  0.328125000      0.796875000       3.44399102E-02  0.100616664      -3.39779118E-03
  0.359375000      0.796875000       4.48614694E-02  0.100139916      -4.55801701E-03
  0.390625000      0.796875000       5.57846949E-02   9.89016294E-02  -6.01065299E-03
  0.421875000      0.796875000       6.68836832E-02   9.64122266E-02  -7.73627963E-03
  0.453125000      0.796875000       7.77546167E-02   9.22363847E-02  -9.68640856E-03
  0.484375000      0.796875000       8.79263431E-02   8.60539004E-02  -1.17780883E-02
  0.515625000      0.796875000       9.68815237E-02   7.77091980E-02  -1.38943344E-02
  0.546875000      0.796875000      0.104087234       6.72462210E-02  -1.58910155E-02
  0.578125000      0.796875000      0.109035440       5.49216978E-02  -1.76123176E-02
  0.609375000      0.796875000      0.111294895       4.11853269E-02  -1.89117566E-02
  0.640625000      0.796875000      0.110568270       2.66021434E-02  -1.96747184E-02
  0.671875000      0.796875000      0.106721446       1.16631426E-02  -1.98418926E-02
  0.703125000      0.796875000       9.95727628E-02  -3.79333179E-03  -1.94213782E-02
  0.734375000      0.796875000       8.92425999E-02  -1.98085271E-02  -1.85199678E-02
  0.765625000      0.796875000       7.61412233E-02  -3.69110331E-02  -1.71563849E-02
  0.796875000      0.796875000       6.05472773E-02  -5.73756173E-02  -1.53926518E-02
  0.828125000      0.796875000       4.26331200E-02  -8.68255198E-02  -1.32436296E-02
  0.859375000      0.796875000       2.18714438E-02 -0.136817217      -1.05758663E-02
  0.890625000      0.796875000      -4.35052160E-03 -0.226256311      -7.04728020E-03
  0.921875000      0.796875000      -2.96960492E-02 -0.347421288      -6.15714351E-04
  0.953125000      0.796875000      -3.80118527E-02 -0.450221300       6.87352335E-03
  0.984375000      0.796875000      -1.79862976E-02 -0.394959241       1.09439874E-02
   1.56250000E-02  0.828125000      -2.88108224E-03   3.57487723E-02  -3.24470690E-03
   4.68750000E-02  0.828125000      -8.73802789E-03   7.51755089E-02  -3.23268725E-03
   7.81250000E-02  0.828125000      -1.29838772E-02   9.31588560E-02  -2.85310857E-03
  0.109375000      0.828125000      -1.38026103E-02   9.96024460E-02  -2.29257764E-03
  0.140625000      0.828125000      -1.15651805E-02  0.100378722      -1.74168847E-03
  0.171875000      0.828125000      -7.00158905E-03   9.87364575E-02  -1.32632803E-03
  0.203125000      0.828125000      -6.46782690E-04   9.63537097E-02  -1.11339800E-03
  0.234375000      0.828125000       7.18124164E-03   9.40160155E-02  -1.08840736E-03
  0.265625000      0.828125000       1.62351783E-02   9.22076255E-02  -1.30691635E-03
  0.296875000      0.828125000       2.63105445E-02   9.09174234E-02  -1.79327745E-03
  0.328125000      0.828125000       3.72419581E-02   8.99076462E-02  -2.56277830E-03
  0.359375000      0.828125000       4.88434471E-02   8.88259858E-02  -3.62520199E-03
  0.390625000      0.828125000       6.08696938E-02   8.72664601E-02  -4.97880997E-03
  0.421875000      0.828125000       7.29982704E-02   8.48204345E-02  -6.60238275E-03
  0.453125000      0.828125000       8.48283321E-02   8.11279565E-02  -8.44770949E-03
  0.484375000      0.828125000       9.58932564E-02   7.59265423E-02  -1.04350299E-02
  0.515625000      0.828125000      0.105684936       6.90905303E-02  -1.24526080E-02
  0.546875000      0.828125000      0.113687761       6.06570244E-02  -1.43645369E-02
  0.578125000      0.828125000      0.119421020       5.08297756E-02  -1.60235204E-02
  0.609375000      0.828125000      0.122486673       3.99521142E-02  -1.72897428E-02
  0.640625000      0.828125000      0.122612506       2.84357201E-02  -1.80504695E-02
  0.671875000      0.828125000      0.119664028       1.66239832E-02  -1.82377547E-02
  0.703125000      0.828125000      0.113544770       4.51252330E-03  -1.78325716E-02
  0.734375000      0.828125000      0.104298718      -8.53970647E-03  -1.69150457E-02
  0.765625000      0.828125000       9.21943933E-02  -2.29758825E-02  -1.54952286E-02
  0.796875000      0.828125000       7.75065124E-02  -4.10307571E-02  -1.35375932E-02
  0.828125000      0.828125000       6.05012998E-02  -6.82528764E-02  -1.09452335E-02
  0.859375000      0.828125000       4.12018970E-02 -0.115330681      -7.41671585E-03
  0.890625000      0.828125000       1.77659765E-02 -0.198086902      -2.36210856E-03
  0.921875000      0.828125000      -9.66968108E-03 -0.322811484       5.50994556E-03
  0.953125000      0.828125000      -2.72730514E-02 -0.448913902       1.65062640E-02
  0.984375000      0.828125000      -1.53103461E-02 -0.428256541       2.32007001E-02
   1.56250000E-02  0.859375000      -5.22563374E-03   4.38552834E-02  -4.16818075E-03
   4.68750000E-02  0.859375000      -1.48930885E-02   8.25929195E-02  -4.08198172E-03
   7.81250000E-02  0.859375000      -2.08489466E-02   9.59425643E-02  -3.40664713E-03
  0.109375000      0.859375000      -2.14216970E-02   9.82095376E-02  -2.50324002E-03
  0.140625000      0.859375000      -1.78859048E-02   9.59976465E-02  -1.65563822E-03
  0.171875000      0.859375000      -1.16326902E-02   9.22999233E-02  -1.01235718E-03
  0.203125000      0.859375000      -3.49662197E-03   8.82985592E-02  -6.26884052E-04
  0.234375000      0.859375000       6.09956961E-03   8.46461654E-02  -4.72766144E-04
  0.265625000      0.859375000       1.67918298E-02   8.18305612E-02  -5.77836472E-04
  0.296875000      0.859375000       2.83234809E-02   7.96869099E-02  -9.73706366E-04
  0.328125000      0.859375000       4.05592918E-02   7.79705793E-02  -1.66494667E-03
  0.359375000      0.859375000       5.33425882E-02   7.63781518E-02  -2.65533803E-03
  0.390625000      0.859375000       6.64526522E-02   7.45781362E-02  -3.93935340E-03
  0.421875000      0.859375000       7.95895830E-02   7.22436458E-02  -5.49412332E-03
  0.453125000      0.859375000       9.23760384E-02   6.90888017E-02  -7.27121253E-03
  0.484375000      0.859375000      0.104372755       6.49047345E-02  -9.19323973E-03
  0.515625000      0.859375000      0.115105309       5.95887899E-02  -1.11528635E-02
  0.546875000      0.859375000      0.124099582       5.31622469E-02  -1.30205415E-02
  0.578125000      0.859375000      0.130922824       4.57683839E-02  -1.46552417E-02
  0.609375000      0.859375000      0.135225236       3.76454741E-02  -1.59208830E-02
  0.640625000      0.859375000      0.136773348       2.90680453E-02  -1.67038515E-02
  0.671875000      0.859375000      0.135462195       2.02505067E-02  -1.69262644E-02
  0.703125000      0.859375000      0.131280035       1.11862998E-02  -1.65512022E-02
  0.734375000      0.859375000      0.124077283       1.23391894E-03  -1.55762527E-02
  0.765625000      0.859375000      0.114069931      -1.06394375E-02  -1.40854567E-02
  0.796875000      0.859375000      0.101572126      -2.61832196E-02  -1.18815228E-02
  0.828125000      0.859375000       8.66083205E-02  -5.11331707E-02  -8.64323694E-03
  0.859375000      0.859375000       6.90002441E-02  -9.55447704E-02  -3.72572266E-03
  0.890625000      0.859375000       4.73275408E-02 -0.172766149       3.99640901E-03
  0.921875000      0.859375000       1.90902483E-02 -0.292461336       1.56578496E-02
  0.953125000      0.859375000      -8.34639929E-03 -0.434226096       3.13874707E-02
  0.984375000      0.859375000      -9.84380208E-03 -0.453411400       4.29691114E-02
   1.56250000E-02  0.890625000      -9.12576541E-03   5.82064278E-02  -5.73329069E-03
   4.68750000E-02  0.890625000      -2.39297431E-02   9.27126110E-02  -5.35130594E-03
   7.81250000E-02  0.890625000      -3.05389408E-02   9.83872041E-02  -4.10271343E-03
  0.109375000      0.890625000      -2.91682575E-02   9.49661434E-02  -2.67260545E-03
  0.140625000      0.890625000      -2.27300171E-02   8.92660916E-02  -1.44960091E-03
  0.171875000      0.890625000      -1.35031566E-02   8.35504010E-02  -5.69948228E-04
  0.203125000      0.890625000      -2.52877478E-03   7.79365897E-02  -1.50193755E-05
  0.234375000      0.890625000       9.59660206E-03   7.32855499E-02   2.51532387E-04
  0.265625000      0.890625000       2.23682374E-02   6.97263479E-02   2.27328535E-04
  0.296875000      0.890625000       3.56875248E-02   6.69394135E-02  -1.05823608E-04
  0.328125000      0.890625000       4.94863726E-02   6.46828413E-02  -7.45837344E-04
  0.359375000      0.890625000       6.36605546E-02   6.27080798E-02  -1.69204874E-03
  0.390625000      0.890625000       7.80385137E-02   6.07601330E-02  -2.93619884E-03
  0.421875000      0.890625000       9.23704728E-02   5.85929528E-02  -4.45365626E-03
  0.453125000      0.890625000      0.106332682       5.59912398E-02  -6.19633682E-03
  0.484375000      0.890625000      0.119544625       5.27941920E-02  -8.08807742E-03
  0.515625000      0.890625000      0.131596357       4.89156395E-02  -1.00248121E-02
  0.546875000      0.890625000      0.142083198       4.43548039E-02  -1.18813096E-02
  0.578125000      0.890625000      0.150643051       3.91930752E-02  -1.35206347E-02
  0.609375000      0.890625000      0.156989902       3.35715823E-02  -1.48092750E-02
  0.640625000      0.890625000      0.160936713       2.76466850E-02  -1.56308170E-02
  0.671875000      0.890625000      0.162399560       2.15194635E-02  -1.58955846E-02
  0.703125000      0.890625000      0.161375552       1.51224695E-02  -1.55425593E-02
  0.734375000      0.890625000      0.157869384       8.00539181E-03  -1.45285027E-02
  0.765625000      0.890625000      0.151642025      -1.17771002E-03  -1.27954297E-02
  0.796875000      0.890625000      0.142742574      -1.42493676E-02  -1.02982847E-02
  0.828125000      0.890625000      0.131320015      -3.66824009E-02  -6.11008424E-03
  0.859375000      0.890625000      0.116335660      -7.74049759E-02   9.33703210E-04
  0.890625000      0.890625000       9.49214846E-02 -0.147821069       1.27717247E-02
  0.921875000      0.890625000       6.33561909E-02 -0.257606030       3.13179865E-02
  0.953125000      0.890625000       2.33879611E-02 -0.401678801       5.55994660E-02
  0.984375000      0.890625000       1.09037652E-03 -0.462165684       7.56298825E-02
   1.56250000E-02  0.921875000      -1.45599470E-02   8.18918347E-02  -9.00246017E-03
   4.68750000E-02  0.921875000      -3.35234478E-02  0.102793977      -7.39860628E-03
   7.81250000E-02  0.921875000      -3.56397033E-02   9.70304385E-02  -4.95352224E-03
  0.109375000      0.921875000      -2.75723785E-02   8.68839175E-02  -2.69875885E-03
  0.140625000      0.921875000      -1.44412108E-02   7.77777955E-02  -1.02371094E-03
  0.171875000      0.921875000       9.45263542E-04   7.04241544E-02   4.17600822E-05
  0.203125000      0.921875000       1.69871766E-02   6.40453026E-02   7.51942687E-04
  0.234375000      0.921875000       3.29950564E-02   5.90423457E-02   1.09098200E-03
  0.265625000      0.921875000       4.90383916E-02   5.51534370E-02   1.10276474E-03
  0.296875000      0.921875000       6.51744008E-02   5.20560518E-02   7.96090288E-04
  0.328125000      0.921875000       8.14129114E-02   4.95280772E-02   1.75547044E-04
  0.359375000      0.921875000       9.77256298E-02   4.73754331E-02  -7.55771296E-04
  0.390625000      0.921875000      0.114024818       4.54154015E-02  -1.98804704E-03
  0.421875000      0.921875000      0.130153269       4.34773564E-02  -3.49519937E-03
  0.453125000      0.921875000      0.145886868       4.14113179E-02  -5.22936834E-03
  0.484375000      0.921875000      0.160948873       3.91006097E-02  -7.11507490E-03
  0.515625000      0.921875000      0.175033718       3.64731848E-02  -9.05087218E-03
  0.546875000      0.921875000      0.187836409       3.35082114E-02  -1.09142885E-02
  0.578125000      0.921875000      0.199082941       3.02336253E-02  -1.25718955E-02
  0.609375000      0.921875000      0.208555400       2.67117918E-02  -1.38912629E-02
  0.640625000      0.921875000      0.216104820       2.30099782E-02  -1.47526637E-02
  0.671875000      0.921875000      0.221645713       1.91517863E-02  -1.50546115E-02
  0.703125000      0.921875000      0.225124821       1.50340367E-02  -1.47078279E-02
  0.734375000      0.921875000      0.226451680       1.02719385E-02  -1.36126988E-02
  0.765625000      0.921875000      0.225373328       3.85998306E-03  -1.15943234E-02
  0.796875000      0.921875000      0.221828520      -6.84447540E-03  -8.49826727E-03
  0.828125000      0.921875000      0.215248466      -2.60864496E-02  -2.78849248E-03
  0.859375000      0.921875000      0.202940941      -6.07109927E-02   7.48557132E-03
  0.890625000      0.921875000      0.179629102     -0.119791165       2.54136100E-02
  0.921875000      0.921875000      0.138749987     -0.213193834       5.43020479E-02
  0.953125000      0.921875000       7.80230612E-02 -0.345398247       9.38450694E-02
  0.984375000      0.921875000       2.14742459E-02 -0.439601928      0.129728451    
   1.56250000E-02  0.953125000      -1.46833649E-02  0.111134812      -1.68774445E-02
   4.68750000E-02  0.953125000      -2.18351465E-02   9.96655002E-02  -1.01159513E-02
   7.81250000E-02  0.953125000      -7.94595573E-04   8.12336653E-02  -5.39819244E-03
  0.109375000      0.953125000       2.67053153E-02   6.71123415E-02  -2.13237549E-03
  0.140625000      0.953125000       5.40776029E-02   5.70446588E-02  -9.87131352E-05
  0.171875000      0.953125000       8.01121145E-02   4.97349426E-02   1.14946580E-03
  0.203125000      0.953125000      0.104673840       4.41294573E-02   1.86681934E-03
  0.234375000      0.953125000      0.127858415       3.97643298E-02   2.18135514E-03
  0.265625000      0.953125000      0.149913698       3.63315269E-02   2.15708418E-03
  0.296875000      0.953125000      0.171077043       3.35775092E-02   1.81575166E-03
  0.328125000      0.953125000      0.191521704       3.13225277E-02   1.16412295E-03
  0.359375000      0.953125000      0.211362034       2.94272490E-02   2.06622499E-04
  0.390625000      0.953125000      0.230652183       2.77738571E-02  -1.04765827E-03
  0.421875000      0.953125000      0.249384254       2.62583662E-02  -2.57162168E-03
  0.453125000      0.953125000      0.267490476       2.47906875E-02  -4.31810692E-03
  0.484375000      0.953125000      0.284852058       2.32980046E-02  -6.21336512E-03
  0.515625000      0.953125000      0.301314116       2.17293464E-02  -8.15801602E-03
  0.546875000      0.953125000      0.316705644       2.00582612E-02  -1.00329099E-02
  0.578125000      0.953125000      0.330860853       1.82821658E-02  -1.17076254E-02
  0.609375000      0.953125000      0.343636692       1.64150372E-02  -1.30519569E-02
  0.640625000      0.953125000      0.354921222       1.44725777E-02  -1.39430612E-02
  0.671875000      0.953125000      0.364625037       1.24438340E-02  -1.42671149E-02
  0.703125000      0.953125000      0.372651041       1.02359680E-02  -1.39064584E-02
  0.734375000      0.953125000      0.378849387       7.54367979E-03  -1.26981745E-02
  0.765625000      0.953125000      0.383034468       3.48003511E-03  -1.03492690E-02
  0.796875000      0.953125000      0.384424984      -4.31194995E-03  -5.96678117E-03
  0.828125000      0.953125000      0.380640268      -1.82560235E-02   2.14017555E-03
  0.859375000      0.953125000      0.366960585      -4.25562188E-02   1.68540757E-02
  0.890625000      0.953125000      0.335731506      -8.34071785E-02   4.26722988E-02
  0.921875000      0.953125000      0.276540756     -0.149510324       8.50740001E-02
  0.953125000      0.953125000      0.179658741     -0.251475304      0.147033423    
  0.984375000      0.953125000       6.04045428E-02 -0.357724011      0.214473635    
   1.56250000E-02  0.984375000       6.29088953E-02   6.29089996E-02  -3.42326239E-02
   4.68750000E-02  0.984375000      0.171884477       4.60668430E-02  -9.15078074E-03
   7.81250000E-02  0.984375000      0.251813203       3.38622220E-02  -1.70000875E-03
  0.109375000      0.984375000      0.312235594       2.65605450E-02   1.28732156E-03
  0.140625000      0.984375000      0.360627174       2.18314864E-02   2.77242600E-03
  0.171875000      0.984375000      0.400998861       1.85407046E-02   3.56247718E-03
  0.203125000      0.984375000      0.435649276       1.61102619E-02   3.92422453E-03
  0.234375000      0.984375000      0.466002941       1.42439771E-02   3.96589888E-03
  0.265625000      0.984375000      0.493022412       1.27759688E-02   3.73009080E-03
  0.296875000      0.984375000      0.517394543       1.15965921E-02   3.22370371E-03
  0.328125000      0.984375000      0.539621592       1.06308479E-02   2.44240416E-03
  0.359375000      0.984375000      0.560075879       9.82368644E-03   1.38277141E-03
  0.390625000      0.984375000      0.579031050       9.13168211E-03   4.69665392E-05
  0.421875000      0.984375000      0.596681118       8.51837918E-03  -1.53965480E-03
  0.453125000      0.984375000      0.613152564       7.95307755E-03  -3.33359302E-03
  0.484375000      0.984375000      0.628516316       7.41055934E-03  -5.26561681E-03
  0.515625000      0.984375000      0.642799258       6.87219435E-03  -7.23975152E-03
  0.546875000      0.984375000      0.655997515       6.32593920E-03  -9.13984422E-03
  0.578125000      0.984375000      0.668090224       5.76674426E-03  -1.08416146E-02
  0.609375000      0.984375000      0.679050922       5.19396411E-03  -1.22157587E-02
  0.640625000      0.984375000      0.688852370       4.60753683E-03  -1.31370258E-02
  0.671875000      0.984375000      0.697458267       3.99859250E-03  -1.34826694E-02
  0.703125000      0.984375000      0.704784632       3.32809961E-03  -1.31051131E-02
  0.734375000      0.984375000      0.710574627       2.46228371E-03  -1.17445774E-02
  0.765625000      0.984375000      0.713993132       9.56663163E-04  -8.74232966E-03
  0.796875000      0.984375000      0.712880909      -2.06831959E-03  -2.64739757E-03
  0.828125000      0.984375000      0.703488111      -7.32376846E-03   8.01163539E-03
  0.859375000      0.984375000      0.679920614      -1.62430163E-02   2.69728899E-02
  0.890625000      0.984375000      0.632552147      -3.11246812E-02   5.98152764E-02
  0.921875000      0.984375000      0.545687318      -5.57392947E-02  0.113948487    
  0.953125000      0.984375000      0.393633991      -9.63131487E-02  0.196785524    
  0.984375000      0.984375000      0.148660198     -0.148659959      0.308585286    
