 VARIABLES="X","Y","U","V","P"
 ZONE F=POINT, I=          32 , J=          32
   1.56250000E-02   1.56250000E-02   7.80367554E-05  -7.85568918E-05   1.24994125E-02
   4.68750000E-02   1.56250000E-02   1.46021819E-04   9.35978824E-06   1.22873159E-02
   7.81250000E-02   1.56250000E-02  -2.94298225E-05   1.64729659E-04   1.18798092E-02
  0.109375000       1.56250000E-02  -5.10334445E-04   3.14863923E-04   1.14049036E-02
  0.140625000       1.56250000E-02  -1.26167363E-03   4.35226772E-04   1.09572373E-02
  0.171875000       1.56250000E-02  -2.21923925E-03   5.21156064E-04   1.05971405E-02
  0.203125000       1.56250000E-02  -3.31682689E-03   5.75312471E-04   1.03597436E-02
  0.234375000       1.56250000E-02  -4.49543493E-03   6.02235203E-04   1.02640828E-02
  0.265625000       1.56250000E-02  -5.70475310E-03   6.06076210E-04   1.03198187E-02
  0.296875000       1.56250000E-02  -6.90159993E-03   5.89810428E-04   1.05313901E-02
  0.328125000       1.56250000E-02  -8.04751087E-03   5.55178849E-04   1.09000430E-02
  0.359375000       1.56250000E-02  -9.10655223E-03   5.02971350E-04   1.14242760E-02
  0.390625000       1.56250000E-02  -1.00438464E-02   4.33453242E-04   1.20992502E-02
  0.421875000       1.56250000E-02  -1.08249690E-02   3.46813351E-04   1.29155982E-02
  0.453125000       1.56250000E-02  -1.14162154E-02   2.43578281E-04   1.38579998E-02
  0.484375000       1.56250000E-02  -1.17856162E-02   1.24964296E-04   1.49037661E-02
  0.515625000       1.56250000E-02  -1.19047668E-02  -6.68444864E-06   1.60215702E-02
  0.546875000       1.56250000E-02  -1.17522692E-02  -1.46701990E-04   1.71670932E-02
  0.578125000       1.56250000E-02  -1.13170557E-02  -2.89417687E-04   1.82901286E-02
  0.609375000       1.56250000E-02  -1.06010158E-02  -4.27540479E-04   1.93385556E-02
  0.640625000       1.56250000E-02  -9.62220877E-03  -5.52189071E-04   2.02587452E-02
  0.671875000       1.56250000E-02  -8.41735490E-03  -6.53576921E-04   2.10000537E-02
  0.703125000       1.56250000E-02  -7.04265339E-03  -7.22015102E-04   2.15203203E-02
  0.734375000       1.56250000E-02  -5.57235209E-03  -7.49136962E-04   2.17916518E-02
  0.765625000       1.56250000E-02  -4.09477670E-03  -7.29231280E-04   2.18055993E-02
  0.796875000       1.56250000E-02  -2.70579429E-03  -6.60471909E-04   2.15769596E-02
  0.828125000       1.56250000E-02  -1.50006416E-03  -5.45896241E-04   2.11454909E-02
  0.859375000       1.56250000E-02  -5.60615212E-04  -3.94107105E-04   2.05753539E-02
  0.890625000       1.56250000E-02   5.31752157E-05  -2.20158094E-04   1.99524462E-02
  0.921875000       1.56250000E-02   3.20960331E-04  -4.80337767E-05   1.93796922E-02
  0.953125000       1.56250000E-02   2.86175549E-04   8.24603194E-05   1.89686548E-02
  0.984375000       1.56250000E-02   1.01772806E-04   1.01668717E-04   1.88180245E-02
   1.56250000E-02   4.68750000E-02  -9.14146949E-06  -1.48685649E-04   1.27119245E-02
   4.68750000E-02   4.68750000E-02  -2.86526221E-04   2.86077557E-04   1.24956723E-02
   7.81250000E-02   4.68750000E-02  -1.16106286E-03   9.34892567E-04   1.21587347E-02
  0.109375000       4.68750000E-02  -2.69994233E-03   1.56148663E-03   1.17809521E-02
  0.140625000       4.68750000E-02  -4.83584916E-03   2.07298156E-03   1.14264805E-02
  0.171875000       4.68750000E-02  -7.44220242E-03   2.44459021E-03   1.11407097E-02
  0.203125000       4.68750000E-02  -1.03762262E-02   2.68089771E-03   1.09531414E-02
  0.234375000       4.68750000E-02  -1.34998076E-02   2.79637566E-03   1.08819362E-02
  0.265625000       4.68750000E-02  -1.66869462E-02   2.80604977E-03   1.09379068E-02
  0.296875000       4.68750000E-02  -1.98241640E-02   2.72166915E-03   1.11272633E-02
  0.328125000       4.68750000E-02  -2.28079874E-02   2.55091605E-03   1.14530046E-02
  0.359375000       4.68750000E-02  -2.55419686E-02   2.29819794E-03   1.19152116E-02
  0.390625000       4.68750000E-02  -2.79346332E-02   1.96618470E-03   1.25105502E-02
  0.421875000       4.68750000E-02  -2.98989341E-02   1.55754632E-03   1.32313026E-02
  0.453125000       4.68750000E-02  -3.13534066E-02   1.07662170E-03   1.40642039E-02
  0.484375000       4.68750000E-02  -3.22249345E-02   5.30910853E-04   1.49893938E-02
  0.515625000       4.68750000E-02  -3.24529782E-02  -6.73932736E-05   1.59797315E-02
  0.546875000       4.68750000E-02  -3.19946483E-02  -6.98797463E-04   1.69931259E-02
  0.578125000       4.68750000E-02  -3.08310185E-02  -1.33817422E-03   1.79846920E-02
  0.609375000       4.68750000E-02  -2.89744418E-02  -1.95341976E-03   1.89089440E-02
  0.640625000       4.68750000E-02  -2.64750980E-02  -2.50648125E-03   1.97193306E-02
  0.671875000       4.68750000E-02  -2.34251507E-02  -2.95608072E-03   2.03724988E-02
  0.703125000       4.68750000E-02  -1.99595988E-02  -3.26170586E-03   2.08331794E-02
  0.734375000       4.68750000E-02  -1.62526481E-02  -3.38854827E-03   2.10791528E-02
  0.765625000       4.68750000E-02  -1.25088021E-02  -3.31296818E-03   2.11055148E-02
  0.796875000       4.68750000E-02  -8.94832239E-03  -3.02776624E-03   2.09274739E-02
  0.828125000       4.68750000E-02  -5.78742428E-03  -2.54662288E-03   2.05810834E-02
  0.859375000       4.68750000E-02  -3.21405218E-03  -1.90741778E-03   2.01216675E-02
  0.890625000       4.68750000E-02  -1.36021338E-03  -1.17552432E-03   1.96200144E-02
  0.921875000       4.68750000E-02  -2.71063269E-04  -4.50505730E-04   1.91566385E-02
  0.953125000       4.68750000E-02   1.30640852E-04   1.17212243E-04   1.88140403E-02
  0.984375000       4.68750000E-02   8.90686715E-05   2.92261189E-04   1.86673999E-02
   1.56250000E-02   7.81250000E-02  -1.74864341E-04   3.38701793E-05   1.31298732E-02
   4.68750000E-02   7.81250000E-02  -9.84067447E-04   1.18686561E-03   1.28246900E-02
   7.81250000E-02   7.81250000E-02  -2.73664109E-03   2.65767891E-03   1.24769369E-02
  0.109375000       7.81250000E-02  -5.41572552E-03   4.05324250E-03   1.21294521E-02
  0.140625000       7.81250000E-02  -8.90014973E-03   5.19826589E-03   1.18194828E-02
  0.171875000       7.81250000E-02  -1.30137280E-02   6.03608787E-03   1.15752723E-02
  0.203125000       7.81250000E-02  -1.75615828E-02   6.56827586E-03   1.14166467E-02
  0.234375000       7.81250000E-02  -2.23513898E-02   6.81952154E-03   1.13571063E-02
  0.265625000       7.81250000E-02  -2.72028111E-02   6.81873690E-03   1.14059178E-02
  0.296875000       7.81250000E-02  -3.19495909E-02   6.59038592E-03   1.15695624E-02
  0.328125000       7.81250000E-02  -3.64380926E-02   6.15205383E-03   1.18523277E-02
  0.359375000       7.81250000E-02  -4.05250117E-02   5.51558891E-03   1.22561753E-02
  0.390625000       7.81250000E-02  -4.40758578E-02   4.69001429E-03   1.27800275E-02
  0.421875000       7.81250000E-02  -4.69650999E-02   3.68504180E-03   1.34187536E-02
  0.453125000       7.81250000E-02  -4.90782112E-02   2.51453952E-03   1.41620161E-02
  0.484375000       7.81250000E-02  -5.03154807E-02   1.19964255E-03   1.49932802E-02
  0.515625000       7.81250000E-02  -5.05972132E-02  -2.28498800E-04   1.58892572E-02
  0.546875000       7.81250000E-02  -4.98694927E-02  -1.72588346E-03   1.68092027E-02
  0.578125000       7.81250000E-02  -4.81121391E-02  -3.23422812E-03   1.77118313E-02
  0.609375000       7.81250000E-02  -4.53481749E-02  -4.68005380E-03   1.85553841E-02
  0.640625000       7.81250000E-02  -4.16516736E-02  -5.97782619E-03   1.92968566E-02
  0.671875000       7.81250000E-02  -3.71527448E-02  -7.03571364E-03   1.98960826E-02
  0.703125000       7.81250000E-02  -3.20384949E-02  -7.76391476E-03   2.03204434E-02
  0.734375000       7.81250000E-02  -2.65485607E-02  -8.08515958E-03   2.05495618E-02
  0.765625000       7.81250000E-02  -2.09639743E-02  -7.94659555E-03   2.05791853E-02
  0.796875000       7.81250000E-02  -1.55885089E-02  -7.33172521E-03   2.04234868E-02
  0.828125000       7.81250000E-02  -1.07226186E-02  -6.27091527E-03   2.01151483E-02
  0.859375000       7.81250000E-02  -6.63101580E-03  -4.84938268E-03   1.97029244E-02
  0.890625000       7.81250000E-02  -3.50621296E-03  -3.21331271E-03   1.92469843E-02
  0.921875000       7.81250000E-02  -1.43125851E-03  -1.57778652E-03   1.88126843E-02
  0.953125000       7.81250000E-02  -3.45432869E-04  -2.43894901E-04   1.84637550E-02
  0.984375000       7.81250000E-02  -1.61158459E-05   3.64935200E-04   1.82562936E-02
   1.56250000E-02  0.109375000      -3.56166303E-04   5.63396083E-04   1.36295510E-02
   4.68750000E-02  0.109375000      -1.74904894E-03   2.85607437E-03   1.31944614E-02
   7.81250000E-02  0.109375000      -4.44510439E-03   5.43346163E-03   1.27888527E-02
  0.109375000      0.109375000      -8.29669274E-03   7.80461263E-03   1.24278292E-02
  0.140625000      0.109375000      -1.31028844E-02   9.73412208E-03   1.21262027E-02
  0.171875000      0.109375000      -1.86323691E-02   1.11400411E-02   1.18959360E-02
  0.203125000      0.109375000      -2.46455800E-02   1.20222755E-02   1.17461858E-02
  0.234375000      0.109375000      -3.09094377E-02   1.24162147E-02   1.16842650E-02
  0.265625000      0.109375000      -3.72044630E-02   1.23656681E-02   1.17165828E-02
  0.296875000      0.109375000      -4.33264859E-02   1.19095799E-02   1.18490662E-02
  0.328125000      0.109375000      -4.90855798E-02   1.10779144E-02   1.20870480E-02
  0.359375000      0.109375000      -5.43044247E-02   9.89307277E-03   1.24345589E-02
  0.390625000      0.109375000      -5.88175617E-02   8.37420300E-03   1.28932707E-02
  0.421875000      0.109375000      -6.24722391E-02   6.54255506E-03   1.34612378E-02
  0.453125000      0.109375000      -6.51310682E-02   4.42681788E-03   1.41315535E-02
  0.484375000      0.109375000      -6.66763410E-02   2.06780713E-03   1.48911960E-02
  0.515625000      0.109375000      -6.70156032E-02  -4.77747410E-04   1.57203116E-02
  0.546875000      0.109375000      -6.60877377E-02  -3.13428673E-03   1.65795125E-02
  0.578125000      0.109375000      -6.38714507E-02  -5.80151286E-03   1.74292326E-02
  0.609375000      0.109375000      -6.03955276E-02  -8.35469551E-03   1.82291940E-02
  0.640625000      0.109375000      -5.57473116E-02  -1.06499111E-02   1.89371388E-02
  0.671875000      0.109375000      -5.00787385E-02  -1.25330985E-02   1.95129346E-02
  0.703125000      0.109375000      -4.36083004E-02  -1.38531271E-02   1.99232679E-02
  0.734375000      0.109375000      -3.66173536E-02  -1.44786472E-02   2.01464817E-02
  0.765625000      0.109375000      -2.94390675E-02  -1.43176708E-02   2.01765299E-02
  0.796875000      0.109375000      -2.24386752E-02  -1.33380443E-02   2.00251993E-02
  0.828125000      0.109375000      -1.59844104E-02  -1.15861185E-02   1.97219159E-02
  0.859375000      0.109375000      -1.04103507E-02  -9.20103677E-03   1.93107892E-02
  0.890625000      0.109375000      -5.97447110E-03  -6.42337417E-03   1.88453086E-02
  0.921875000      0.109375000      -2.81779608E-03  -3.60024534E-03   1.83816571E-02
  0.953125000      0.109375000      -9.32540046E-04  -1.19330187E-03   1.79719701E-02
  0.984375000      0.109375000      -1.48352992E-04   2.00219365E-04   1.76585857E-02
   1.56250000E-02  0.140625000      -5.31774422E-04   1.44977076E-03   1.41074527E-02
   4.68750000E-02  0.140625000      -2.50195828E-03   5.32929320E-03   1.35286972E-02
   7.81250000E-02  0.140625000      -6.13897108E-03   9.28956177E-03   1.30415913E-02
  0.109375000      0.140625000      -1.11485627E-02   1.28060747E-02   1.26405135E-02
  0.140625000      0.140625000      -1.72342472E-02   1.56210531E-02   1.23219974E-02
  0.171875000      0.140625000      -2.41021067E-02   1.76471062E-02   1.20837418E-02
  0.203125000      0.140625000      -3.14688683E-02   1.88919809E-02   1.19248778E-02
  0.234375000      0.140625000      -3.90676148E-02   1.94060579E-02   1.18464828E-02
  0.265625000      0.140625000      -4.66498211E-02   1.92501657E-02   1.18518453E-02
  0.296875000      0.140625000      -5.39847054E-02   1.84792653E-02   1.19461892E-02
  0.328125000      0.140625000      -6.08573705E-02   1.71374213E-02   1.21358801E-02
  0.359375000      0.140625000      -6.70671910E-02   1.52598051E-02   1.24272527E-02
  0.390625000      0.140625000      -7.24273324E-02   1.28784711E-02   1.28250746E-02
  0.421875000      0.140625000      -7.67660588E-02   1.00295255E-02   1.33309895E-02
  0.453125000      0.140625000      -7.99296498E-02   6.76019024E-03   1.39418282E-02
  0.484375000      0.140625000      -8.17868784E-02   3.13492701E-03   1.46482028E-02
  0.515625000      0.140625000      -8.22345987E-02  -7.59849092E-04   1.54334577E-02
  0.546875000      0.140625000      -8.12039077E-02  -4.81268764E-03   1.62601117E-02
  0.578125000      0.140625000      -7.86684453E-02  -8.87677725E-03   1.70884077E-02
  0.609375000      0.140625000      -7.46546835E-02  -1.27710123E-02   1.78779494E-02
  0.640625000      0.140625000      -6.92515522E-02  -1.62868015E-02   1.85851343E-02
  0.671875000      0.140625000      -6.26181141E-02  -1.92000456E-02   1.91672761E-02
  0.703125000      0.140625000      -5.49877398E-02  -2.12887637E-02   1.95876025E-02
  0.734375000      0.140625000      -4.66669425E-02  -2.23564468E-02   1.98204052E-02
  0.765625000      0.140625000      -3.80265415E-02  -2.22601257E-02   1.98554713E-02
  0.796875000      0.140625000      -2.94830799E-02  -2.09408775E-02   1.97006743E-02
  0.828125000      0.140625000      -2.14690529E-02  -1.84528418E-02   1.93819385E-02
  0.859375000      0.140625000      -1.43927354E-02  -1.49857923E-02   1.89401936E-02
  0.890625000      0.140625000      -8.59131850E-03  -1.08768567E-02   1.84256360E-02
  0.921875000      0.140625000      -4.28526476E-03  -6.61028782E-03   1.78905874E-02
  0.953125000      0.140625000      -1.54495530E-03  -2.80950591E-03   1.73824355E-02
  0.984375000      0.140625000      -2.82450492E-04  -2.30784965E-04   1.69376303E-02
   1.56250000E-02  0.171875000      -6.95319672E-04   2.67523993E-03   1.44801121E-02
   4.68750000E-02  0.171875000      -3.21209012E-03   8.58718716E-03   1.37581341E-02
   7.81250000E-02  0.171875000      -7.74965156E-03   1.42023861E-02   1.31804049E-02
  0.109375000      0.171875000      -1.38683859E-02   1.90178677E-02   1.27248298E-02
  0.140625000      0.171875000      -2.11713091E-02   2.27943063E-02   1.23727946E-02
  0.171875000      0.171875000      -2.92982683E-02   2.54652537E-02   1.21098626E-02
  0.203125000      0.171875000      -3.79225910E-02   2.70616598E-02   1.19264591E-02
  0.234375000      0.171875000      -4.67476472E-02   2.76570953E-02   1.18181985E-02
  0.265625000      0.171875000      -5.55027723E-02   2.73335427E-02   1.17857056E-02
  0.296875000      0.171875000      -6.39388636E-02   2.61641424E-02   1.18337572E-02
  0.328125000      0.171875000      -7.18247145E-02   2.42085252E-02   1.19700544E-02
  0.359375000      0.171875000      -7.89445639E-02   2.15159953E-02   1.22034866E-02
  0.390625000      0.171875000      -8.50973576E-02   1.81330293E-02   1.25422869E-02
  0.421875000      0.171875000      -9.00980085E-02   1.41122770E-02   1.29919779E-02
  0.453125000      0.171875000      -9.37801450E-02   9.52123106E-03   1.35534201E-02
  0.484375000      0.171875000      -9.60005820E-02   4.44969768E-03   1.42210145E-02
  0.515625000      0.171875000      -9.66447219E-02  -9.84567101E-04   1.49813266E-02
  0.546875000      0.171875000      -9.56325829E-02  -6.63255341E-03   1.57998558E-02
  0.578125000      0.171875000      -9.29264426E-02  -1.23002389E-02   1.66349597E-02
  0.609375000      0.171875000      -8.85410011E-02  -1.77484527E-02   1.74450912E-02
  0.640625000      0.171875000      -8.25546980E-02  -2.27004699E-02   1.81836765E-02
  0.671875000      0.171875000      -7.51200169E-02  -2.68561430E-02   1.88033953E-02
  0.703125000      0.171875000      -6.64712340E-02  -2.99134254E-02   1.92614682E-02
  0.734375000      0.171875000      -5.69273680E-02  -3.15979868E-02   1.95254348E-02
  0.765625000      0.171875000      -4.68875617E-02  -3.17002237E-02   1.95783526E-02
  0.796875000      0.171875000      -3.68158072E-02  -3.01173124E-02   1.94222629E-02
  0.828125000      0.171875000      -2.72122845E-02  -2.68951207E-02   1.90788396E-02
  0.859375000      0.171875000      -1.85709242E-02  -2.22621895E-02   1.85867064E-02
  0.890625000      0.171875000      -1.13266967E-02  -1.66469384E-02   1.79956276E-02
  0.921875000      0.171875000      -5.80162928E-03  -1.06720114E-02   1.73588619E-02
  0.953125000      0.171875000      -2.16357666E-03  -5.12670074E-03   1.67253688E-02
  0.984375000      0.171875000      -4.13342146E-04  -9.26723122E-04   1.61332153E-02
   1.56250000E-02  0.203125000      -8.45040078E-04   4.21392545E-03   1.46782417E-02
   4.68750000E-02  0.203125000      -3.86710465E-03   1.25836544E-02   1.38205439E-02
   7.81250000E-02  0.203125000      -9.24368948E-03   2.01161318E-02   1.31515563E-02
  0.109375000      0.203125000      -1.63992792E-02   2.63746753E-02   1.26349330E-02
  0.140625000      0.203125000      -2.48393677E-02   3.11768986E-02   1.22390017E-02
  0.171875000      0.203125000      -3.41386497E-02   3.45054492E-02   1.19390013E-02
  0.203125000      0.203125000      -4.39289138E-02   3.64327729E-02   1.17181074E-02
  0.234375000      0.203125000      -5.38874269E-02   3.70664708E-02   1.15675917E-02
  0.265625000      0.203125000      -6.37265220E-02   3.65155041E-02   1.14861848E-02
  0.296875000      0.203125000      -7.31850341E-02   3.48741189E-02   1.14788339E-02
  0.328125000      0.203125000      -8.20219368E-02   3.22188586E-02   1.15549620E-02
  0.359375000      0.203125000      -9.00124311E-02   2.86137536E-02   1.17264474E-02
  0.390625000      0.203125000      -9.69463438E-02   2.41199285E-02   1.20052854E-02
  0.421875000      0.203125000     -0.102628723       1.88065153E-02   1.24012465E-02
  0.453125000      0.203125000     -0.106882349       1.27610303E-02   1.29195582E-02
  0.484375000      0.203125000     -0.109551750       6.09811116E-03   1.35587147E-02
  0.515625000      0.203125000     -0.110508300      -1.03385001E-03   1.43087748E-02
  0.546875000      0.203125000     -0.109656304      -8.44889693E-03   1.51399765E-02
  0.578125000      0.203125000     -0.106939465      -1.59083251E-02   1.60074756E-02
  0.609375000      0.203125000     -0.102350824      -2.31158920E-02   1.68680064E-02
  0.640625000      0.203125000      -9.59463716E-02  -2.97252089E-02   1.76709257E-02
  0.671875000      0.203125000      -8.78589600E-02  -3.53549086E-02   1.83624420E-02
  0.703125000      0.203125000      -7.83106983E-02  -3.96130905E-02   1.88913494E-02
  0.734375000      0.203125000      -6.76216781E-02  -4.21325490E-02   1.92155447E-02
  0.765625000      0.203125000      -5.62115684E-02  -4.26168442E-02   1.93084106E-02
  0.796875000      0.203125000      -4.45898026E-02  -4.08953801E-02   1.91635955E-02
  0.828125000      0.203125000      -3.33300158E-02  -3.69813964E-02   1.87970474E-02
  0.859375000      0.203125000      -2.30261423E-02  -3.11220139E-02   1.82452556E-02
  0.890625000      0.203125000      -1.42323636E-02  -2.38258280E-02   1.75597519E-02
  0.921875000      0.203125000      -7.39629101E-03  -1.58548132E-02   1.67988651E-02
  0.953125000      0.203125000      -2.80235731E-03  -8.17629602E-03   1.60187278E-02
  0.984375000      0.203125000      -5.44913171E-04  -1.88506173E-03   1.52651770E-02
   1.56250000E-02  0.234375000      -9.80164623E-04   6.03743037E-03   1.46421278E-02
   4.68750000E-02  0.234375000      -4.46045864E-03   1.72587819E-02   1.36598768E-02
   7.81250000E-02  0.234375000      -1.06015056E-02   2.69546770E-02   1.29038580E-02
  0.109375000      0.234375000      -1.87051911E-02   3.47916223E-02   1.23245269E-02
  0.140625000      0.234375000      -2.81874314E-02   4.06786725E-02   1.18785398E-02
  0.171875000      0.234375000      -3.85626256E-02   4.46747169E-02   1.15322489E-02
  0.203125000      0.234375000      -4.94248047E-02   4.69127148E-02   1.12629300E-02
  0.234375000      0.234375000      -6.04290590E-02   4.75462750E-02   1.10586360E-02
  0.265625000      0.234375000      -7.12752491E-02   4.67181951E-02   1.09171206E-02
  0.296875000      0.234375000      -8.16950947E-02   4.45472412E-02   1.08441804E-02
  0.328125000      0.234375000      -9.14428160E-02   4.11280692E-02   1.08515127E-02
  0.359375000      0.234375000     -0.100289151       3.65393236E-02   1.09543838E-02
  0.390625000      0.234375000     -0.108018428       3.08557246E-02   1.11689949E-02
  0.421875000      0.234375000     -0.114428177       2.41612270E-02   1.15097966E-02
  0.453125000      0.234375000     -0.119330853       1.65611822E-02   1.19868070E-02
  0.484375000      0.234375000     -0.122557327       8.19253176E-03   1.26031032E-02
  0.515625000      0.234375000     -0.123961709      -7.68551487E-04   1.33527517E-02
  0.546875000      0.234375000     -0.123427376      -1.01016797E-02   1.42133646E-02
  0.578125000      0.234375000     -0.120872319      -1.95285454E-02   1.51360631E-02
  0.609375000      0.234375000     -0.116258465      -2.86992639E-02   1.60759129E-02
  0.640625000      0.234375000     -0.109607905      -3.71979438E-02   1.69774797E-02
  0.671875000      0.234375000     -0.101020962      -4.45576496E-02   1.77790038E-02
  0.703125000      0.234375000      -9.06943306E-02  -5.02863526E-02   1.84184387E-02
  0.734375000      0.234375000      -7.89370462E-02  -5.39066866E-02   1.88409165E-02
  0.765625000      0.234375000      -6.61801919E-02  -5.50107248E-02   1.90065093E-02
  0.796875000      0.234375000      -5.29750958E-02  -5.33293374E-02   1.88970715E-02
  0.828125000      0.234375000      -3.99733931E-02  -4.88097891E-02   1.85203124E-02
  0.859375000      0.234375000      -2.78833658E-02  -4.16882373E-02   1.79097746E-02
  0.890625000      0.234375000      -1.74016356E-02  -3.25356796E-02   1.71200652E-02
  0.921875000      0.234375000      -9.12896637E-03  -2.22541131E-02   1.62180383E-02
  0.953125000      0.234375000      -3.49024171E-03  -1.20099066E-02   1.52718164E-02
  0.984375000      0.234375000      -6.84624363E-04  -3.11461627E-03   1.43400095E-02
   1.56250000E-02  0.265625000      -1.09979301E-03   8.11569206E-03   1.43191395E-02
   4.68750000E-02  0.265625000      -4.98660281E-03   2.25439146E-02   1.32256970E-02
   7.81250000E-02  0.265625000      -1.18078012E-02   3.46278623E-02   1.23896329E-02
  0.109375000      0.265625000      -2.07579527E-02   4.41685393E-02   1.17488466E-02
  0.140625000      0.265625000      -3.11741773E-02   5.11966720E-02   1.12492917E-02
  0.171875000      0.265625000      -4.25178856E-02   5.58722690E-02   1.08495979E-02
  0.203125000      0.265625000      -5.43506593E-02   5.84069937E-02   1.05222827E-02
  0.234375000      0.265625000      -6.63098693E-02   5.90125658E-02   1.02532124E-02
  0.265625000      0.265625000      -7.80872032E-02   5.78728057E-02   1.00400019E-02
  0.296875000      0.265625000      -8.94116312E-02   5.51345721E-02   9.88996588E-03
  0.328125000      0.265625000     -0.100036882       5.09116538E-02   9.81763192E-03
  0.359375000      0.265625000     -0.109733045       4.52964753E-02   9.84211452E-03
  0.390625000      0.265625000     -0.118281886       3.83751951E-02   9.98429488E-03
  0.421875000      0.265625000     -0.125475049       3.02433986E-02   1.02638053E-02
  0.453125000      0.265625000     -0.131114781       2.10203603E-02   1.06961085E-02
  0.484375000      0.265625000     -0.135016799       1.08609609E-02   1.12895006E-02
  0.515625000      0.265625000     -0.137014791      -3.53795622E-05   1.20425820E-02
  0.546875000      0.265625000     -0.136966184      -1.14185074E-02   1.29443966E-02
  0.578125000      0.265625000     -0.134756774      -2.29768567E-02   1.39415143E-02
  0.609375000      0.265625000     -0.130309224      -3.43130343E-02   1.49881653E-02
  0.640625000      0.265625000     -0.123600841      -4.49438095E-02   1.60239935E-02
  0.671875000      0.265625000     -0.114686698      -5.43136075E-02   1.69781465E-02
  0.703125000      0.265625000     -0.103724137      -6.18203618E-02   1.77753940E-02
  0.734375000      0.265625000      -9.09969062E-02  -6.68579862E-02   1.83445811E-02
  0.765625000      0.265625000      -7.69351050E-02  -6.88788742E-02   1.86281521E-02
  0.796875000      0.265625000      -6.21242002E-02  -6.74779415E-02   1.85916126E-02
  0.828125000      0.265625000      -4.72942740E-02  -6.24934696E-02   1.82305165E-02
  0.859375000      0.265625000      -3.32796909E-02  -5.41097112E-02   1.75732225E-02
  0.890625000      0.265625000      -2.09433716E-02  -4.29326519E-02   1.66775864E-02
  0.921875000      0.265625000      -1.10715460E-02  -3.00018694E-02   1.56216137E-02
  0.953125000      0.265625000      -4.26192256E-03  -1.67105682E-02   1.44897085E-02
  0.984375000      0.265625000      -8.41124333E-04  -4.64031054E-03   1.33576561E-02
   1.56250000E-02  0.296875000      -1.20266993E-03   1.04164984E-02   1.36628859E-02
   4.68750000E-02  0.296875000      -5.43954782E-03   2.83631757E-02   1.24731753E-02
   7.81250000E-02  0.296875000      -1.28479237E-02   4.30343561E-02   1.15656573E-02
  0.109375000      0.296875000      -2.25315914E-02   5.43922447E-02   1.08662890E-02
  0.140625000      0.296875000      -3.37611176E-02   6.26152977E-02   1.03111882E-02
  0.171875000      0.296875000      -4.59535271E-02   6.79865554E-02   9.85221937E-03
  0.203125000      0.296875000      -5.86440787E-02   7.08130747E-02   9.45810787E-03
  0.234375000      0.296875000      -7.14572519E-02   7.13761821E-02   9.11336392E-03
  0.265625000      0.296875000      -8.40809196E-02   6.99078143E-02   8.81616399E-03
  0.296875000      0.296875000      -9.62454528E-02   6.65864795E-02   8.57589580E-03
  0.328125000      0.296875000     -0.107708059       6.15458786E-02   8.41039140E-03
  0.359375000      0.296875000     -0.118241847       5.48908040E-02   8.34308285E-03
  0.390625000      0.296875000     -0.127628908       4.67156842E-02   8.40003416E-03
  0.421875000      0.296875000     -0.135656863       3.71232033E-02   8.60673748E-03
  0.453125000      0.296875000     -0.142118216       2.62410678E-02   8.98487214E-03
  0.484375000      0.296875000     -0.146812350       1.42360413E-02   9.54888575E-03
  0.515625000      0.296875000     -0.149549872       1.32480124E-03   1.03030633E-02
  0.546875000      0.296875000     -0.150158450      -1.22188758E-02   1.12503767E-02
  0.578125000      0.296875000     -0.148486838      -2.60576494E-02   1.23357894E-02
  0.609375000      0.296875000     -0.144411296      -3.97554934E-02   1.35139022E-02
  0.640625000      0.296875000     -0.137854785      -5.27664125E-02   1.47200059E-02
  0.671875000      0.296875000     -0.128814861      -6.44453466E-02   1.58734396E-02
  0.703125000      0.296875000     -0.117394455      -7.40719438E-02   1.68836862E-02
  0.734375000      0.296875000     -0.103835300      -8.08932185E-02   1.76595934E-02
  0.765625000      0.296875000      -8.85495991E-02  -8.41916129E-02   1.81208663E-02
  0.796875000      0.296875000      -7.21431077E-02  -8.33830684E-02   1.82106327E-02
  0.828125000      0.296875000      -5.54180630E-02  -7.81437308E-02   1.79066099E-02
  0.859375000      0.296875000      -3.93413529E-02  -6.85510784E-02   1.72278248E-02
  0.890625000      0.296875000      -2.49648672E-02  -5.52043021E-02   1.62338987E-02
  0.921875000      0.296875000      -1.32975318E-02  -3.92694324E-02   1.50156226E-02
  0.953125000      0.296875000      -5.15318103E-03  -2.23968588E-02   1.36776567E-02
  0.984375000      0.296875000      -1.02323061E-03  -6.50453754E-03   1.23174023E-02
   1.56250000E-02  0.328125000      -1.28731050E-03   1.29049011E-02   1.26333982E-02
   4.68750000E-02  0.328125000      -5.81293367E-03   3.46338339E-02   1.13636004E-02
   7.81250000E-02  0.328125000      -1.37073854E-02   5.20629063E-02   1.03941699E-02
  0.109375000      0.328125000      -2.40011010E-02   6.53376728E-02   9.63994209E-03
  0.140625000      0.328125000      -3.59108597E-02   7.48059675E-02   9.02812835E-03
  0.171875000      0.328125000      -4.88181971E-02   8.08926746E-02   8.50469526E-03
  0.203125000      0.328125000      -6.22384027E-02   8.40150267E-02   8.03534128E-03
  0.234375000      0.328125000      -7.57880136E-02   8.45346302E-02   7.60383997E-03
  0.265625000      0.328125000      -8.91554356E-02   8.27384070E-02   7.20944861E-03
  0.296875000      0.328125000     -0.102076650       7.88399726E-02   6.86398149E-03
  0.328125000      0.328125000     -0.114316538       7.29935914E-02   6.58892049E-03
  0.359375000      0.328125000     -0.125655189       6.53145909E-02   6.41242694E-03
  0.390625000      0.328125000     -0.135878593       5.59017733E-02   6.36628969E-03
  0.421875000      0.328125000     -0.144773021       4.48592380E-02   6.48259791E-03
  0.453125000      0.328125000     -0.152122736       3.23161297E-02   6.79022586E-03
  0.484375000      0.328125000     -0.157710820       1.84434354E-02   7.31104799E-03
  0.515625000      0.328125000     -0.161323085       3.46757355E-03   8.05615261E-03
  0.546875000      0.328125000     -0.162755221      -1.23204459E-02   9.04406887E-03
  0.578125000      0.328125000     -0.161815673      -2.85667740E-02   1.02242753E-02
  0.609375000      0.328125000     -0.158329293      -4.48078141E-02   1.15537252E-02
  0.640625000      0.328125000     -0.152157009      -6.04424477E-02   1.29646137E-02
  0.671875000      0.328125000     -0.143227220      -7.47387409E-02   1.43666873E-02
  0.703125000      0.328125000     -0.131572962      -8.68530720E-02   1.56525746E-02
  0.734375000      0.328125000     -0.117374420      -9.58697498E-02   1.67074092E-02
  0.765625000      0.328125000     -0.101004049     -0.100871205       1.74222514E-02
  0.796875000      0.328125000      -8.30666721E-02 -0.101047479       1.77104082E-02
  0.828125000      0.328125000      -6.44214824E-02  -9.58496928E-02   1.75238159E-02
  0.859375000      0.328125000      -4.61660922E-02  -8.51773098E-02   1.68654136E-02
  0.890625000      0.328125000      -2.95599755E-02  -6.95606694E-02   1.57928579E-02
  0.921875000      0.328125000      -1.58756748E-02  -5.02645522E-02   1.44099714E-02
  0.953125000      0.328125000      -6.19857945E-03  -2.92228721E-02   1.28454035E-02
  0.984375000      0.328125000      -1.23954320E-03  -8.76710936E-03   1.12231402E-02
   1.56250000E-02  0.359375000      -1.35226222E-03   1.55430138E-02   1.11979693E-02
   4.68750000E-02  0.359375000      -6.10086741E-03   4.12667692E-02   9.86520015E-03
   7.81250000E-02  0.359375000      -1.43731888E-02   6.15934134E-02   8.84391181E-03
  0.109375000      0.359375000      -2.51440480E-02   7.68686235E-02   8.03899672E-03
  0.140625000      0.359375000      -3.75888832E-02   8.76267180E-02   7.36977998E-03
  0.171875000      0.359375000      -5.10622524E-02   9.44499895E-02   6.77716779E-03
  0.203125000      0.359375000      -6.50654733E-02   9.78787914E-02   6.22441340E-03
  0.234375000      0.359375000      -7.92118832E-02   9.83648896E-02   5.69497701E-03
  0.265625000      0.359375000      -9.31947529E-02   9.62568074E-02   5.18936943E-03
  0.296875000      0.359375000     -0.106760114       9.18069184E-02   4.72204154E-03
  0.328125000      0.359375000     -0.119685143       8.51907432E-02   4.31826618E-03
  0.359375000      0.359375000     -0.131761655       7.65322149E-02   4.01121611E-03
  0.390625000      0.359375000     -0.142784208       6.59301206E-02   3.83886462E-03
  0.421875000      0.359375000     -0.152542025       5.34835123E-02   3.84073565E-03
  0.453125000      0.359375000     -0.160814464       3.93147022E-02   4.05411841E-03
  0.484375000      0.359375000     -0.167370126       2.35895216E-02   4.50986903E-03
  0.515625000      0.359375000     -0.171969995       6.53472589E-03   5.22768078E-03
  0.546875000      0.359375000     -0.174376547      -1.15477089E-02   6.23891689E-03
  0.578125000      0.359375000     -0.174356714      -3.02977003E-02   7.51082692E-03
  0.609375000      0.359375000     -0.171682000      -4.92367744E-02   9.00397729E-03
  0.640625000      0.359375000     -0.166146219      -6.77204579E-02   1.06499866E-02
  0.671875000      0.359375000     -0.157598495      -8.49372894E-02   1.23503208E-02
  0.703125000      0.359375000     -0.145986229      -9.99203324E-02   1.39801931E-02
  0.734375000      0.359375000     -0.131406575     -0.111580104       1.53977834E-02
  0.765625000      0.359375000     -0.114165545     -0.118771851       1.64592620E-02
  0.796875000      0.359375000      -9.48378444E-02 -0.120411679       1.70391761E-02
  0.828125000      0.359375000      -7.43137673E-02 -0.115654573       1.70531031E-02
  0.859375000      0.359375000      -5.38085252E-02 -0.104132876       1.64779499E-02
  0.890625000      0.359375000      -3.47998850E-02  -8.62196237E-02   1.53624956E-02
  0.921875000      0.359375000      -1.88656598E-02  -6.32237718E-02   1.38217174E-02
  0.953125000      0.359375000      -7.43026007E-03  -3.73756289E-02   1.20115187E-02
  0.984375000      0.359375000      -1.49834622E-03  -1.15047209E-02   1.00883581E-02
   1.56250000E-02  0.390625000      -1.39647163E-03   1.82904508E-02   9.33220983E-03
   4.68750000E-02  0.390625000      -6.29925402E-03   4.81678993E-02   7.95406848E-03
   7.81250000E-02  0.390625000      -1.48363244E-02   7.14987218E-02   6.89119380E-03
  0.109375000      0.390625000      -2.59441100E-02   8.88392180E-02   6.04008371E-03
  0.140625000      0.390625000      -3.87680531E-02  0.100922406       5.31334151E-03
  0.171875000      0.390625000      -5.26431128E-02  0.108500488       4.64759534E-03
  0.203125000      0.390625000      -6.70618936E-02  0.112248354       4.00402863E-03
  0.234375000      0.390625000      -8.16389024E-02  0.112717196       3.36586568E-03
  0.265625000      0.390625000      -9.60765481E-02  0.110323891       2.73488299E-03
  0.296875000      0.390625000     -0.110135540      0.105363503       2.12801551E-03
  0.328125000      0.390625000     -0.123610564       9.80339646E-02   1.57420733E-03
  0.359375000      0.390625000     -0.136310995       8.84661525E-02   1.11173885E-03
  0.390625000      0.390625000     -0.148046061       7.67545104E-02   7.85126933E-04
  0.421875000      0.390625000     -0.158614203       6.29861653E-02   6.42143190E-04
  0.453125000      0.390625000     -0.167795897       4.72675860E-02   7.29861029E-04
  0.484375000      0.390625000     -0.175350577       2.97486596E-02   1.09032518E-03
  0.515625000      0.390625000     -0.181017756       1.06445048E-02   1.75566319E-03
  0.546875000      0.390625000     -0.184521943      -9.74476151E-03   2.75570736E-03
  0.578125000      0.390625000     -0.185589671      -3.10507510E-02   4.10599308E-03
  0.609375000      0.390625000     -0.183945343      -5.28007969E-02   5.76472748E-03
  0.640625000      0.390625000     -0.179312259      -7.43234754E-02   7.66823115E-03
  0.671875000      0.390625000     -0.171451956      -9.47406292E-02   9.71299689E-03
  0.703125000      0.390625000     -0.160211250     -0.112968564       1.17577575E-02
  0.734375000      0.390625000     -0.145581692     -0.127739906       1.36315562E-02
  0.765625000      0.390625000     -0.127772197     -0.137661666       1.51496679E-02
  0.796875000      0.390625000     -0.107290469     -0.141330600       1.61377192E-02
  0.828125000      0.390625000      -8.50204006E-02 -0.137529239       1.64617803E-02
  0.859375000      0.390625000      -6.22672215E-02 -0.125516132       1.60587467E-02
  0.890625000      0.390625000      -4.07250002E-02 -0.105386727       1.49573870E-02
  0.921875000      0.390625000      -2.23145951E-02  -7.84007162E-02   1.32787246E-02
  0.953125000      0.390625000      -8.87721591E-03  -4.70707342E-02   1.12081505E-02
  0.984375000      0.390625000      -1.80763705E-03  -1.48103554E-02   8.94148275E-03
   1.56250000E-02  0.421875000      -1.41972024E-03   2.11055465E-02   7.02108629E-03
   4.68750000E-02  0.421875000      -6.40746346E-03   5.52409366E-02   5.61496941E-03
   7.81250000E-02  0.421875000      -1.50950979E-02   8.16478953E-02   4.52072034E-03
  0.109375000      0.421875000      -2.63960585E-02  0.101096489       3.62836174E-03
  0.140625000      0.421875000      -3.94350328E-02  0.114525966       2.84506101E-03
  0.171875000      0.421875000      -5.35331368E-02  0.122868285       2.10375595E-03
  0.203125000      0.421875000      -6.81784004E-02  0.126943141       1.36372959E-03
  0.234375000      0.421875000      -8.29903334E-02  0.127410308       6.07760099E-04
  0.265625000      0.421875000      -9.76846963E-02  0.124762207      -1.61570075E-04
  0.296875000      0.421875000     -0.112041816      0.119341195      -9.25324741E-04
  0.328125000      0.421875000     -0.125879705      0.111369580      -1.65124855E-03
  0.359375000      0.421875000     -0.139032081      0.100984216      -2.29619537E-03
  0.390625000      0.421875000     -0.151330605       8.82714242E-02  -2.80889659E-03
  0.421875000      0.421875000     -0.162591070       7.32996911E-02  -3.13275610E-03
  0.453125000      0.421875000     -0.172603428       5.61502874E-02  -3.20967450E-03
  0.484375000      0.421875000     -0.181125775       3.69454622E-02  -2.98460550E-03
  0.515625000      0.421875000     -0.187882841       1.58746354E-02  -2.41096807E-03
  0.546875000      0.421875000     -0.192568153      -6.78257458E-03  -1.45592925E-03
  0.578125000      0.421875000     -0.194868833      -3.06416918E-02  -5.95446181E-05
  0.609375000      0.421875000     -0.194461986      -5.52582592E-02   1.75139774E-03
  0.640625000      0.421875000     -0.191003084      -7.99553692E-02   3.92231345E-03
  0.671875000      0.421875000     -0.184162229     -0.103807509       6.34941505E-03
  0.703125000      0.421875000     -0.173673481     -0.125629038       8.87781568E-03
  0.734375000      0.421875000     -0.159400657     -0.143980026       1.13070719E-02
  0.765625000      0.421875000     -0.141422361     -0.157207847       1.34065272E-02
  0.796875000      0.421875000     -0.120135829     -0.163551494       1.49423722E-02
  0.828125000      0.421875000      -9.63689163E-02 -0.161344379       1.57155544E-02
  0.859375000      0.421875000      -7.14724660E-02 -0.149349809       1.56046711E-02
  0.890625000      0.421875000      -4.73369062E-02 -0.127230078       1.46018257E-02
  0.921875000      0.421875000      -2.62534823E-02  -9.60503966E-02   1.28242187E-02
  0.953125000      0.421875000      -1.05645759E-02  -5.85464165E-02   1.04866717E-02
  0.984375000      0.421875000      -2.17517023E-03  -1.87927485E-02   7.83205498E-03
   1.56250000E-02  0.453125000      -1.42310606E-03   2.39474997E-02   4.25957981E-03
   4.68750000E-02  0.453125000      -6.43026922E-03   6.23919815E-02   2.84166238E-03
   7.81250000E-02  0.453125000      -1.51591003E-02   9.19113234E-02   1.72589789E-03
  0.109375000      0.453125000      -2.65117884E-02  0.113484889       7.98118766E-04
  0.140625000      0.453125000      -3.95982340E-02  0.128261387      -3.86795327E-05
  0.171875000      0.453125000      -5.37291914E-02  0.137360632      -8.54876358E-04
  0.203125000      0.453125000      -6.83911070E-02  0.141757041      -1.69340253E-03
  0.234375000      0.453125000      -8.32118466E-02  0.142228574      -2.57257675E-03
  0.265625000      0.453125000      -9.79247093E-02  0.139351130      -3.48988781E-03
  0.296875000      0.453125000     -0.112334877      0.133520052      -4.42530541E-03
  0.328125000      0.453125000     -0.126290232      0.124985009      -5.34396805E-03
  0.359375000      0.453125000     -0.139656544      0.113889083      -6.19841553E-03
  0.390625000      0.453125000     -0.152296990      0.100307629      -6.93074148E-03
  0.421875000      0.453125000     -0.164055064       8.42846036E-02  -7.47512002E-03
  0.453125000      0.453125000     -0.174741253       6.58668876E-02  -7.76141696E-03
  0.484375000      0.453125000     -0.184123591       4.51368317E-02  -7.71994703E-03
  0.515625000      0.453125000     -0.191923261       2.22435184E-02  -7.28818309E-03
  0.546875000      0.453125000     -0.197817415      -2.56835553E-03  -6.41922653E-03
  0.578125000      0.453125000     -0.201454565      -2.89143827E-02  -5.02380962E-03
  0.609375000      0.453125000     -0.202463418      -5.63799590E-02  -3.09112458E-03
  0.640625000      0.453125000     -0.200441003      -8.43115598E-02  -6.59320911E-04
  0.671875000      0.453125000     -0.194966435     -0.111763582       2.17438745E-03
  0.703125000      0.453125000     -0.185652539     -0.137472793       5.24700480E-03
  0.734375000      0.453125000     -0.172215372     -0.159843832       8.33097193E-03
  0.765625000      0.453125000     -0.154569536     -0.176966101       1.11467764E-02
  0.796875000      0.453125000     -0.132953063     -0.186694562       1.33914221E-02
  0.828125000      0.453125000     -0.108076885     -0.186842978       1.47834616E-02
  0.859375000      0.453125000      -8.12745690E-02 -0.175548792       1.51204187E-02
  0.890625000      0.453125000      -5.45898154E-02 -0.151850373       1.43344980E-02
  0.921875000      0.453125000      -3.06931064E-02 -0.116409212       1.25225419E-02
  0.953125000      0.453125000      -1.25127155E-02  -7.20558017E-02   9.92467999E-03
  0.984375000      0.453125000      -2.60849739E-03  -2.35759504E-02   6.83838874E-03
   1.56250000E-02  0.484375000      -1.40959967E-03   2.67795809E-02   1.05267810E-03
   4.68750000E-02  0.484375000      -6.38006674E-03   6.95361644E-02  -3.63463303E-04
   7.81250000E-02  0.484375000      -1.50537565E-02  0.102168232      -1.49147597E-03
  0.109375000      0.484375000      -2.63271071E-02  0.125852749      -2.44716927E-03
  0.140625000      0.484375000      -3.92965302E-02  0.141948342      -3.33067589E-03
  0.171875000      0.484375000      -5.32632060E-02  0.151770547      -4.21581557E-03
  0.203125000      0.484375000      -6.77137747E-02  0.156459212      -5.14863804E-03
  0.234375000      0.484375000      -8.22876692E-02  0.156921089      -6.14986895E-03
  0.265625000      0.484375000      -9.67402533E-02  0.153824598      -7.21845962E-03
  0.296875000      0.484375000     -0.110907316      0.147624940      -8.33460130E-03
  0.328125000      0.484375000     -0.124673575      0.138603419      -9.46204085E-03
  0.359375000      0.484375000     -0.137945414      0.126911104      -1.05498508E-02
  0.390625000      0.484375000     -0.150627643      0.112611115      -1.15338918E-02
  0.421875000      0.484375000     -0.162603736       9.57185626E-02  -1.23390146E-02
  0.453125000      0.484375000     -0.173718870       7.62379766E-02  -1.28820688E-02
  0.484375000      0.484375000     -0.183766693       5.41999638E-02  -1.30767766E-02
  0.515625000      0.484375000     -0.192480713       2.96983682E-02  -1.28409965E-02
  0.546875000      0.484375000     -0.199533895       2.92855455E-03  -1.21072168E-02
  0.578125000      0.484375000     -0.204543069      -2.57604718E-02  -1.07764956E-02
  0.609375000      0.484375000     -0.207097471      -5.59662208E-02  -8.77129100E-03
  0.640625000      0.484375000     -0.206746355      -8.70946348E-02  -6.10500667E-03
  0.671875000      0.484375000     -0.202982783     -0.118214741      -2.85922037E-03
  0.703125000      0.484375000     -0.195294797     -0.148020059       8.03425384E-04
  0.734375000      0.484375000     -0.183235064     -0.174790412       4.63398732E-03
  0.765625000      0.484375000     -0.166522115     -0.196375638       8.30471050E-03
  0.796875000      0.484375000     -0.145183340     -0.210238099       1.14358636E-02
  0.828125000      0.484375000     -0.119742163     -0.213615015       1.36461686E-02
  0.859375000      0.484375000      -9.14328396E-02 -0.203886926       1.46254916E-02
  0.890625000      0.484375000      -6.23815507E-02 -0.179246992       1.42153930E-02
  0.921875000      0.484375000      -3.56192440E-02 -0.139670402       1.24670137E-02
  0.953125000      0.484375000      -1.47360340E-02  -8.78569931E-02   9.63498466E-03
  0.984375000      0.484375000      -3.11496761E-03  -2.92989165E-02   6.07729889E-03
   1.56250000E-02  0.515625000      -1.38468575E-03   2.95735002E-02  -2.58564367E-03
   4.68750000E-02  0.515625000      -6.27939962E-03   7.66066164E-02  -3.99081595E-03
   7.81250000E-02  0.515625000      -1.48253562E-02  0.112316579      -5.12265088E-03
  0.109375000      0.515625000      -2.59091239E-02  0.138060808      -6.09588157E-03
  0.140625000      0.515625000      -3.86084393E-02  0.155408502      -7.01321755E-03
  0.171875000      0.515625000      -5.22125810E-02  0.165880948      -7.95294903E-03
  0.203125000      0.515625000      -6.62095025E-02  0.170796409      -8.96609481E-03
  0.234375000      0.515625000      -8.02539438E-02  0.171202809      -1.00779450E-02
  0.265625000      0.515625000      -9.41287428E-02  0.167871386      -1.12909703E-02
  0.296875000      0.515625000     -0.107706867      0.161325037      -1.25874672E-02
  0.328125000      0.515625000     -0.120917320      0.151882336      -1.39313405E-02
  0.359375000      0.515625000     -0.133715853      0.139705449      -1.52692627E-02
  0.390625000      0.515625000     -0.146059602      0.124846205      -1.65317319E-02
  0.421875000      0.515625000     -0.157884851      0.107288778      -1.76343713E-02
  0.453125000      0.515625000     -0.169087410       8.69898498E-02  -1.84804723E-02
  0.484375000      0.515625000     -0.179505259       6.39184937E-02  -1.89652927E-02
  0.515625000      0.515625000     -0.188904613       3.80982086E-02  -1.89829469E-02
  0.546875000      0.515625000     -0.196970671       9.65307746E-03  -1.84357278E-02
  0.578125000      0.515625000     -0.203301996      -2.11393312E-02  -1.72436591E-02
  0.609375000      0.515625000     -0.207463354      -5.38665280E-02  -1.52333807E-02
  0.640625000      0.515625000     -0.208969355      -8.80345777E-02  -1.23804882E-02
  0.671875000      0.515625000     -0.207236931     -0.122766301      -8.73983838E-03
  0.703125000      0.515625000     -0.201633185     -0.156756163      -4.46250802E-03
  0.734375000      0.515625000     -0.191538692     -0.188204929       1.91069557E-04
  0.765625000      0.515625000     -0.176448464     -0.214761108       4.85021621E-03
  0.796875000      0.515625000     -0.156128004     -0.233509243       9.05506220E-03
  0.828125000      0.515625000     -0.130835325     -0.241075575       1.23089161E-02
  0.859375000      0.515625000     -0.101605169     -0.233964056       1.41648399E-02
  0.890625000      0.515625000      -7.05440789E-02 -0.209280729       1.43356118E-02
  0.921875000      0.515625000      -4.09872010E-02 -0.165954500       1.27903167E-02
  0.953125000      0.515625000      -1.72415078E-02 -0.106200479       9.77729820E-03
  0.984375000      0.515625000      -3.70172923E-03  -3.61151025E-02   5.71667403E-03
   1.56250000E-02  0.546875000      -1.35714852E-03   3.23152281E-02  -6.63480442E-03
   4.68750000E-02  0.546875000      -6.16397848E-03   8.35661739E-02  -8.02643597E-03
   7.81250000E-02  0.546875000      -1.45468116E-02  0.122285537      -9.15455353E-03
  0.109375000      0.546875000      -2.53639743E-02  0.149992585      -1.01302117E-02
  0.140625000      0.546875000      -3.76608521E-02  0.168472886      -1.10591818E-02
  0.171875000      0.546875000      -5.07093407E-02  0.179469466      -1.20266974E-02
  0.203125000      0.546875000      -6.40000850E-02  0.184496224      -1.30920447E-02
  0.234375000      0.546875000      -7.72086605E-02  0.184757113      -1.42883714E-02
  0.265625000      0.546875000      -9.01527628E-02  0.181137607      -1.56246312E-02
  0.296875000      0.546875000     -0.102750398      0.174236774      -1.70875043E-02
  0.328125000      0.546875000     -0.114982992      0.164416492      -1.86428428E-02
  0.359375000      0.546875000     -0.126864195      0.151854455      -2.02363841E-02
  0.390625000      0.546875000     -0.138413221      0.136593938      -2.17940789E-02
  0.421875000      0.546875000     -0.149631292      0.118588880      -2.32228916E-02
  0.453125000      0.546875000     -0.160480022       9.77459699E-02  -2.44124755E-02
  0.484375000      0.546875000     -0.170860678       7.39661604E-02  -2.52388939E-02
  0.515625000      0.546875000     -0.180594683       4.71894518E-02  -2.55709644E-02
  0.546875000      0.546875000     -0.189406425       1.74453110E-02  -2.52800863E-02
  0.578125000      0.546875000     -0.196909368      -1.50916018E-02  -2.42709704E-02
  0.609375000      0.546875000     -0.202655748      -5.00009209E-02  -2.23424342E-02
  0.640625000      0.546875000     -0.206130400      -8.69141966E-02  -1.93710979E-02
  0.671875000      0.546875000     -0.206695542     -0.125049025      -1.53766815E-02
  0.703125000      0.546875000     -0.203612894     -0.163155288      -1.04854703E-02
  0.734375000      0.546875000     -0.196092218     -0.199416965      -4.95522935E-03
  0.765625000      0.546875000     -0.183385670     -0.231342331       8.11401580E-04
  0.796875000      0.546875000     -0.164949387     -0.255681843       6.27729064E-03
  0.828125000      0.546875000     -0.140694171     -0.268448442       1.08190682E-02
  0.859375000      0.546875000     -0.111338474     -0.265175104       1.38240065E-02
  0.890625000      0.546875000      -7.88337141E-02 -0.241633937       1.48311276E-02
  0.921875000      0.546875000      -4.67158109E-02 -0.195274681       1.36783924E-02
  0.953125000      0.546875000      -2.00271383E-02 -0.127313361       1.05734058E-02
  0.984375000      0.546875000      -4.37582750E-03  -4.41921726E-02   5.99159114E-03
   1.56250000E-02  0.578125000      -1.34013395E-03   3.50126475E-02  -1.10718468E-02
   4.68750000E-02  0.578125000      -6.08655764E-03   9.04222727E-02  -1.24568446E-02
   7.81250000E-02  0.578125000      -1.43244658E-02  0.132050440      -1.35743748E-02
  0.109375000      0.578125000      -2.48450376E-02  0.161565721      -1.45297693E-02
  0.140625000      0.578125000      -3.66368666E-02  0.180988923      -1.54343154E-02
  0.171875000      0.578125000      -4.89463955E-02  0.192312181      -1.63850822E-02
  0.203125000      0.578125000      -6.12705126E-02  0.197269455      -1.74550973E-02
  0.234375000      0.578125000      -7.33149722E-02  0.197238415      -1.86902657E-02
  0.265625000      0.578125000      -8.49432573E-02  0.193230718      -2.01097727E-02
  0.296875000      0.578125000      -9.61286575E-02  0.185929298      -2.17074510E-02
  0.328125000      0.578125000     -0.106913909      0.175745010      -2.34529600E-02
  0.359375000      0.578125000     -0.117378548      0.162875593      -2.52922736E-02
  0.390625000      0.578125000     -0.127611995      0.147359669      -2.71477476E-02
  0.421875000      0.578125000     -0.137690127      0.129124284      -2.89181918E-02
  0.453125000      0.578125000     -0.147653237      0.108027771      -3.04799937E-02
  0.484375000      0.578125000     -0.157483727       8.39011967E-02  -3.16898376E-02
  0.515625000      0.578125000     -0.167082340       5.65929599E-02  -3.23906429E-02
  0.546875000      0.578125000     -0.176244289       2.60215476E-02  -3.24221998E-02
  0.578125000      0.578125000     -0.184641480      -7.76170054E-03  -3.16392109E-02
  0.609375000      0.578125000     -0.191828758      -4.43912819E-02  -2.98799388E-02
  0.640625000      0.578125000     -0.197269529      -8.36028010E-02  -2.68694088E-02
  0.671875000      0.578125000     -0.200306356     -0.124753222      -2.25822702E-02
  0.703125000      0.578125000     -0.200122416     -0.166712895      -1.71041135E-02
  0.734375000      0.578125000     -0.195770144     -0.207728088      -1.06713846E-02
  0.765625000      0.578125000     -0.186251149     -0.245253116      -3.70090967E-03
  0.796875000      0.578125000     -0.170673132     -0.275782287       3.20370868E-03
  0.828125000      0.578125000     -0.148518413     -0.294755340       9.28852987E-03
  0.859375000      0.578125000     -0.120058835     -0.296681404       1.37490518E-02
  0.890625000      0.578125000      -8.69208351E-02 -0.275768757       1.59010738E-02
  0.921875000      0.578125000      -5.26810735E-02 -0.227496207       1.53887514E-02
  0.953125000      0.578125000      -2.30806842E-02 -0.151379719       1.23267323E-02
  0.984375000      0.578125000      -5.14461333E-03  -5.37121855E-02   7.22514745E-03
   1.56250000E-02  0.609375000      -1.35278818E-03   3.77059244E-02  -1.58782285E-02
   4.68750000E-02  0.609375000      -6.12244569E-03   9.72458124E-02  -1.72764547E-02
   7.81250000E-02  0.609375000      -1.43067148E-02  0.141649812      -1.83761269E-02
  0.109375000      0.609375000      -2.45615430E-02  0.172742486      -1.92764550E-02
  0.140625000      0.609375000      -3.57813463E-02  0.192824632      -2.01003235E-02
  0.171875000      0.609375000      -4.71785218E-02  0.204184234      -2.09654700E-02
  0.203125000      0.609375000      -5.82651794E-02  0.208809555      -2.19672360E-02
  0.234375000      0.609375000      -6.87934607E-02  0.208272859      -2.31711604E-02
  0.265625000      0.609375000      -7.86893070E-02  0.203722715      -2.46113744E-02
  0.296875000      0.609375000      -8.79951343E-02  0.195931405      -2.62916870E-02
  0.328125000      0.609375000      -9.68252718E-02  0.185361773      -2.81869844E-02
  0.359375000      0.609375000     -0.105332449      0.172234729      -3.02442163E-02
  0.390625000      0.609375000     -0.113682009      0.156588197      -3.23824063E-02
  0.421875000      0.609375000     -0.122030392      0.138327420      -3.44925299E-02
  0.453125000      0.609375000     -0.130505174      0.117268123      -3.64379361E-02
  0.484375000      0.609375000     -0.139184117       9.31762308E-02  -3.80561352E-02
  0.515625000      0.609375000     -0.148070186       6.58087134E-02  -3.91632020E-02
  0.546875000      0.609375000     -0.157061666       3.49654295E-02  -3.95636670E-02
  0.578125000      0.609375000     -0.165925458       5.61521272E-04  -3.90707180E-02
  0.609375000      0.609375000     -0.174243703      -3.72030325E-02  -3.75409387E-02
  0.640625000      0.609375000     -0.181492463      -7.80958533E-02  -3.45688276E-02
  0.671875000      0.609375000     -0.187040508     -0.121670052      -3.00621130E-02
  0.703125000      0.609375000     -0.190028101     -0.166987672      -2.40460504E-02
  0.734375000      0.609375000     -0.189379260     -0.212450221      -1.67130679E-02
  0.765625000      0.609375000     -0.183854580     -0.255571008      -8.46991036E-03
  0.796875000      0.609375000     -0.172189116     -0.292704791       3.33611024E-05
  0.828125000      0.609375000     -0.153362170     -0.318811893       7.91851059E-03
  0.859375000      0.609375000     -0.127059340     -0.327385187       1.41706048E-02
  0.890625000      0.609375000      -9.43777710E-02 -0.310882926       1.78310163E-02
  0.921875000      0.609375000      -5.87091446E-02 -0.262289196       1.82741769E-02
  0.953125000      0.609375000      -2.63790358E-02 -0.178516239       1.54478634E-02
  0.984375000      0.609375000      -6.01674989E-03  -6.48732185E-02   9.85556841E-03
   1.56250000E-02  0.640625000      -1.42295822E-03   4.04822156E-02  -2.10504550E-02
   4.68750000E-02  0.640625000      -6.37783390E-03  0.104195185      -2.24988647E-02
   7.81250000E-02  0.640625000      -1.46952812E-02  0.151203290      -2.35701352E-02
  0.109375000      0.640625000      -2.47869156E-02  0.183536589      -2.43610069E-02
  0.140625000      0.640625000      -3.54018323E-02  0.203866422      -2.50185914E-02
  0.171875000      0.640625000      -4.57137451E-02  0.214852840      -2.56963558E-02
  0.203125000      0.640625000      -5.52700311E-02  0.218785495      -2.65250150E-02
  0.234375000      0.640625000      -6.38965443E-02  0.217453718      -2.75988095E-02
  0.265625000      0.640625000      -7.16067180E-02  0.212150350      -2.89721284E-02
  0.296875000      0.640625000      -7.85310119E-02  0.203736886      -3.06610316E-02
  0.328125000      0.640625000      -8.48674700E-02  0.192726448      -3.26461382E-02
  0.359375000      0.640625000      -9.08487290E-02  0.179362625      -3.48748229E-02
  0.390625000      0.640625000      -9.67190266E-02  0.163684875      -3.72620448E-02
  0.421875000      0.640625000     -0.102716252      0.145581543      -3.96902040E-02
  0.453125000      0.640625000     -0.109056473      0.124834612      -4.20096107E-02
  0.484375000      0.640625000     -0.115918621      0.101156786      -4.40391153E-02
  0.515625000      0.640625000     -0.123422638       7.42243230E-02  -4.55679037E-02
  0.546875000      0.640625000     -0.131596476       4.37212810E-02  -4.63610291E-02
  0.578125000      0.640625000     -0.140328169       9.40717291E-03  -4.61694933E-02
  0.609375000      0.640625000     -0.149284065      -2.87687518E-02  -4.49277759E-02
  0.640625000      0.640625000     -0.158011138      -7.05488622E-02  -4.20675389E-02
  0.671875000      0.640625000     -0.165937766     -0.115737408      -3.74164507E-02
  0.703125000      0.640625000     -0.172212332     -0.163653702      -3.09237465E-02
  0.734375000      0.640625000     -0.175684154     -0.212957293      -2.27148384E-02
  0.765625000      0.640625000     -0.174908370     -0.261361033      -1.31564811E-02
  0.796875000      0.640625000     -0.168247446     -0.305238396      -2.91565619E-03
  0.828125000      0.640625000     -0.154119372     -0.339231074       7.02411681E-03
  0.859375000      0.640625000     -0.131480649     -0.355905831       1.54301673E-02
  0.890625000      0.640625000     -0.100661233     -0.345861971       2.10211203E-02
  0.921875000      0.640625000      -6.45669103E-02 -0.299072146       2.28132159E-02
  0.953125000      0.640625000      -2.98883915E-02 -0.208741188       2.04881914E-02
  0.984375000      0.640625000      -7.00432993E-03  -7.78941065E-02   1.44724865E-02
   1.56250000E-02  0.671875000      -1.59181235E-03   4.34976779E-02  -2.66171359E-02
   4.68750000E-02  0.671875000      -7.00267963E-03  0.111546904      -2.81742625E-02
   7.81250000E-02  0.671875000      -1.57596879E-02  0.160927474      -2.91965418E-02
  0.109375000      0.671875000      -2.58644428E-02  0.194010168      -2.97911651E-02
  0.140625000      0.671875000      -3.58587541E-02  0.214003429      -3.01539972E-02
  0.171875000      0.671875000      -4.48866338E-02  0.224057063      -3.04988697E-02
  0.203125000      0.671875000      -5.25703244E-02  0.226822898      -3.10105421E-02
  0.234375000      0.671875000      -5.88534847E-02  0.224327981      -3.18233222E-02
  0.265625000      0.671875000      -6.38733134E-02  0.218008533      -3.30168158E-02
  0.296875000      0.671875000      -6.78731799E-02  0.208805814      -3.46200392E-02
  0.328125000      0.671875000      -7.11490661E-02  0.197273374      -3.66176851E-02
  0.359375000      0.671875000      -7.40195662E-02  0.183671519      -3.89552191E-02
  0.390625000      0.671875000      -7.68083781E-02  0.168039739      -4.15409990E-02
  0.421875000      0.671875000      -7.98306167E-02  0.150251284      -4.42466512E-02
  0.453125000      0.671875000      -8.33828896E-02  0.130062848      -4.69082668E-02
  0.484375000      0.671875000      -8.77378732E-02  0.107151419      -4.93275113E-02
  0.515625000      0.671875000      -9.31300819E-02   8.11317638E-02  -5.12693524E-02
  0.546875000      0.671875000      -9.97250229E-02   5.15884385E-02  -5.24650887E-02
  0.578125000      0.671875000     -0.107570335       1.81226619E-02  -5.26193306E-02
  0.609375000      0.671875000     -0.116508469      -1.95848439E-02  -5.15888743E-02
  0.640625000      0.671875000     -0.126202986      -6.13062046E-02  -4.88985106E-02
  0.671875000      0.671875000     -0.136160284     -0.107091695      -4.41620089E-02
  0.703125000      0.671875000     -0.145615816     -0.156565398      -3.72485779E-02
  0.734375000      0.671875000     -0.153433427     -0.208752826      -2.81961020E-02
  0.765625000      0.671875000     -0.158033907     -0.261738032      -1.72960497E-02
  0.796875000      0.671875000     -0.157444641     -0.312109351      -5.19501325E-03
  0.828125000      0.671875000     -0.149495274     -0.354435772       7.05230469E-03
  0.859375000      0.671875000     -0.132276550     -0.380557239       1.80047229E-02
  0.890625000      0.671875000     -0.105082393     -0.379223198       2.60174405E-02
  0.921875000      0.671875000      -6.99461251E-02 -0.336940914       2.96487100E-02
  0.953125000      0.671875000      -3.35646123E-02 -0.241932154       2.81852130E-02
  0.984375000      0.671875000      -8.12664255E-03  -9.30250660E-02   2.18676198E-02
   1.56250000E-02  0.703125000      -1.92185270E-03   4.70121279E-02  -3.26677561E-02
   4.68750000E-02  0.703125000      -8.21039174E-03  0.119733498      -3.44172493E-02
   7.81250000E-02  0.703125000      -1.78535525E-02  0.171142638      -3.53448987E-02
  0.109375000      0.703125000      -2.82027684E-02  0.204250410      -3.56017426E-02
  0.140625000      0.703125000      -3.75320017E-02  0.223088145      -3.54778394E-02
  0.171875000      0.703125000      -4.49962206E-02  0.231465906      -3.52862626E-02
  0.203125000      0.703125000      -5.03646620E-02  0.232467800      -3.52911130E-02
  0.234375000      0.703125000      -5.37657961E-02  0.228369236      -3.56789455E-02
  0.265625000      0.703125000      -5.55100590E-02  0.220733613      -3.65573838E-02
  0.296875000      0.703125000      -5.59845418E-02  0.210557818      -3.79655473E-02
  0.328125000      0.703125000      -5.55985644E-02  0.198414564      -3.98869663E-02
  0.359375000      0.703125000      -5.47616296E-02  0.184567720      -4.22604531E-02
  0.390625000      0.703125000      -5.38761579E-02  0.169051200      -4.49833795E-02
  0.421875000      0.703125000      -5.33274412E-02  0.151718140      -4.79111001E-02
  0.453125000      0.703125000      -5.34768477E-02  0.132302821      -5.08622713E-02
  0.484375000      0.703125000      -5.46725020E-02  0.110467434      -5.36239259E-02
  0.515625000      0.703125000      -5.72466329E-02   8.57875198E-02  -5.59390932E-02
  0.546875000      0.703125000      -6.14899024E-02   5.77762388E-02  -5.75105697E-02
  0.578125000      0.703125000      -6.76189512E-02   2.59143338E-02  -5.80110736E-02
  0.609375000      0.703125000      -7.57345557E-02  -1.03179859E-02  -5.71063608E-02
  0.640625000      0.703125000      -8.56691599E-02  -5.09396233E-02  -5.45846969E-02
  0.671875000      0.703125000      -9.70397294E-02  -9.61267203E-02  -4.97753248E-02
  0.703125000      0.703125000     -0.109277196     -0.145834267      -4.24665660E-02
  0.734375000      0.703125000     -0.121385038     -0.199555963      -3.25905234E-02
  0.765625000      0.703125000     -0.131761760     -0.255955696      -2.03168020E-02
  0.796875000      0.703125000     -0.138194352     -0.312046826      -6.23430870E-03
  0.828125000      0.703125000     -0.137953922     -0.362687021       8.58399924E-03
  0.859375000      0.703125000     -0.128151268     -0.399326682       2.25212798E-02
  0.890625000      0.703125000     -0.106751531     -0.409047306       3.35418880E-02
  0.921875000      0.703125000      -7.44315535E-02 -0.374573052       3.96351330E-02
  0.953125000      0.703125000      -3.73507217E-02 -0.277762681       3.95255350E-02
  0.984375000      0.703125000      -9.41587426E-03 -0.110567808       3.31096277E-02
   1.56250000E-02  0.734375000      -2.51081376E-03   5.14456145E-02  -3.94041501E-02
   4.68750000E-02  0.734375000      -1.03063872E-02  0.129385814      -4.14526165E-02
   7.81250000E-02  0.734375000      -2.14254651E-02  0.182254180      -4.21824269E-02
  0.109375000      0.734375000      -3.22416015E-02  0.214305624      -4.18655127E-02
  0.140625000      0.734375000      -4.07344438E-02  0.230856270      -4.09675539E-02
  0.171875000      0.734375000      -4.61738706E-02  0.236602679      -3.99595983E-02
  0.203125000      0.734375000      -4.85978723E-02  0.235124797      -3.92157733E-02
  0.234375000      0.734375000      -4.84148413E-02  0.228931844      -3.89843620E-02
  0.265625000      0.734375000      -4.61703911E-02  0.219672650      -3.93978730E-02
  0.296875000      0.734375000      -4.24296185E-02  0.208354801      -4.04960401E-02
  0.328125000      0.734375000      -3.77300307E-02  0.195534885      -4.22499329E-02
  0.359375000      0.734375000      -3.25739384E-02  0.181457788      -4.45847511E-02
  0.390625000      0.734375000      -2.74406113E-02  0.166146249      -4.73820008E-02
  0.421875000      0.734375000      -2.27794219E-02  0.149417520      -5.04698604E-02
  0.453125000      0.734375000      -1.89972967E-02  0.130975366      -5.36403283E-02
  0.484375000      0.734375000      -1.64920948E-02  0.110490173      -5.66755421E-02
  0.515625000      0.734375000      -1.56655386E-02   8.75172466E-02  -5.92939779E-02
  0.546875000      0.734375000      -1.69042870E-02   6.15332909E-02  -6.11674041E-02
  0.578125000      0.734375000      -2.05742009E-02   3.19607295E-02  -6.19308278E-02
  0.609375000      0.734375000      -2.69860700E-02  -1.83280732E-03  -6.11701980E-02
  0.640625000      0.734375000      -3.61967720E-02  -4.02759761E-02  -5.86908422E-02
  0.671875000      0.734375000      -4.80781831E-02  -8.35355520E-02  -5.37490025E-02
  0.703125000      0.734375000      -6.23591766E-02 -0.131904811      -4.60162461E-02
  0.734375000      0.734375000      -7.83295855E-02 -0.185405642      -3.53091583E-02
  0.765625000      0.734375000      -9.45255309E-02 -0.243532389      -2.15854421E-02
  0.796875000      0.734375000     -0.108679086     -0.303883523      -5.38001955E-03
  0.828125000      0.734375000     -0.117629990     -0.362139821       1.23051498E-02
  0.859375000      0.734375000     -0.117447436     -0.409859419       2.97462791E-02
  0.890625000      0.734375000     -0.104472868     -0.432889462       4.45105284E-02
  0.921875000      0.734375000      -7.74335563E-02 -0.410090953       5.38937598E-02
  0.953125000      0.734375000      -4.11623195E-02 -0.315597892       5.58351874E-02
  0.984375000      0.734375000      -1.09233353E-02 -0.130907506       4.96606454E-02
   1.56250000E-02  0.765625000      -3.51502094E-03   5.74722141E-02  -4.72379997E-02
   4.68750000E-02  0.765625000      -1.37237282E-02  0.141365051      -4.96938191E-02
   7.81250000E-02  0.765625000      -2.70002522E-02  0.194671988      -4.99948114E-02
  0.109375000      0.765625000      -3.83400321E-02  0.224044934      -4.87023667E-02
  0.140625000      0.765625000      -4.55095172E-02  0.236780256      -4.65990305E-02
  0.171875000      0.765625000      -4.81113158E-02  0.238720745      -4.43959907E-02
  0.203125000      0.765625000      -4.66421321E-02  0.233962387      -4.26068939E-02
  0.234375000      0.765625000      -4.19126153E-02  0.225182712      -4.15400565E-02
  0.265625000      0.765625000      -3.47711071E-02  0.214037120      -4.13379036E-02
  0.296875000      0.765625000      -2.59903967E-02  0.201470569      -4.20205966E-02
  0.328125000      0.765625000      -1.62513889E-02  0.187982768      -4.35235947E-02
  0.359375000      0.765625000      -6.14708755E-03  0.173752323      -4.57523391E-02
  0.390625000      0.765625000       3.77812469E-03  0.158796519      -4.85746525E-02
  0.421875000      0.765625000       1.30167678E-02  0.142871231      -5.17679900E-02
  0.453125000      0.765625000       2.11181045E-02  0.125642359      -5.51412255E-02
  0.484375000      0.765625000       2.76662335E-02  0.106774181      -5.83892278E-02
  0.515625000      0.765625000       3.22543457E-02   8.58229101E-02  -6.11985028E-02
  0.546875000      0.765625000       3.44590992E-02   6.22657724E-02  -6.32218122E-02
  0.578125000      0.765625000       3.38457003E-02   3.55153382E-02  -6.40666485E-02
  0.609375000      0.765625000       2.99789868E-02   4.89442283E-03  -6.33109733E-02
  0.640625000      0.765625000       2.24816091E-02  -3.02925035E-02  -6.08346201E-02
  0.671875000      0.765625000       1.11240186E-02  -7.02781081E-02  -5.56594916E-02
  0.703125000      0.765625000      -4.16366849E-03 -0.115592435      -4.74058315E-02
  0.734375000      0.765625000      -2.31154114E-02 -0.166795433      -3.58589031E-02
  0.765625000      0.765625000      -4.46465239E-02 -0.224415660      -2.04779394E-02
  0.796875000      0.765625000      -6.67864382E-02 -0.286707431      -1.98276900E-03
  0.828125000      0.765625000      -8.61930177E-02 -0.350959480       1.89241283E-02
  0.859375000      0.765625000      -9.79514569E-02 -0.409465194       4.05236185E-02
  0.890625000      0.765625000      -9.65456888E-02 -0.447665572       6.00157231E-02
  0.921875000      0.765625000      -7.80442953E-02 -0.440857232       7.38653541E-02
  0.953125000      0.765625000      -4.48375195E-02 -0.354311466       7.89098442E-02
  0.984375000      0.765625000      -1.27202803E-02 -0.154551893       7.35653788E-02
   1.56250000E-02  0.796875000      -5.18612517E-03   6.61740005E-02  -5.69845326E-02
   4.68750000E-02  0.796875000      -1.90489776E-02  0.156736106      -5.98784611E-02
   7.81250000E-02  0.796875000      -3.50618623E-02  0.208591461      -5.92397749E-02
  0.109375000      0.796875000      -4.64759469E-02  0.232880145      -5.62759489E-02
  0.140625000      0.796875000      -5.11806160E-02  0.239819735      -5.23191541E-02
  0.171875000      0.796875000      -4.95122634E-02  0.236615002      -4.84207794E-02
  0.203125000      0.796875000      -4.26942222E-02  0.227781117      -4.52413186E-02
  0.234375000      0.796875000      -3.20718139E-02  0.216012403      -4.31191847E-02
  0.265625000      0.796875000      -1.88522767E-02  0.202847004      -4.21723500E-02
  0.296875000      0.796875000      -4.00990248E-03  0.189038664      -4.23682071E-02
  0.328125000      0.796875000       1.15910387E-02  0.175076336      -4.36114594E-02
  0.359375000      0.796875000       2.71905474E-02  0.160957143      -4.57705781E-02
  0.390625000      0.796875000       4.22499329E-02  0.146609873      -4.86153476E-02
  0.421875000      0.796875000       5.63279539E-02  0.131744474      -5.19172922E-02
  0.453125000      0.796875000       6.89929873E-02  0.116006404      -5.54197282E-02
  0.484375000      0.796875000       7.98244029E-02   9.90344137E-02  -5.88109940E-02
  0.515625000      0.796875000       8.84017199E-02   8.04010183E-02  -6.17445447E-02
  0.546875000      0.796875000       9.42766815E-02   5.96114881E-02  -6.38330728E-02
  0.578125000      0.796875000       9.69620720E-02   3.61007452E-02  -6.46419302E-02
  0.609375000      0.796875000       9.59313959E-02   9.20889061E-03  -6.36890233E-02
  0.640625000      0.796875000       9.06532630E-02  -2.18296871E-02  -6.07523397E-02
  0.671875000      0.796875000       8.06706995E-02  -5.73997498E-02  -5.49418777E-02
  0.703125000      0.796875000       6.56319037E-02  -9.81441513E-02  -4.58054394E-02
  0.734375000      0.796875000       4.53263149E-02 -0.144987047      -3.30101177E-02
  0.765625000      0.796875000       1.97251849E-02 -0.199093133      -1.64150186E-02
  0.796875000      0.796875000      -1.00671686E-02 -0.260099560       4.42904606E-03
  0.828125000      0.796875000      -4.06583250E-02 -0.327571779       2.90047079E-02
  0.859375000      0.796875000      -6.65641651E-02 -0.395191014       5.56192100E-02
  0.890625000      0.796875000      -8.03917646E-02 -0.449520499       8.12240615E-02
  0.921875000      0.796875000      -7.47346282E-02 -0.463163495      0.101327367    
  0.953125000      0.796875000      -4.79949191E-02 -0.391954541      0.111196741    
  0.984375000      0.796875000      -1.48751494E-02 -0.182148457      0.107763097    
   1.56250000E-02  0.828125000      -7.91720301E-03   7.92777836E-02  -7.02646300E-02
   4.68750000E-02  0.828125000      -2.69659124E-02  0.176544771      -7.32979923E-02
   7.81250000E-02  0.828125000      -4.56488654E-02  0.223479301      -7.05942959E-02
  0.109375000      0.828125000      -5.54958247E-02  0.239253625      -6.47435039E-02
  0.140625000      0.828125000      -5.53726777E-02  0.238027677      -5.79704046E-02
  0.171875000      0.828125000      -4.70004342E-02  0.228366047      -5.17479517E-02
  0.203125000      0.828125000      -3.26466970E-02  0.214857772      -4.68141362E-02
  0.234375000      0.828125000      -1.42801469E-02  0.199946374      -4.34473678E-02
  0.265625000      0.828125000       6.49618451E-03  0.184917003      -4.17214148E-02
  0.296875000      0.828125000       2.83345282E-02  0.170288280      -4.14348058E-02
  0.328125000      0.828125000       5.02781868E-02  0.156283051      -4.24450003E-02
  0.359375000      0.828125000       7.17221126E-02  0.142708540      -4.45227697E-02
  0.390625000      0.828125000       9.21821669E-02  0.129341200      -4.74032313E-02
  0.421875000      0.828125000      0.111254677      0.115865305      -5.08079976E-02
  0.453125000      0.828125000      0.128553793      0.101924531      -5.44340312E-02
  0.484375000      0.828125000      0.143690377       8.71515721E-02  -5.79402633E-02
  0.515625000      0.828125000      0.156256124       7.11440295E-02  -6.09465763E-02
  0.546875000      0.828125000      0.165800482       5.34521565E-02  -6.30275831E-02
  0.578125000      0.828125000      0.171812803       3.35649326E-02  -6.37060851E-02
  0.609375000      0.828125000      0.173711166       1.08789001E-02  -6.24488592E-02
  0.640625000      0.828125000      0.170851842      -1.53611340E-02  -5.88768050E-02
  0.671875000      0.828125000      0.162562996      -4.55966480E-02  -5.22168800E-02
  0.703125000      0.828125000      0.148176014      -8.05221274E-02  -4.19190004E-02
  0.734375000      0.828125000      0.127064809     -0.121193826      -2.74942983E-02
  0.765625000      0.828125000       9.87748504E-02 -0.168997586      -8.54839198E-03
  0.796875000      0.828125000       6.35621995E-02 -0.225193053       1.51877068E-02
  0.828125000      0.828125000       2.28598975E-02 -0.291188180       4.33380343E-02
  0.859375000      0.828125000      -1.87562555E-02 -0.364056230       7.54129812E-02
  0.890625000      0.828125000      -5.18632270E-02 -0.433724463      0.109098464    
  0.921875000      0.828125000      -6.47182018E-02 -0.471765459      0.138279647    
  0.953125000      0.828125000      -4.96661365E-02 -0.425148129      0.156019777    
  0.984375000      0.828125000      -1.73595436E-02 -0.214384615      0.156609714    
   1.56250000E-02  0.859375000      -1.22455396E-02   9.94407386E-02  -9.03747380E-02
   4.68750000E-02  0.859375000      -3.78471054E-02  0.201032445      -9.21499878E-02
   7.81250000E-02  0.859375000      -5.71383983E-02  0.236965939      -8.49010646E-02
  0.109375000      0.859375000      -6.12963699E-02  0.239771530      -7.40657672E-02
  0.140625000      0.859375000      -5.19163609E-02  0.228005767      -6.31033704E-02
  0.171875000      0.859375000      -3.29764858E-02  0.211074650      -5.38602062E-02
  0.203125000      0.859375000      -8.00972153E-03  0.192827374      -4.68756072E-02
  0.234375000      0.859375000       2.02099849E-02  0.175389305      -4.22310159E-02
  0.265625000      0.859375000       4.95866314E-02  0.159320146      -3.97017226E-02
  0.296875000      0.859375000       7.89244175E-02  0.144708559      -3.90244424E-02
  0.328125000      0.859375000      0.107510470      0.131333247      -3.98843996E-02
  0.359375000      0.859375000      0.134856701      0.118869051      -4.19620872E-02
  0.390625000      0.859375000      0.160594165      0.106984712      -4.49340530E-02
  0.421875000      0.859375000      0.184411824       9.53337774E-02  -4.84728813E-02
  0.453125000      0.859375000      0.206005827       8.35655108E-02  -5.22346944E-02
  0.484375000      0.859375000      0.225052059       7.13305548E-02  -5.58458120E-02
  0.515625000      0.859375000      0.241187051       5.82670495E-02  -5.88935539E-02
  0.546875000      0.859375000      0.253988206       4.39861044E-02  -6.09171689E-02
  0.578125000      0.859375000      0.262954414       2.80545317E-02  -6.13995343E-02
  0.609375000      0.859375000      0.267484069       9.96265374E-03  -5.97608499E-02
  0.640625000      0.859375000      0.266851127      -1.09520862E-02  -5.54076135E-02
  0.671875000      0.859375000      0.260217696      -3.50837633E-02  -4.77601402E-02
  0.703125000      0.859375000      0.246674091      -6.31056726E-02  -3.61550003E-02
  0.734375000      0.859375000      0.225261316      -9.60885137E-02  -1.99406669E-02
  0.765625000      0.859375000      0.195045039     -0.135599732       1.50192843E-03
  0.796875000      0.859375000      0.155401260     -0.183738247       2.87014879E-02
  0.828125000      0.859375000      0.106558263     -0.243102029       6.18981570E-02
  0.859375000      0.859375000       5.09880781E-02 -0.314960718      0.100800641    
  0.890625000      0.859375000      -3.97357531E-03 -0.394756138      0.143804342    
  0.921875000      0.859375000      -4.26093712E-02 -0.459247828      0.186449453    
  0.953125000      0.859375000      -4.73753028E-02 -0.447956681      0.217753053    
  0.984375000      0.859375000      -1.97580960E-02 -0.251504004      0.226780742    
   1.56250000E-02  0.890625000      -1.85162909E-02  0.130202487     -0.124252006    
   4.68750000E-02  0.890625000      -4.99914810E-02  0.227347180     -0.119887412    
   7.81250000E-02  0.890625000      -6.27150163E-02  0.242665440     -0.102666065    
  0.109375000      0.890625000      -5.24343774E-02  0.227948293      -8.34614486E-02
  0.140625000      0.890625000      -2.63952613E-02  0.204408273      -6.65575713E-02
  0.171875000      0.890625000       8.47183727E-03  0.180863172      -5.38591668E-02
  0.203125000      0.890625000       4.69702147E-02  0.159571573      -4.47150208E-02
  0.234375000      0.890625000       8.60663801E-02  0.141327187      -3.88924852E-02
  0.265625000      0.890625000      0.124342382      0.125727892      -3.58184464E-02
  0.296875000      0.890625000      0.161019295      0.112284943      -3.49633284E-02
  0.328125000      0.890625000      0.195685193      0.100504413      -3.58568206E-02
  0.359375000      0.890625000      0.228103191       8.99338871E-02  -3.80809344E-02
  0.390625000      0.890625000      0.258108646       8.01779330E-02  -4.12503295E-02
  0.421875000      0.890625000      0.285551757       7.08814263E-02  -4.49936986E-02
  0.453125000      0.890625000      0.310259700       6.17180020E-02  -4.89338264E-02
  0.484375000      0.890625000      0.332013488       5.23803756E-02  -5.26694320E-02
  0.515625000      0.890625000      0.350531757       4.25662883E-02  -5.57610616E-02
  0.546875000      0.890625000      0.365455717       3.19638811E-02  -5.77181391E-02
  0.578125000      0.890625000      0.376331866       2.02360526E-02  -5.79890646E-02
  0.609375000      0.890625000      0.382585168       6.99912198E-03  -5.59542589E-02
  0.640625000      0.890625000      0.383454055      -8.22433922E-03  -5.07945716E-02
  0.671875000      0.890625000      0.378019273      -2.57440135E-02  -4.21841741E-02
  0.703125000      0.890625000      0.365259349      -4.61435542E-02  -2.93353498E-02
  0.734375000      0.890625000      0.344000161      -7.03812838E-02  -1.14256479E-02
  0.765625000      0.890625000      0.312884271      -9.99783427E-02   1.24225039E-02
  0.796875000      0.890625000      0.270449460     -0.137285352       4.31514159E-02
  0.828125000      0.890625000      0.215472594     -0.185739934       8.17290843E-02
  0.859375000      0.890625000      0.148085237     -0.249370560      0.128971875    
  0.890625000      0.890625000       7.25454837E-02 -0.329850435      0.184789211    
  0.921875000      0.890625000       2.46555544E-03 -0.415443420      0.245970160    
  0.953125000      0.890625000      -3.47770751E-02 -0.449758053      0.301526487    
  0.984375000      0.890625000      -2.04187836E-02 -0.291682869      0.328997105    
   1.56250000E-02  0.921875000      -2.46951394E-02  0.173413590     -0.187033504    
   4.68750000E-02  0.921875000      -5.25724366E-02  0.243487746     -0.160538837    
   7.81250000E-02  0.921875000      -4.00446802E-02  0.226719454     -0.122048572    
  0.109375000      0.921875000       4.84003685E-04  0.193083286      -9.01769251E-02
  0.140625000      0.921875000       5.25028557E-02  0.161213085      -6.62113279E-02
  0.171875000      0.921875000      0.106557533      0.135133922      -4.98238914E-02
  0.203125000      0.921875000      0.158825994      0.114531152      -3.91211510E-02
  0.234375000      0.921875000      0.207844228       9.82504338E-02  -3.27566415E-02
  0.265625000      0.921875000      0.253174514       8.51959735E-02  -2.96692196E-02
  0.296875000      0.921875000      0.294800699       7.45120272E-02  -2.90562175E-02
  0.328125000      0.921875000      0.332863867       6.55472055E-02  -3.03006433E-02
  0.359375000      0.921875000      0.367534935       5.78017309E-02  -3.29050794E-02
  0.390625000      0.921875000      0.398954868       5.08851856E-02  -3.64406556E-02
  0.421875000      0.921875000      0.427206248       4.44808416E-02  -4.05097753E-02
  0.453125000      0.921875000      0.452297866       3.83206680E-02  -4.47170772E-02
  0.484375000      0.921875000      0.474156022       3.21676806E-02  -4.86466922E-02
  0.515625000      0.921875000      0.492618024       2.58006826E-02  -5.18435612E-02
  0.546875000      0.921875000      0.507424712       1.90007277E-02  -5.37977703E-02
  0.578125000      0.921875000      0.518209994       1.15390830E-02  -5.39309941E-02
  0.609375000      0.921875000      0.524479568       3.17387283E-03  -5.15891090E-02
  0.640625000      0.921875000      0.525527000      -6.31546695E-03  -4.58418503E-02
  0.671875000      0.921875000      0.520490170      -1.71821602E-02  -3.65502536E-02
  0.703125000      0.921875000      0.508399844      -2.98569873E-02  -2.28183717E-02
  0.734375000      0.921875000      0.488039285      -4.50508818E-02  -3.67134367E-03
  0.765625000      0.921875000      0.457807988      -6.39652535E-02   2.20242646E-02
  0.796875000      0.921875000      0.415586799      -8.86469781E-02   5.56714721E-02
  0.828125000      0.921875000      0.358707070     -0.122526884       9.91028324E-02
  0.859375000      0.921875000      0.284435391     -0.170930177      0.154757231    
  0.890625000      0.921875000      0.192096025     -0.240417570      0.225560725    
  0.921875000      0.921875000       8.92775655E-02 -0.331983924      0.313198149    
  0.953125000      0.921875000       4.71932720E-03 -0.411422789      0.410741270    
  0.984375000      0.921875000      -1.37792686E-02 -0.325883150      0.481899977    
   1.56250000E-02  0.953125000      -1.42222336E-02  0.212330461     -0.311660945    
   4.68750000E-02  0.953125000       3.49504221E-03  0.214729726     -0.211879149    
   7.81250000E-02  0.953125000       7.90312663E-02  0.167411909     -0.135039538    
  0.109375000      0.953125000      0.164402202      0.126489073      -8.66255090E-02
  0.140625000      0.953125000      0.243073180       9.71147269E-02  -5.69574311E-02
  0.171875000      0.953125000      0.311852962       7.63946325E-02  -3.90537903E-02
  0.203125000      0.953125000      0.371243477       6.16081133E-02  -2.85677500E-02
  0.234375000      0.953125000      0.422598302       5.07971495E-02  -2.30018497E-02
  0.265625000      0.953125000      0.467251420       4.26629521E-02  -2.08495315E-02
  0.296875000      0.953125000      0.506315708       3.63523476E-02  -2.11396497E-02
  0.328125000      0.953125000      0.540664315       3.12936530E-02  -2.31971145E-02
  0.359375000      0.953125000      0.570956111       2.70917062E-02  -2.65101474E-02
  0.390625000      0.953125000      0.597668052       2.34634168E-02  -3.06523833E-02
  0.421875000      0.953125000      0.621123075       2.01969706E-02  -3.52335498E-02
  0.453125000      0.953125000      0.641511381       1.71259101E-02  -3.98658589E-02
  0.484375000      0.953125000      0.658905208       1.41120292E-02  -4.41391170E-02
  0.515625000      0.953125000      0.673268080       1.10332249E-02  -4.76003103E-02
  0.546875000      0.953125000      0.684457898       7.77328480E-03  -4.97358218E-02
  0.578125000      0.953125000      0.692225456       4.21475759E-03  -4.99530584E-02
  0.609375000      0.953125000      0.696206808       2.47824588E-04  -4.75639291E-02
  0.640625000      0.953125000      0.695898771      -4.12895530E-03  -4.17886376E-02
  0.671875000      0.953125000      0.690688431      -9.12238844E-03  -3.24032344E-02
  0.703125000      0.953125000      0.679826736      -1.49665251E-02  -1.84864067E-02
  0.734375000      0.953125000      0.662281096      -2.20380016E-02   1.01704709E-03
  0.765625000      0.953125000      0.636545062      -3.10144499E-02   2.74163522E-02
  0.796875000      0.953125000      0.600324631      -4.31605577E-02   6.24825880E-02
  0.828125000      0.953125000      0.550060511      -6.08746260E-02  0.108839765    
  0.859375000      0.953125000      0.480395705      -8.86516571E-02  0.170701236    
  0.890625000      0.953125000      0.384346604     -0.134313628      0.255136758    
  0.921875000      0.953125000      0.257134199     -0.208063185      0.373449028    
  0.953125000      0.953125000      0.112265207     -0.305922687      0.537267566    
  0.984375000      0.953125000       1.95198730E-02 -0.320144832      0.720232666    
   1.56250000E-02  0.984375000      0.113276049      0.113276213     -0.558296800    
   4.68750000E-02  0.984375000      0.317946792       9.13949162E-02 -0.236746505    
   7.81250000E-02  0.984375000      0.471248478       6.19073436E-02 -0.112685293    
  0.109375000      0.984375000      0.575512111       4.23571020E-02  -5.89361787E-02
  0.140625000      0.984375000      0.647976696       3.01085785E-02  -3.25396396E-02
  0.171875000      0.984375000      0.700339377       2.22553723E-02  -1.88018829E-02
  0.203125000      0.984375000      0.739643276       1.70498639E-02  -1.18909813E-02
  0.234375000      0.984375000      0.770166278       1.34744858E-02  -9.15034115E-03
  0.265625000      0.984375000      0.794567823       1.09282257E-02  -9.19485930E-03
  0.296875000      0.984375000      0.814541817       9.04667284E-03  -1.12032993E-02
  0.328125000      0.984375000      0.831189394       7.60161923E-03  -1.46247651E-02
  0.359375000      0.984375000      0.845235586       6.44494221E-03  -1.90416984E-02
  0.390625000      0.984375000      0.857157111       5.47662843E-03  -2.40972620E-02
  0.421875000      0.984375000      0.867260039       4.62619355E-03  -2.94532329E-02
  0.453125000      0.984375000      0.875727892       3.84138152E-03  -3.47612910E-02
  0.484375000      0.984375000      0.882650852       3.08104046E-03  -3.96413431E-02
  0.515625000      0.984375000      0.888043046       2.31057871E-03  -4.36644293E-02
  0.546875000      0.984375000      0.891852319       1.49812899E-03  -4.63342667E-02
  0.578125000      0.984375000      0.893963218       6.12359960E-04  -4.70670126E-02
  0.609375000      0.984375000      0.894204140      -3.71613656E-04  -4.51645330E-02
  0.640625000      0.984375000      0.892417490      -1.41496561E-03  -4.01445851E-02
  0.671875000      0.984375000      0.888396502      -2.60574953E-03  -3.14721577E-02
  0.703125000      0.984375000      0.881781816      -4.00828617E-03  -1.83302406E-02
  0.734375000      0.984375000      0.872050762      -5.72187360E-03   3.00416141E-04
  0.765625000      0.984375000      0.858390450      -7.93722924E-03   2.57269889E-02
  0.796875000      0.984375000      0.839410663      -1.10411160E-02   5.97827211E-02
  0.828125000      0.984375000      0.812522054      -1.58456881E-02  0.105369747    
  0.859375000      0.984375000      0.772587955      -2.40864865E-02  0.167718932    
  0.890625000      0.984375000      0.709126294      -3.93731222E-02  0.257367253    
  0.921875000      0.984375000      0.601540327      -6.82106316E-02  0.397000700    
  0.953125000      0.984375000      0.416978002     -0.116349444      0.635617614    
  0.984375000      0.984375000      0.150313705     -0.150313064       1.07480288    
