 VARIABLES="X","Y","U","V","P"
 ZONE F=POINT, I=          32 , J=          32
   1.56250000E-02   1.56250000E-02   4.00943507E-04  -4.02726699E-04   1.57350488E-02
   4.68750000E-02   1.56250000E-02   1.30056241E-03  -5.01074013E-04   1.56960115E-02
   7.81250000E-02   1.56250000E-02   2.05126684E-03  -2.54382903E-04   1.55586693E-02
  0.109375000       1.56250000E-02   2.21924251E-03   8.17731197E-05   1.53460484E-02
  0.140625000       1.56250000E-02   1.71647419E-03   4.16524825E-04   1.50769744E-02
  0.171875000       1.56250000E-02   5.63685782E-04   7.31995155E-04   1.47636840E-02
  0.203125000       1.56250000E-02  -1.21327140E-03   1.04093074E-03   1.44118946E-02
  0.234375000       1.56250000E-02  -3.61230853E-03   1.35434303E-03   1.40289022E-02
  0.265625000       1.56250000E-02  -6.64211344E-03   1.67199376E-03   1.36289401E-02
  0.296875000       1.56250000E-02  -1.02962395E-02   1.97897619E-03   1.32332109E-02
  0.328125000       1.56250000E-02  -1.45294275E-02   2.25137500E-03   1.28709581E-02
  0.359375000       1.56250000E-02  -1.92437917E-02   2.46044947E-03   1.25784520E-02
  0.390625000       1.56250000E-02  -2.42828559E-02   2.57632998E-03   1.23968879E-02
  0.421875000       1.56250000E-02  -2.94327736E-02   2.57150060E-03   1.23693049E-02
  0.453125000       1.56250000E-02  -3.44299003E-02   2.42366130E-03   1.25366934E-02
  0.484375000       1.56250000E-02  -3.89731750E-02   2.11766828E-03   1.29334098E-02
  0.515625000       1.56250000E-02  -4.27393988E-02   1.64651056E-03   1.35820182E-02
  0.546875000       1.56250000E-02  -4.54003662E-02   1.01219502E-03   1.44876158E-02
  0.578125000       1.56250000E-02  -4.66443300E-02   2.29172874E-04   1.56317092E-02
  0.609375000       1.56250000E-02  -4.62197959E-02  -6.56735327E-04   1.69409588E-02
  0.640625000       1.56250000E-02  -4.38598320E-02  -1.70674315E-03   1.82853211E-02
  0.671875000       1.56250000E-02  -3.93589772E-02  -2.79813539E-03   1.95494425E-02
  0.703125000       1.56250000E-02  -3.27830091E-02  -3.78232379E-03   2.05961242E-02
  0.734375000       1.56250000E-02  -2.45126635E-02  -4.49287798E-03   2.12940089E-02
  0.765625000       1.56250000E-02  -1.52766798E-02  -4.74815071E-03   2.15528850E-02
  0.796875000       1.56250000E-02  -6.16184669E-03  -4.37173527E-03   2.13618614E-02
  0.828125000       1.56250000E-02   1.44567015E-03  -3.24067613E-03   2.08234563E-02
  0.859375000       1.56250000E-02   6.18016999E-03  -1.49843690E-03   2.01217700E-02
  0.890625000       1.56250000E-02   7.51798134E-03   1.56309921E-04   1.94546487E-02
  0.921875000       1.56250000E-02   6.13177475E-03   1.22580770E-03   1.89740174E-02
  0.953125000       1.56250000E-02   3.34481150E-03   1.55719626E-03   1.87289119E-02
  0.984375000       1.56250000E-02   8.92829441E-04   8.91588337E-04   1.87102146E-02
   1.56250000E-02   4.68750000E-02   4.98220907E-04  -1.30608131E-03   1.57727804E-02
   4.68750000E-02   4.68750000E-02   1.32181821E-03  -1.33055262E-03   1.57285333E-02
   7.81250000E-02   4.68750000E-02   1.31501071E-03  -1.79551018E-04   1.56010799E-02
  0.109375000       4.68750000E-02  -1.78029237E-04   1.32151716E-03   1.54137425E-02
  0.140625000       4.68750000E-02  -3.32206907E-03   2.81345006E-03   1.51764639E-02
  0.171875000       4.68750000E-02  -8.06719717E-03   4.22327546E-03   1.48952883E-02
  0.203125000       4.68750000E-02  -1.43154822E-02   5.56569174E-03   1.45725664E-02
  0.234375000       4.68750000E-02  -2.19383463E-02   6.84287865E-03   1.42131727E-02
  0.265625000       4.68750000E-02  -3.07522789E-02   8.01924989E-03   1.38281789E-02
  0.296875000       4.68750000E-02  -4.04990390E-02   9.02536698E-03   1.34364367E-02
  0.328125000       4.68750000E-02  -5.08447289E-02   9.77735501E-03   1.30653363E-02
  0.359375000       4.68750000E-02  -6.13925606E-02   1.01908576E-02   1.27502624E-02
  0.390625000       4.68750000E-02  -7.17030764E-02   1.01903062E-02   1.25327474E-02
  0.421875000       4.68750000E-02  -8.13156888E-02   9.71535407E-03   1.24573987E-02
  0.453125000       4.68750000E-02  -8.97683054E-02   8.72516632E-03   1.25678238E-02
  0.484375000       4.68750000E-02  -9.66139734E-02   7.20079290E-03   1.29017420E-02
  0.515625000       4.68750000E-02 -0.101434782       5.14591485E-03   1.34856142E-02
  0.546875000       4.68750000E-02 -0.103853501       2.58752611E-03   1.43291671E-02
  0.578125000       4.68750000E-02 -0.103541613      -4.19751217E-04   1.54209435E-02
  0.609375000       4.68750000E-02 -0.100154757      -3.82580981E-03   1.66421570E-02
  0.640625000       4.68750000E-02  -9.35235247E-02  -7.53654446E-03   1.79224089E-02
  0.671875000       4.68750000E-02  -8.37846398E-02  -1.12168826E-02   1.91368274E-02
  0.703125000       4.68750000E-02  -7.12715536E-02  -1.44624757E-02   2.01486014E-02
  0.734375000       4.68750000E-02  -5.65592721E-02  -1.68059915E-02   2.08300613E-02
  0.765625000       4.68750000E-02  -4.05204445E-02  -1.77209489E-02   2.10957397E-02
  0.796875000       4.68750000E-02  -2.43773237E-02  -1.66680366E-02   2.09395364E-02
  0.828125000       4.68750000E-02  -9.70948488E-03  -1.32305305E-02   2.04596743E-02
  0.859375000       4.68750000E-02   1.58825016E-03  -7.55103538E-03   1.98489483E-02
  0.890625000       4.68750000E-02   7.63483811E-03  -1.18509948E-03   1.92848742E-02
  0.921875000       4.68750000E-02   8.18950683E-03   3.38960020E-03   1.88876428E-02
  0.953125000       4.68750000E-02   5.18249301E-03   5.17847482E-03   1.86885688E-02
  0.984375000       4.68750000E-02   1.55797729E-03   3.33941611E-03   1.86828449E-02
   1.56250000E-02   7.81250000E-02   1.07384316E-04  -1.91655045E-03   1.59178581E-02
   4.68750000E-02   7.81250000E-02  -4.30226297E-04  -1.01703126E-03   1.58451945E-02
   7.81250000E-02   7.81250000E-02  -2.80802092E-03   1.87944842E-03   1.57111455E-02
  0.109375000       7.81250000E-02  -7.37968832E-03   5.31542860E-03   1.55309364E-02
  0.140625000       7.81250000E-02  -1.40986554E-02   8.67112260E-03   1.53080374E-02
  0.171875000       7.81250000E-02  -2.27886122E-02   1.17897196E-02   1.50386188E-02
  0.203125000       7.81250000E-02  -3.31896916E-02   1.46381902E-02   1.47182439E-02
  0.234375000       7.81250000E-02  -4.49687317E-02   1.71625298E-02   1.43470895E-02
  0.265625000       7.81250000E-02  -5.77248931E-02   1.92606933E-02   1.39332991E-02
  0.296875000       7.81250000E-02  -7.10047483E-02   2.08023824E-02   1.34947021E-02
  0.328125000       7.81250000E-02  -8.43230337E-02   2.16570497E-02   1.30593572E-02
  0.359375000       7.81250000E-02  -9.71831083E-02   2.17126645E-02   1.26649356E-02
  0.390625000       7.81250000E-02 -0.109095201       2.08854899E-02   1.23567097E-02
  0.421875000       7.81250000E-02 -0.119591825       1.91244259E-02   1.21841691E-02
  0.453125000       7.81250000E-02 -0.128239959       1.64123103E-02   1.21964663E-02
  0.484375000       7.81250000E-02 -0.134650230       1.27652194E-02   1.24369562E-02
  0.515625000       7.81250000E-02 -0.138482898       8.23045615E-03   1.29373660E-02
  0.546875000       7.81250000E-02 -0.139450014       2.88388180E-03   1.37121119E-02
  0.578125000       7.81250000E-02 -0.137311161      -3.17249307E-03   1.47264013E-02
  0.609375000       7.81250000E-02 -0.131935924      -9.84178577E-03   1.58994589E-02
  0.640625000       7.81250000E-02 -0.123370022      -1.67254843E-02   1.71598084E-02
  0.671875000       7.81250000E-02 -0.111796834      -2.33490299E-02   1.83822904E-02
  0.703125000       7.81250000E-02  -9.75177586E-02  -2.91326493E-02   1.94288697E-02
  0.734375000       7.81250000E-02  -8.09989274E-02  -3.33779715E-02   2.01693196E-02
  0.765625000       7.81250000E-02  -6.29312098E-02  -3.52671556E-02   2.05123629E-02
  0.796875000       7.81250000E-02  -4.42939512E-02  -3.39139923E-02   2.04415061E-02
  0.828125000       7.81250000E-02  -2.64118016E-02  -2.85460632E-02   2.00412050E-02
  0.859375000       7.81250000E-02  -1.09699825E-02  -1.89860240E-02   1.94886923E-02
  0.890625000       7.81250000E-02   3.19415703E-05  -6.80901343E-03   1.89737361E-02
  0.921875000       7.81250000E-02   4.75491397E-03   3.72589938E-03   1.86050087E-02
  0.953125000       7.81250000E-02   4.01993887E-03   8.57440196E-03   1.84333734E-02
  0.984375000       7.81250000E-02   1.34284911E-03   6.23681583E-03   1.84271354E-02
   1.56250000E-02  0.109375000      -6.28655253E-04  -1.40028913E-03   1.61502957E-02
   4.68750000E-02  0.109375000      -3.38030537E-03   1.74472469E-03   1.60277802E-02
   7.81250000E-02  0.109375000      -8.95154104E-03   7.05439318E-03   1.58708040E-02
  0.109375000      0.109375000      -1.69875361E-02   1.27361296E-02   1.56777762E-02
  0.140625000      0.109375000      -2.71404125E-02   1.81106441E-02   1.54396715E-02
  0.171875000      0.109375000      -3.90736535E-02   2.29622684E-02   1.51436049E-02
  0.203125000      0.109375000      -5.24073094E-02   2.71898452E-02   1.47788022E-02
  0.234375000      0.109375000      -6.67032152E-02   3.06760333E-02   1.43417772E-02
  0.265625000      0.109375000      -8.14820454E-02   3.32732685E-02   1.38396332E-02
  0.296875000      0.109375000      -9.62486416E-02   3.48283425E-02   1.32917119E-02
  0.328125000      0.109375000     -0.110514097       3.52079496E-02   1.27298273E-02
  0.359375000      0.109375000     -0.123812184       3.43140513E-02   1.21970791E-02
  0.390625000      0.109375000     -0.135711461       3.20905596E-02   1.17451875E-02
  0.421875000      0.109375000     -0.145824254       2.85246074E-02   1.14303762E-02
  0.453125000      0.109375000     -0.153812528       2.36449428E-02   1.13080740E-02
  0.484375000      0.109375000     -0.159391373       1.75183993E-02   1.14268027E-02
  0.515625000      0.109375000     -0.162329853       1.02450848E-02   1.18217729E-02
  0.546875000      0.109375000     -0.162449121       1.95192127E-03   1.25087434E-02
  0.578125000      0.109375000     -0.159616143      -7.21669337E-03   1.34410150E-02
  0.609375000      0.109375000     -0.153803289      -1.69909205E-02   1.45857548E-02
  0.640625000      0.109375000     -0.145063907      -2.68880017E-02   1.58544034E-02
  0.671875000      0.109375000     -0.133482784      -3.63484025E-02   1.71275530E-02
  0.703125000      0.109375000     -0.119231343      -4.46725786E-02   1.82686429E-02
  0.734375000      0.109375000     -0.102606706      -5.09912595E-02   1.91439558E-02
  0.765625000      0.109375000      -8.40840861E-02  -5.42546883E-02   1.96511373E-02
  0.796875000      0.109375000      -6.43818900E-02  -5.32767065E-02   1.97526030E-02
  0.828125000      0.109375000      -4.45412621E-02  -4.69168574E-02   1.95025392E-02
  0.859375000      0.109375000      -2.60254387E-02  -3.45832855E-02   1.90468021E-02
  0.890625000      0.109375000      -1.08407438E-02  -1.74083449E-02   1.85721144E-02
  0.921875000      0.109375000      -1.28400384E-03   3.58977122E-05   1.82174146E-02
  0.953125000      0.109375000       1.73250341E-03   9.97342356E-03   1.80135425E-02
  0.984375000      0.109375000       8.31511337E-04   8.40787496E-03   1.79720707E-02
   1.56250000E-02  0.140625000      -1.56045391E-03   7.83591589E-04   1.64182521E-02
   4.68750000E-02  0.140625000      -6.80267299E-03   7.54302973E-03   1.62371825E-02
   7.81250000E-02  0.140625000      -1.55398296E-02   1.55517478E-02   1.60433799E-02
  0.109375000      0.140625000      -2.66329646E-02   2.33555846E-02   1.58105660E-02
  0.140625000      0.140625000      -3.94673124E-02   3.04665901E-02   1.55172255E-02
  0.171875000      0.140625000      -5.36240377E-02   3.66850719E-02   1.51440483E-02
  0.203125000      0.140625000      -6.86957091E-02   4.18619066E-02   1.46771679E-02
  0.234375000      0.140625000      -8.42428580E-02   4.58374992E-02   1.41126588E-02
  0.265625000      0.140625000      -9.98084247E-02   4.84477580E-02   1.34597626E-02
  0.296875000      0.140625000     -0.114942066       4.95468676E-02   1.27422847E-02
  0.328125000      0.140625000     -0.129219219       4.90260422E-02   1.19982371E-02
  0.359375000      0.140625000     -0.142253309       4.68233526E-02   1.12778656E-02
  0.390625000      0.140625000     -0.153702840       4.29264307E-02   1.06400838E-02
  0.421875000      0.140625000     -0.163274691       3.73706520E-02   1.01476051E-02
  0.453125000      0.140625000     -0.170724303       3.02347392E-02   9.86101385E-03
  0.484375000      0.140625000     -0.175853565       2.16350481E-02   9.83220898E-03
  0.515625000      0.140625000     -0.178507254       1.17190257E-02   1.00975838E-02
  0.546875000      0.140625000     -0.178569883       6.58007048E-04   1.06712310E-02
  0.578125000      0.140625000     -0.175966859      -1.13612041E-02   1.15262559E-02
  0.609375000      0.140625000     -0.170652419      -2.39770189E-02   1.26412548E-02
  0.640625000      0.140625000     -0.162594527      -3.67035717E-02   1.39328707E-02
  0.671875000      0.140625000     -0.151787847      -4.89262640E-02   1.52885523E-02
  0.703125000      0.140625000     -0.138280034      -5.98608702E-02   1.65755562E-02
  0.734375000      0.140625000     -0.122204423      -6.85112402E-02   1.76572241E-02
  0.765625000      0.140625000     -0.103827834      -7.36428499E-02   1.84171759E-02
  0.796875000      0.140625000      -8.36201832E-02  -7.38078952E-02   1.87890548E-02
  0.828125000      0.140625000      -6.23559505E-02  -6.75002784E-02   1.87839344E-02
  0.859375000      0.140625000      -4.12679166E-02  -5.36134318E-02   1.85002610E-02
  0.890625000      0.140625000      -2.22714599E-02  -3.25688384E-02   1.80973522E-02
  0.921875000      0.140625000      -8.06008745E-03  -8.58093798E-03   1.77239701E-02
  0.953125000      0.140625000      -9.75797302E-04   8.48044641E-03   1.74631588E-02
  0.984375000      0.140625000       2.91095785E-04   9.52734798E-03   1.73586961E-02
   1.56250000E-02  0.171875000      -2.46436521E-03   4.80293250E-03   1.66437943E-02
   4.68750000E-02  0.171875000      -9.96154360E-03   1.62508991E-02   1.64036192E-02
   7.81250000E-02  0.171875000      -2.13151239E-02   2.69214213E-02   1.61595345E-02
  0.109375000      0.171875000      -3.47133204E-02   3.64645906E-02   1.58580467E-02
  0.140625000      0.171875000      -4.93771546E-02   4.48438004E-02   1.54679362E-02
  0.171875000      0.171875000      -6.48710057E-02   5.19473180E-02   1.49676139E-02
  0.203125000      0.171875000      -8.08158070E-02   5.76060191E-02   1.43442973E-02
  0.234375000      0.171875000      -9.68231931E-02   6.16390184E-02   1.35973236E-02
  0.265625000      0.171875000     -0.112503171       6.38842508E-02   1.27410172E-02
  0.296875000      0.171875000     -0.127483740       6.42185062E-02   1.18056741E-02
  0.328125000      0.171875000     -0.141425520       6.25687540E-02   1.08365566E-02
  0.359375000      0.171875000     -0.154029697       5.89157417E-02   9.89113655E-03
  0.390625000      0.171875000     -0.165040195       5.32922223E-02   9.03482828E-03
  0.421875000      0.171875000     -0.174241990       4.57777455E-02   8.33561458E-03
  0.453125000      0.171875000     -0.181456745       3.64920236E-02   7.85784796E-03
  0.484375000      0.171875000     -0.186537296       2.55880263E-02   7.65562244E-03
  0.515625000      0.171875000     -0.189362884       1.32459551E-02   7.76605308E-03
  0.546875000      0.171875000     -0.189837486      -3.31261661E-04   8.20260122E-03
  0.578125000      0.171875000     -0.187892050      -1.49204833E-02   8.96618888E-03
  0.609375000      0.171875000     -0.183456138      -3.01690307E-02   1.00437701E-02
  0.640625000      0.171875000     -0.176444635      -4.55829650E-02   1.13626616E-02
  0.671875000      0.171875000     -0.166778103      -6.05233684E-02   1.28204357E-02
  0.703125000      0.171875000     -0.154393673      -7.41606206E-02   1.42910443E-02
  0.734375000      0.171875000     -0.139269382      -8.54173005E-02   1.56366024E-02
  0.765625000      0.171875000     -0.121469438      -9.29203555E-02   1.67259984E-02
  0.796875000      0.171875000     -0.101219557      -9.49958265E-02   1.74597222E-02
  0.828125000      0.171875000      -7.90282339E-02  -8.97764191E-02   1.77966245E-02
  0.859375000      0.171875000      -5.58830723E-02  -7.55792856E-02   1.77731626E-02
  0.890625000      0.171875000      -3.35648507E-02  -5.19265085E-02   1.75017267E-02
  0.921875000      0.171875000      -1.50177488E-02  -2.19904874E-02   1.71331987E-02
  0.953125000      0.171875000      -3.76491202E-03   3.54433036E-03   1.67930387E-02
  0.984375000      0.171875000      -1.95500848E-04   9.62000992E-03   1.66005902E-02
   1.56250000E-02  0.203125000      -3.18095530E-03   1.04425624E-02   1.67286005E-02
   4.68750000E-02  0.203125000      -1.23793343E-02   2.72942055E-02   1.64365117E-02
   7.81250000E-02  0.203125000      -2.55787577E-02   4.04175743E-02   1.61315855E-02
  0.109375000      0.203125000      -4.04869467E-02   5.12619913E-02   1.57372430E-02
  0.140625000      0.203125000      -5.62285855E-02   6.04399629E-02   1.52169168E-02
  0.171875000      0.203125000      -7.23788068E-02   6.79844543E-02   1.45506430E-02
  0.203125000      0.203125000      -8.86067674E-02   7.37321973E-02   1.37301367E-02
  0.234375000      0.203125000     -0.104591727       7.74972886E-02   1.27607770E-02
  0.265625000      0.203125000     -0.120021850       7.91298598E-02   1.16638504E-02
  0.296875000      0.203125000     -0.134607345       7.85344690E-02   1.04770288E-02
  0.328125000      0.203125000     -0.148090079       7.56745338E-02   9.25278850E-03
  0.359375000      0.203125000     -0.160246834       7.05697536E-02   8.05509929E-03
  0.390625000      0.203125000     -0.170887813       6.32900149E-02   6.95481617E-03
  0.421875000      0.203125000     -0.179851964       5.39474338E-02   6.02413900E-03
  0.453125000      0.203125000     -0.187001169       4.26886901E-02   5.33050764E-03
  0.484375000      0.203125000     -0.192215249       2.96889003E-02   4.93021915E-03
  0.515625000      0.203125000     -0.195389688       1.51482411E-02   4.86202398E-03
  0.546875000      0.203125000     -0.196437269      -7.08363950E-04   5.14086196E-03
  0.578125000      0.203125000     -0.195294172      -1.76294297E-02   5.79239568E-03
  0.609375000      0.203125000     -0.191887528      -3.53009403E-02   6.81817438E-03
  0.640625000      0.203125000     -0.186109021      -5.32404557E-02   8.15779716E-03
  0.671875000      0.203125000     -0.177822798      -7.08193183E-02   9.72153619E-03
  0.703125000      0.203125000     -0.166867509      -8.72065127E-02   1.13932081E-02
  0.734375000      0.203125000     -0.153074145     -0.101292595       1.30368033E-02
  0.765625000      0.203125000     -0.136309534     -0.111614496       1.45086246E-02
  0.796875000      0.203125000     -0.116556920     -0.116310269       1.56758651E-02
  0.828125000      0.203125000      -9.40527469E-02 -0.113164507       1.64409056E-02
  0.859375000      0.203125000      -6.95139989E-02  -9.98827964E-02   1.67677887E-02
  0.890625000      0.203125000      -4.45151739E-02  -7.49480799E-02   1.67039540E-02
  0.921875000      0.203125000      -2.20519379E-02  -3.99873778E-02   1.63825378E-02
  0.953125000      0.203125000      -6.60881633E-03  -5.16273500E-03   1.59794949E-02
  0.984375000      0.203125000      -6.39805105E-04   8.78199283E-03   1.56765580E-02
   1.56250000E-02  0.234375000      -3.62139172E-03   1.72391199E-02   1.65822655E-02
   4.68750000E-02  0.234375000      -1.38406055E-02   3.99024412E-02   1.62491538E-02
   7.81250000E-02  0.234375000      -2.80963816E-02   5.52509055E-02   1.58778541E-02
  0.109375000      0.234375000      -4.37910631E-02   6.70188144E-02   1.53758153E-02
  0.140625000      0.234375000      -5.99843636E-02   7.66065419E-02   1.47051979E-02
  0.171875000      0.234375000      -7.62657896E-02   8.42394158E-02   1.38502717E-02
  0.203125000      0.234375000      -9.23525691E-02   8.97835493E-02   1.28092663E-02
  0.234375000      0.234375000     -0.107988745       9.30605084E-02   1.15950489E-02
  0.265625000      0.234375000     -0.122933969       9.39374045E-02   1.02366572E-02
  0.296875000      0.234375000     -0.136969715       9.23456252E-02   8.77921470E-03
  0.328125000      0.234375000     -0.149903834       8.82796124E-02   7.28192274E-03
  0.359375000      0.234375000     -0.161570549       8.17893073E-02   5.81449410E-03
  0.390625000      0.234375000     -0.171827152       7.29707778E-02   4.45250329E-03
  0.421875000      0.234375000     -0.180549398       6.19570911E-02   3.27195646E-03
  0.453125000      0.234375000     -0.187627465       4.89112660E-02   2.34349514E-03
  0.484375000      0.234375000     -0.192963913       3.40223685E-02   1.72635773E-03
  0.515625000      0.234375000     -0.196474284       1.75053030E-02   1.46232010E-03
  0.546875000      0.234375000     -0.198090374      -3.96152260E-04   1.56981440E-03
  0.578125000      0.234375000     -0.197766304      -1.94036979E-02   2.08955677E-03
  0.609375000      0.234375000     -0.195445314      -3.92499454E-02   3.04492819E-03
  0.640625000      0.234375000     -0.191017002      -5.94950095E-02   4.38815728E-03
  0.671875000      0.234375000     -0.184305757      -7.95603096E-02   6.04408281E-03
  0.703125000      0.234375000     -0.175064996      -9.86611098E-02   7.90972635E-03
  0.734375000      0.234375000     -0.162989199     -0.115708202       9.85561218E-03
  0.765625000      0.234375000     -0.147755146     -0.129200131       1.17307259E-02
  0.796875000      0.234375000     -0.129105762     -0.137130648       1.33734699E-02
  0.828125000      0.234375000     -0.106997937     -0.136961430       1.46311754E-02
  0.859375000      0.234375000      -8.18508565E-02 -0.125778034       1.53901968E-02
  0.890625000      0.234375000      -5.49634844E-02 -0.100946039       1.56169720E-02
  0.921875000      0.234375000      -2.92058140E-02  -6.22176304E-02   1.54004935E-02
  0.953125000      0.234375000      -9.73483361E-03  -1.78538691E-02   1.49500798E-02
  0.984375000      0.234375000      -1.18825212E-03   6.95148902E-03   1.45352911E-02
   1.56250000E-02  0.265625000      -3.76469479E-03   2.46195011E-02   1.61410123E-02
   4.68750000E-02  0.265625000      -1.43250767E-02   5.32890670E-02   1.57798789E-02
   7.81250000E-02  0.265625000      -2.89136413E-02   7.06953034E-02   1.53426733E-02
  0.109375000      0.265625000      -4.47674170E-02   8.31106380E-02   1.47285555E-02
  0.140625000      0.265625000      -6.08907379E-02   9.28205252E-02   1.39014730E-02
  0.171875000      0.265625000      -7.68794566E-02  0.100286499       1.28512140E-02
  0.203125000      0.265625000      -9.24891829E-02  0.105425894       1.15831923E-02
  0.234375000      0.265625000     -0.107517004      0.108077243       1.01181110E-02
  0.265625000      0.265625000     -0.121779844      0.108126059       8.49273894E-03
  0.296875000      0.265625000     -0.135114074      0.105526529       6.75931107E-03
  0.328125000      0.265625000     -0.147376314      0.100296773       4.98328358E-03
  0.359375000      0.265625000     -0.158441991       9.25081447E-02   3.23968101E-03
  0.390625000      0.265625000     -0.168202639       8.22744295E-02   1.60856475E-03
  0.421875000      0.265625000     -0.176563650       6.97432309E-02   1.69867650E-04
  0.453125000      0.265625000     -0.183443457       5.50905019E-02  -1.00211299E-03
  0.484375000      0.265625000     -0.188774526       3.85186821E-02  -1.84441777E-03
  0.515625000      0.265625000     -0.192504972       2.02580281E-02  -2.31118966E-03
  0.546875000      0.265625000     -0.194600195       5.70503529E-04  -2.37925281E-03
  0.578125000      0.265625000     -0.195043251      -2.02437788E-02  -2.00507417E-03
  0.609375000      0.265625000     -0.193806350      -4.19609621E-02  -1.13951042E-03
  0.640625000      0.265625000     -0.190795094      -6.42178431E-02   1.81751573E-04
  0.671875000      0.265625000     -0.185811341      -8.65280777E-02   1.89927802E-03
  0.703125000      0.265625000     -0.178539485     -0.108203001       3.92666878E-03
  0.734375000      0.265625000     -0.168551564     -0.128228605       6.14681840E-03
  0.765625000      0.265625000     -0.155344546     -0.145121068       8.40940978E-03
  0.796875000      0.265625000     -0.138424560     -0.156780928       1.05330627E-02
  0.828125000      0.265625000     -0.117461577     -0.160385370       1.23173110E-02
  0.859375000      0.265625000      -9.25523117E-02 -0.152415216       1.35716982E-02
  0.890625000      0.265625000      -6.46655262E-02 -0.129088759       1.41703319E-02
  0.921875000      0.265625000      -3.64125669E-02  -8.80918354E-02   1.41320145E-02
  0.953125000      0.265625000      -1.32093122E-02  -3.46602909E-02   1.36769693E-02
  0.984375000      0.265625000      -1.88219466E-03   3.87891475E-03   1.31473839E-02
   1.56250000E-02  0.296875000      -3.63341463E-03   3.20121795E-02   1.53790368E-02
   4.68750000E-02  0.296875000      -1.39229763E-02   6.67343587E-02   1.50036104E-02
   7.81250000E-02  0.296875000      -2.82142907E-02   8.61173123E-02   1.45062525E-02
  0.109375000      0.296875000      -4.36928719E-02   9.90096331E-02   1.37846563E-02
  0.140625000      0.296875000      -5.93074113E-02  0.108649701       1.28065962E-02
  0.171875000      0.296875000      -7.46472403E-02  0.115778193       1.15676876E-02
  0.203125000      0.296875000      -8.94931555E-02  0.120384410       1.00802975E-02
  0.234375000      0.296875000     -0.103680976      0.122331329       8.37251823E-03
  0.265625000      0.296875000     -0.117069304      0.121522531       6.48836931E-03
  0.296875000      0.296875000     -0.129533604      0.117930397       4.48676804E-03
  0.328125000      0.296875000     -0.140964717      0.111590326       2.43908213E-03
  0.359375000      0.296875000     -0.151267648      0.102589242       4.25529230E-04
  0.390625000      0.296875000     -0.160361186       9.10551846E-02  -1.46923028E-03
  0.421875000      0.296875000     -0.168179005       7.71502554E-02  -3.16106854E-03
  0.453125000      0.296875000     -0.174672455       6.10665753E-02  -4.57168650E-03
  0.484375000      0.296875000     -0.179813266       4.30247784E-02  -5.63408853E-03
  0.515625000      0.296875000     -0.183594286       2.32738331E-02  -6.29796274E-03
  0.546875000      0.296875000     -0.186026618       2.09249230E-03  -6.53477525E-03
  0.578125000      0.296875000     -0.187132761      -2.02068761E-02  -6.31079497E-03
  0.609375000      0.296875000     -0.186924726      -4.34339568E-02  -5.55153238E-03
  0.640625000      0.296875000     -0.185339749      -6.73333257E-02  -4.28232132E-03
  0.671875000      0.296875000     -0.182176858      -9.15527046E-02  -2.54667993E-03
  0.703125000      0.296875000     -0.177071780     -0.115550168      -4.11567453E-04
  0.734375000      0.296875000     -0.169492856     -0.138444692       2.02453532E-03
  0.765625000      0.296875000     -0.158771068     -0.158831835       4.62190993E-03
  0.796875000      0.296875000     -0.144181594     -0.174579352       7.19202403E-03
  0.828125000      0.296875000     -0.125100791     -0.182632193       9.49923787E-03
  0.859375000      0.296875000     -0.101278998     -0.178902507       1.12836882E-02
  0.890625000      0.296875000      -7.33055249E-02 -0.158466041       1.23218335E-02
  0.921875000      0.296875000      -4.34302539E-02 -0.116847888       1.25375697E-02
  0.953125000      0.296875000      -1.70156211E-02  -5.55274636E-02   1.21265016E-02
  0.984375000      0.296875000      -2.79802224E-03  -8.03073286E-04   1.14959516E-02
   1.56250000E-02  0.328125000      -3.27245286E-03   3.89130563E-02   1.43097360E-02
   4.68750000E-02  0.328125000      -1.27760917E-02   7.96156973E-02   1.39332451E-02
   7.81250000E-02  0.328125000      -2.62382943E-02  0.100978062       1.33851822E-02
  0.109375000      0.328125000      -4.08923402E-02  0.114271432       1.25672361E-02
  0.140625000      0.328125000      -5.56285903E-02  0.123730443       1.14522763E-02
  0.171875000      0.328125000      -7.00157359E-02  0.130418345       1.00414781E-02
  0.203125000      0.328125000      -8.38463902E-02  0.134417191       8.35338235E-03
  0.234375000      0.328125000      -9.69818458E-02  0.135620773       6.42267149E-03
  0.265625000      0.328125000     -0.109309033      0.133950144       4.29990608E-03
  0.296875000      0.328125000     -0.120729953      0.129392058       2.05019745E-03
  0.328125000      0.328125000     -0.131159097      0.121995263      -2.49376521E-04
  0.359375000      0.328125000     -0.140523449      0.111859925      -2.51336931E-03
  0.390625000      0.328125000     -0.148764998       9.91294831E-02  -4.65234509E-03
  0.421875000      0.328125000     -0.155845478       8.39853436E-02  -6.57783635E-03
  0.453125000      0.328125000     -0.161752164       6.66434839E-02  -8.20760429E-03
  0.484375000      0.328125000     -0.166502029       4.73507531E-02  -9.47094429E-03
  0.515625000      0.328125000     -0.170140862       2.63799187E-02  -1.03136413E-02
  0.546875000      0.328125000     -0.172734916       4.02469933E-03  -1.07023483E-02
  0.578125000      0.328125000     -0.174355179      -1.94014162E-02  -1.06211109E-02
  0.609375000      0.328125000     -0.175063342      -4.37289067E-02  -9.97792091E-03
  0.640625000      0.328125000     -0.174843848      -6.88335374E-02  -8.79016705E-03
  0.671875000      0.328125000     -0.173515350      -9.45357233E-02  -7.08644744E-03
  0.703125000      0.328125000     -0.170690507     -0.120490193      -4.91254870E-03
  0.734375000      0.328125000     -0.165758938     -0.146009743      -2.34270818E-03
  0.765625000      0.328125000     -0.157905385     -0.169838265       5.04332012E-04
  0.796875000      0.328125000     -0.146183610     -0.189882040       3.44774243E-03
  0.828125000      0.328125000     -0.129672155     -0.202921376       6.23370707E-03
  0.859375000      0.328125000     -0.107752874     -0.204355717       8.54664575E-03
  0.890625000      0.328125000      -8.05903301E-02 -0.188151613       1.00671006E-02
  0.921875000      0.328125000      -4.99888137E-02 -0.147642851       1.06037846E-02
  0.953125000      0.328125000      -2.10320074E-02  -8.01080912E-02   1.02851354E-02
  0.984375000      0.328125000      -3.93653102E-03  -7.53901619E-03   9.56736133E-03
   1.56250000E-02  0.359375000      -2.73638847E-03   4.49174866E-02   1.29794609E-02
   4.68750000E-02  0.359375000      -1.10456701E-02   9.14145112E-02   1.26138339E-02
   7.81250000E-02  0.359375000      -2.32413597E-02  0.114827178       1.20267430E-02
  0.109375000      0.359375000      -3.66985612E-02  0.128525019       1.11278147E-02
  0.140625000      0.359375000      -5.02489209E-02  0.137756854       9.89578944E-03
  0.171875000      0.359375000      -6.34270757E-02  0.143952906       8.33690725E-03
  0.203125000      0.359375000      -7.60255009E-02  0.147309959       6.47492707E-03
  0.234375000      0.359375000      -8.79204422E-02  0.147759363       4.35010530E-03
  0.265625000      0.359375000      -9.90175605E-02  0.145239487       2.01874226E-03
  0.296875000      0.359375000     -0.109237030      0.139749274      -4.48365929E-04
  0.328125000      0.359375000     -0.118510321      0.131348908      -2.96864146E-03
  0.359375000      0.359375000     -0.126781642      0.120152280      -5.45139704E-03
  0.390625000      0.359375000     -0.134012878      0.106321737      -7.80235510E-03
  0.421875000      0.359375000     -0.140191525       9.00650769E-02  -9.92880110E-03
  0.453125000      0.359375000     -0.145339251       7.16316402E-02  -1.17450180E-02
  0.484375000      0.359375000     -0.149517760       5.13046160E-02  -1.31775355E-02
  0.515625000      0.359375000     -0.152827293       2.93878838E-02  -1.41696483E-02
  0.546875000      0.359375000     -0.155393898       6.19040383E-03  -1.46847470E-02
  0.578125000      0.359375000     -0.157344490      -1.79839954E-02  -1.47266202E-02
  0.609375000      0.359375000     -0.158799499      -4.29718047E-02  -1.41998455E-02
  0.640625000      0.359375000     -0.159805462      -6.87938333E-02  -1.31169241E-02
  0.671875000      0.359375000     -0.160225660      -9.54744741E-02  -1.14938328E-02
  0.703125000      0.359375000     -0.159682482     -0.122911364      -9.35536250E-03
  0.734375000      0.359375000     -0.157521248     -0.150674582      -6.74774218E-03
  0.765625000      0.359375000     -0.152808815     -0.177734047      -3.75949778E-03
  0.796875000      0.359375000     -0.144393563     -0.202119514      -5.48445038E-04
  0.828125000      0.359375000     -0.131056190     -0.220530689       2.63325544E-03
  0.859375000      0.359375000     -0.111791722     -0.227929831       5.43377595E-03
  0.890625000      0.359375000      -8.63009617E-02 -0.217232034       7.44782388E-03
  0.921875000      0.359375000      -5.58765680E-02 -0.179590717       8.35780427E-03
  0.953125000      0.359375000      -2.51728501E-02 -0.107823685       8.18648189E-03
  0.984375000      0.359375000      -5.30886697E-03  -1.67854261E-02   7.41878990E-03
   1.56250000E-02  0.390625000      -2.08352879E-03   4.97336611E-02   1.14573864E-02
   4.68750000E-02  0.390625000      -8.89799930E-03  0.101713881       1.11130457E-02
   7.81250000E-02  0.390625000      -1.94774903E-02  0.127294645       1.04999412E-02
  0.109375000      0.390625000      -3.14350091E-02  0.141465396       9.53802839E-03
  0.140625000      0.390625000      -4.35491279E-02  0.150476053       8.21239594E-03
  0.171875000      0.390625000      -5.53085431E-02  0.156168744       6.53386675E-03
  0.203125000      0.390625000      -6.64954185E-02  0.158879519       4.53044521E-03
  0.234375000      0.390625000      -7.69934505E-02  0.158585608       2.24691117E-03
  0.265625000      0.390625000      -8.67213458E-02  0.155243784      -2.55582447E-04
  0.296875000      0.390625000      -9.56132933E-02  0.148864433      -2.90119788E-03
  0.328125000      0.390625000     -0.103614792      0.139518797      -5.60217816E-03
  0.359375000      0.390625000     -0.110684790      0.127335742      -8.26276001E-03
  0.390625000      0.390625000     -0.116802171      0.112500250      -1.07839368E-02
  0.421875000      0.390625000     -0.121975534       9.52527821E-02  -1.30690392E-02
  0.453125000      0.390625000     -0.126254201       7.58849233E-02  -1.50295664E-02
  0.484375000      0.390625000     -0.129736528       5.47267348E-02  -1.65906101E-02
  0.515625000      0.390625000     -0.132569969       3.21229622E-02  -1.76949129E-02
  0.546875000      0.390625000     -0.134936452       8.40200298E-03  -1.83049720E-02
  0.578125000      0.390625000     -0.137019590      -1.61491092E-02  -1.84402317E-02
  0.609375000      0.390625000     -0.139005691      -4.13537472E-02  -1.80198625E-02
  0.640625000      0.390625000     -0.141017109      -6.73836470E-02  -1.70545727E-02
  0.671875000      0.390625000     -0.142987669      -9.44840610E-02  -1.55513585E-02
  0.703125000      0.390625000     -0.144591317     -0.122832514      -1.35166692E-02
  0.734375000      0.390625000     -0.145177096     -0.152321264      -1.09680723E-02
  0.765625000      0.390625000     -0.143735319     -0.182235181      -7.95746781E-03
  0.796875000      0.390625000     -0.138934612     -0.210829377      -4.60585300E-03
  0.828125000      0.390625000     -0.129263565     -0.234825820      -1.14291650E-03
  0.859375000      0.390625000     -0.113315850     -0.248845056       2.06738384E-03
  0.890625000      0.390625000      -9.02927220E-02 -0.244830459       4.55277320E-03
  0.921875000      0.390625000      -6.09130487E-02 -0.211797416       5.86963911E-03
  0.953125000      0.390625000      -2.92732846E-02 -0.137962267       5.90336695E-03
  0.984375000      0.390625000      -6.84541091E-03  -2.89403684E-02   5.12971077E-03
   1.56250000E-02  0.421875000      -1.37441547E-03   5.31885400E-02   9.82425734E-03
   4.68750000E-02  0.421875000      -6.50020735E-03  0.110192582       9.51064192E-03
   7.81250000E-02  0.421875000      -1.51930787E-02  0.138081670       8.88566859E-03
  0.109375000      0.421875000      -2.54094508E-02  0.152847067       7.88048375E-03
  0.140625000      0.421875000      -3.58896367E-02  0.161685452       6.48688432E-03
  0.171875000      0.421875000      -4.60662022E-02  0.166894481       4.71992791E-03
  0.203125000      0.421875000      -5.57018667E-02  0.168978140       2.61101872E-03
  0.234375000      0.421875000      -6.46826178E-02  0.167970300       2.08383994E-04
  0.265625000      0.421875000      -7.29378611E-02  0.163849413      -2.42302846E-03
  0.296875000      0.421875000      -8.04152563E-02  0.156637803      -5.20313811E-03
  0.328125000      0.421875000      -8.70747864E-02  0.146418184      -8.03963747E-03
  0.359375000      0.421875000      -9.28903818E-02  0.133335307      -1.08320611E-02
  0.390625000      0.421875000      -9.78562981E-02  0.117598481      -1.34769958E-02
  0.421875000      0.421875000     -0.101997077       9.94838476E-02  -1.58742089E-02
  0.453125000      0.421875000     -0.105379626       7.93303996E-02  -1.79331191E-02
  0.484375000      0.421875000     -0.108124323       5.75233847E-02  -1.95786376E-02
  0.515625000      0.421875000     -0.110409737       3.44597101E-02  -2.07550935E-02
  0.546875000      0.421875000     -0.112460703       1.04964562E-02  -2.14267969E-02
  0.578125000      0.421875000     -0.114502996      -1.41052511E-02  -2.16191784E-02
  0.609375000      0.421875000     -0.116787508      -3.91150489E-02  -2.12865472E-02
  0.640625000      0.421875000     -0.119522192      -6.48652613E-02  -2.04385947E-02
  0.671875000      0.421875000     -0.122733146      -9.18109044E-02  -1.90781038E-02
  0.703125000      0.421875000     -0.126198232     -0.120427877      -1.71987824E-02
  0.734375000      0.421875000     -0.129336327     -0.150993958      -1.47929620E-02
  0.765625000      0.421875000     -0.131121576     -0.183211982      -1.18738879E-02
  0.796875000      0.421875000     -0.130082667     -0.215686366      -8.51547346E-03
  0.828125000      0.421875000     -0.124429926     -0.245288119      -4.90533561E-03
  0.859375000      0.421875000     -0.112344056     -0.266413331      -1.39281387E-03
  0.890625000      0.421875000      -9.24919620E-02 -0.270135939       1.50934979E-03
  0.921875000      0.421875000      -6.49556443E-02 -0.243407816       3.24356579E-03
  0.953125000      0.421875000      -3.31524163E-02 -0.169795617       3.53578338E-03
  0.984375000      0.421875000      -8.45102407E-03  -4.42371741E-02   2.80199270E-03
   1.56250000E-02  0.453125000      -6.73845876E-04   5.52344024E-02   8.16174876E-03
   4.68750000E-02  0.453125000      -4.02194541E-03  0.116615400       7.88914785E-03
   7.81250000E-02  0.453125000      -1.06254388E-02  0.146950155       7.26775173E-03
  0.109375000      0.453125000      -1.89115405E-02  0.162477419       6.24014065E-03
  0.140625000      0.453125000      -2.76075602E-02  0.171229631       4.80540842E-03
  0.171875000      0.453125000      -3.60803120E-02  0.176000297       2.98268162E-03
  0.203125000      0.453125000      -4.40638512E-02  0.177494824       8.06002587E-04
  0.234375000      0.453125000      -5.14423251E-02  0.175818831      -1.67410844E-03
  0.265625000      0.453125000      -5.81556335E-02  0.170977995      -4.39011678E-03
  0.296875000      0.453125000      -6.41670600E-02  0.163008958      -7.25884642E-03
  0.328125000      0.453125000      -6.94543421E-02  0.152006716      -1.01843523E-02
  0.359375000      0.453125000      -7.40095675E-02  0.138131946      -1.30622126E-02
  0.390625000      0.453125000      -7.78436288E-02  0.121617153      -1.57851130E-02
  0.421875000      0.453125000      -8.09940547E-02  0.102772161      -1.82496533E-02
  0.453125000      0.453125000      -8.35352764E-02   8.19815993E-02  -2.03635730E-02
  0.484375000      0.453125000      -8.55900869E-02   5.96870035E-02  -2.20524017E-02
  0.515625000      0.453125000      -8.73395652E-02   3.63455638E-02  -2.32638940E-02
  0.546875000      0.453125000      -8.90260935E-02   1.23617463E-02  -2.39688046E-02
  0.578125000      0.453125000      -9.09386128E-02  -1.20029524E-02  -2.41757948E-02
  0.609375000      0.453125000      -9.33565944E-02  -3.65029871E-02  -2.39108708E-02
  0.640625000      0.453125000      -9.65182781E-02  -6.15700707E-02  -2.31672041E-02
  0.671875000      0.453125000     -0.100576282      -8.78271759E-02  -2.19516568E-02
  0.703125000      0.453125000     -0.105475239     -0.116038494      -2.02539824E-02
  0.734375000      0.453125000     -0.110790089     -0.146922201      -1.80491880E-02
  0.765625000      0.453125000     -0.115564451     -0.180716872      -1.53152337E-02
  0.796875000      0.453125000     -0.118249208     -0.216529340      -1.20740328E-02
  0.828125000      0.453125000     -0.116802856     -0.251539081      -8.45518615E-03
  0.859375000      0.453125000     -0.108985543     -0.280061752      -4.76672221E-03
  0.890625000      0.453125000      -9.28945988E-02 -0.292428225      -1.53011864E-03
  0.921875000      0.453125000      -6.79107606E-02 -0.273634702       6.05760142E-04
  0.953125000      0.453125000      -3.66562568E-02 -0.202626407       1.19745836E-03
  0.984375000      0.453125000      -1.00379921E-02  -6.27263188E-02   5.46659867E-04
   1.56250000E-02  0.484375000      -5.15412539E-05   5.59579954E-02   6.54224725E-03
   4.68750000E-02  0.484375000      -1.63568312E-03  0.120820135       6.32811058E-03
   7.81250000E-02  0.484375000      -6.00198982E-03  0.153711498       5.72590064E-03
  0.109375000      0.484375000      -1.22123035E-02  0.170210153       4.69693728E-03
  0.140625000      0.484375000      -1.90158617E-02  0.178996086       3.24844522E-03
  0.171875000      0.484375000      -2.57028677E-02  0.183395535       1.40306680E-03
  0.203125000      0.484375000      -3.19686607E-02  0.184353411      -8.03231727E-04
  0.234375000      0.484375000      -3.76906916E-02  0.182067826      -3.31890862E-03
  0.265625000      0.484375000      -4.28197682E-02  0.176580936      -6.07536174E-03
  0.296875000      0.484375000      -4.73382920E-02  0.167947769      -8.98778066E-03
  0.328125000      0.484375000      -5.12467995E-02  0.156277373      -1.19578913E-02
  0.359375000      0.484375000      -5.45610487E-02  0.141745806      -1.48783550E-02
  0.390625000      0.484375000      -5.73136397E-02  0.124605805      -1.76387429E-02
  0.421875000      0.484375000      -5.95581606E-02  0.105194598      -2.01328471E-02
  0.453125000      0.484375000      -6.13753274E-02   8.39335024E-02  -2.22667139E-02
  0.484375000      0.484375000      -6.28812015E-02   6.13111332E-02  -2.39661764E-02
  0.515625000      0.484375000      -6.42373860E-02   3.78416032E-02  -2.51821559E-02
  0.546875000      0.484375000      -6.56629801E-02   1.39913466E-02  -2.58920882E-02
  0.578125000      0.484375000      -6.74458742E-02  -9.92454775E-03  -2.60966420E-02
  0.609375000      0.484375000      -6.98676556E-02  -3.37299891E-02  -2.58724280E-02
  0.640625000      0.484375000      -7.31926933E-02  -5.78456670E-02  -2.52077710E-02
  0.671875000      0.484375000      -7.76862651E-02  -8.29902217E-02  -2.41183676E-02
  0.703125000      0.484375000      -8.34989101E-02 -0.110154912      -2.25994885E-02
  0.734375000      0.484375000      -9.04555470E-02 -0.140526235      -2.06201766E-02
  0.765625000      0.484375000      -9.77840051E-02 -0.175002798      -1.81320719E-02
  0.796875000      0.484375000     -0.103953898     -0.213382393      -1.51068196E-02
  0.828125000      0.484375000     -0.106721632     -0.253359228      -1.16060479E-02
  0.859375000      0.484375000     -0.103426911     -0.289349347      -7.87282176E-03
  0.890625000      0.484375000      -9.15620178E-02 -0.311093450      -4.40356741E-03
  0.921875000      0.484375000      -6.97409362E-02 -0.301772684      -1.90714886E-03
  0.953125000      0.484375000      -3.96802351E-02 -0.235802904      -9.93132242E-04
  0.984375000      0.484375000      -1.15419244E-02  -8.43061879E-02  -1.52383256E-03
   1.56250000E-02  0.515625000       4.88556048E-04   5.55196702E-02   5.03898878E-03
   4.68750000E-02  0.515625000       5.37931919E-04  0.122790396       4.87965439E-03
   7.81250000E-02  0.515625000      -1.56123261E-03  0.158204138       4.33014426E-03
  0.109375000      0.515625000      -5.57169132E-03  0.175936997       3.31957638E-03
  0.140625000      0.515625000      -1.04068313E-02  0.184908509       1.88525172E-03
  0.171875000      0.515625000      -1.52585357E-02  0.189024642       5.01971481E-05
  0.203125000      0.515625000      -1.97711326E-02  0.189507991      -2.14791112E-03
  0.234375000      0.515625000      -2.38067694E-02  0.186678723      -4.65811510E-03
  0.265625000      0.515625000      -2.73268502E-02  0.180629432      -7.41260312E-03
  0.296875000      0.515625000      -3.03362906E-02  0.171439648      -1.03266891E-02
  0.328125000      0.515625000      -3.28634083E-02  0.159235269      -1.33013865E-02
  0.359375000      0.515625000      -3.49536538E-02  0.144207805      -1.62278190E-02
  0.390625000      0.515625000      -3.66679803E-02  0.126626819      -1.89934187E-02
  0.421875000      0.515625000      -3.80830169E-02  0.106849395      -2.14896575E-02
  0.453125000      0.515625000      -3.92922387E-02   8.53210688E-02  -2.36206949E-02
  0.484375000      0.515625000      -4.04080488E-02   6.25605807E-02  -2.53116693E-02
  0.515625000      0.515625000      -4.15651649E-02   3.91198844E-02  -2.65148878E-02
  0.546875000      0.515625000      -4.29267809E-02   1.55137088E-02  -2.72119157E-02
  0.578125000      0.515625000      -4.46962155E-02  -7.88216013E-03  -2.74097882E-02
  0.609375000      0.515625000      -4.71203476E-02  -3.09150554E-02  -2.72017457E-02
  0.640625000      0.515625000      -5.04802465E-02  -5.39651811E-02  -2.65856497E-02
  0.671875000      0.515625000      -5.50953075E-02  -7.77524859E-02  -2.55880915E-02
  0.703125000      0.515625000      -6.13149256E-02 -0.103351668      -2.42189821E-02
  0.734375000      0.515625000      -6.92908317E-02 -0.132389069      -2.24543773E-02
  0.765625000      0.515625000      -7.85706341E-02 -0.166524664      -2.02329736E-02
  0.796875000      0.515625000      -8.77879784E-02 -0.206467062      -1.74852666E-02
  0.828125000      0.515625000      -9.45893750E-02 -0.250700057      -1.42027242E-02
  0.859375000      0.515625000      -9.59120840E-02 -0.293976128      -1.05457315E-02
  0.890625000      0.515625000      -8.86096135E-02 -0.325630724      -6.95313979E-03
  0.921875000      0.515625000      -7.04619363E-02 -0.327202052      -4.15711757E-03
  0.953125000      0.515625000      -4.21727486E-02 -0.268722296      -2.91711325E-03
  0.984375000      0.515625000      -1.29246889E-02 -0.108772658      -3.29813478E-03
   1.56250000E-02  0.546875000       9.80823184E-04   5.40493205E-02   3.72083485E-03
   4.68750000E-02  0.546875000       2.49232305E-03  0.122697785       3.59664345E-03
   7.81250000E-02  0.546875000       2.49944441E-03  0.160387009       3.10024200E-03
  0.109375000      0.546875000       7.14812428E-04  0.179548621       2.15949188E-03
  0.140625000      0.546875000      -2.06531771E-03  0.188913316       7.70431652E-04
  0.171875000      0.546875000      -5.05136233E-03  0.192860931      -1.02222594E-03
  0.203125000      0.546875000      -7.79773947E-03  0.192936406      -3.17479111E-03
  0.234375000      0.546875000      -1.01334183E-02  0.189629808      -5.63976914E-03
  0.265625000      0.546875000      -1.20282834E-02  0.183103845      -8.35239887E-03
  0.296875000      0.546875000      -1.35117155E-02  0.173470736      -1.12300217E-02
  0.328125000      0.546875000      -1.46432109E-02  0.160877109      -1.41746718E-02
  0.359375000      0.546875000      -1.55022414E-02  0.145530730      -1.70774590E-02
  0.390625000      0.546875000      -1.61834154E-02  0.127715528      -1.98248308E-02
  0.421875000      0.546875000      -1.67929959E-02  0.107801586      -2.23065391E-02
  0.453125000      0.546875000      -1.74454749E-02   8.62465203E-02  -2.44246833E-02
  0.484375000      0.546875000      -1.82592478E-02   6.35799840E-02  -2.61025280E-02
  0.515625000      0.546875000      -1.93505939E-02   4.03633043E-02  -2.72914357E-02
  0.546875000      0.546875000      -2.08262242E-02   1.71208642E-02  -2.79738791E-02
  0.578125000      0.546875000      -2.27863528E-02  -5.74745238E-03  -2.81614624E-02
  0.609375000      0.546875000      -2.53864937E-02  -2.80141830E-02  -2.79565603E-02
  0.640625000      0.546875000      -2.88560987E-02  -5.00261858E-02  -2.73624770E-02
  0.671875000      0.546875000      -3.34891565E-02  -7.24339262E-02  -2.64158957E-02
  0.703125000      0.546875000      -3.97667587E-02  -9.61644799E-02  -2.51508839E-02
  0.734375000      0.546875000      -4.81800921E-02 -0.123179376      -2.35614516E-02
  0.765625000      0.546875000      -5.87153807E-02 -0.155912519      -2.15879623E-02
  0.796875000      0.546875000      -7.03690797E-02 -0.196202233      -1.91364270E-02
  0.828125000      0.546875000      -8.08388889E-02 -0.243688583      -1.61345545E-02
  0.859375000      0.546875000      -8.67150128E-02 -0.293784529      -1.26502989E-02
  0.890625000      0.546875000      -8.41863602E-02 -0.335650206      -9.03704297E-03
  0.921875000      0.546875000      -7.01290518E-02 -0.349385381      -6.01157825E-03
  0.953125000      0.546875000      -4.41253111E-02 -0.300830662      -4.45671193E-03
  0.984375000      0.546875000      -1.41699612E-02 -0.135867149      -4.66544228E-03
   1.56250000E-02  0.578125000       1.38584210E-03   5.16818874E-02   2.61453702E-03
   4.68750000E-02  0.578125000       4.16946178E-03  0.120768458       2.53370195E-03
   7.81250000E-02  0.578125000       6.10072445E-03  0.160376579       2.09172978E-03
  0.109375000      0.578125000       6.43084431E-03  0.181013271       1.22069963E-03
  0.140625000      0.578125000       5.68912225E-03  0.190971866      -8.06196331E-05
  0.171875000      0.578125000       4.60132863E-03  0.194879621      -1.78187096E-03
  0.203125000      0.578125000       3.64551111E-03  0.194625646      -3.84743325E-03
  0.234375000      0.578125000       3.02227400E-03  0.190907627      -6.22834591E-03
  0.265625000      0.578125000       2.76786136E-03  0.183985755      -8.86196829E-03
  0.296875000      0.578125000       2.83384090E-03  0.174018770      -1.16690574E-02
  0.328125000      0.578125000       3.12856142E-03  0.161179990      -1.45543544E-02
  0.359375000      0.578125000       3.53566417E-03  0.145695120      -1.74104460E-02
  0.390625000      0.578125000       3.92349856E-03  0.127860487      -2.01239549E-02
  0.421875000      0.578125000       4.15215828E-03  0.108053714      -2.25835498E-02
  0.453125000      0.578125000       4.08080127E-03   8.67340788E-02  -2.46891063E-02
  0.484375000      0.578125000       3.57670942E-03   6.44254759E-02  -2.63607576E-02
  0.515625000      0.578125000       2.52598431E-03   4.16741893E-02  -2.75462903E-02
  0.546875000      0.578125000       8.44960567E-04   1.89799052E-02  -2.82246321E-02
  0.578125000      0.578125000      -1.49610324E-03  -3.29305185E-03  -2.84072794E-02
  0.609375000      0.578125000      -4.50604968E-03  -2.48472281E-02  -2.82033458E-02
  0.640625000      0.578125000      -8.29208549E-03  -4.59271893E-02  -2.76145302E-02
  0.671875000      0.578125000      -1.30717866E-02  -6.71107918E-02  -2.66774669E-02
  0.703125000      0.578125000      -1.93385798E-02  -8.89347941E-02  -2.54680645E-02
  0.734375000      0.578125000      -2.78033856E-02 -0.113523491      -2.39989907E-02
  0.765625000      0.578125000      -3.89259383E-02 -0.143904135      -2.22215001E-02
  0.796875000      0.578125000      -5.22906333E-02 -0.183186710      -2.00431980E-02
  0.828125000      0.578125000      -6.58949539E-02 -0.232625365      -1.73415504E-02
  0.859375000      0.578125000      -7.61068016E-02 -0.288756013      -1.40910130E-02
  0.890625000      0.578125000      -7.84463733E-02 -0.340864897      -1.05384775E-02
  0.921875000      0.578125000      -6.88139498E-02 -0.367858469      -7.34875258E-03
  0.953125000      0.578125000      -4.55547832E-02 -0.331619442      -5.49557712E-03
  0.984375000      0.578125000      -1.52755352E-02 -0.165312558      -5.51340589E-03
   1.56250000E-02  0.609375000       1.68720458E-03   4.86081466E-02   1.72888068E-03
   4.68750000E-02  0.609375000       5.51474420E-03  0.117229521       1.69360905E-03
   7.81250000E-02  0.609375000       9.14438069E-03  0.158353299       1.31951587E-03
  0.109375000      0.609375000       1.14304945E-02  0.180419981       5.40246081E-04
  0.140625000      0.609375000       1.26532065E-02  0.191085368      -6.50690868E-04
  0.171875000      0.609375000       1.34461652E-02  0.195064098      -2.23215413E-03
  0.203125000      0.609375000       1.42885279E-02  0.194559991      -4.17427998E-03
  0.234375000      0.609375000       1.53993405E-02  0.190493420      -6.43586554E-03
  0.265625000      0.609375000       1.68134030E-02  0.183250308      -8.96009989E-03
  0.296875000      0.609375000       1.84599087E-02  0.173053771      -1.16717163E-02
  0.328125000      0.609375000       2.02126168E-02  0.160111278      -1.44776423E-02
  0.359375000      0.609375000       2.19162628E-02  0.144668058      -1.72709785E-02
  0.390625000      0.609375000       2.34010965E-02  0.127030611      -1.99374966E-02
  0.421875000      0.609375000       2.44936608E-02  0.107578307      -2.23640185E-02
  0.453125000      0.609375000       2.50277705E-02   8.67624208E-02  -2.44479198E-02
  0.484375000      0.609375000       2.48574093E-02   6.50866777E-02  -2.61065289E-02
  0.515625000      0.609375000       2.38719527E-02   4.30634134E-02  -2.72847787E-02
  0.546875000      0.609375000       2.20134128E-02   2.11434923E-02  -2.79593952E-02
  0.578125000      0.609375000       1.92850791E-02  -3.75014264E-04  -2.81388499E-02
  0.609375000      0.609375000       1.57952588E-02  -2.12542694E-02  -2.79295538E-02
  0.640625000      0.609375000       1.15898903E-02  -4.15184796E-02  -2.73423940E-02
  0.671875000      0.609375000       6.41899090E-03  -6.15596101E-02  -2.64442824E-02
  0.703125000      0.609375000      -1.01174111E-04  -8.16907585E-02  -2.52571609E-02
  0.734375000      0.609375000      -8.52853060E-03 -0.103868201      -2.38564909E-02
  0.765625000      0.609375000      -1.97330173E-02 -0.131226346      -2.21971534E-02
  0.796875000      0.609375000      -3.40698659E-02 -0.168158025      -2.02362854E-02
  0.828125000      0.609375000      -5.01380935E-02 -0.217977539      -1.78132392E-02
  0.859375000      0.609375000      -6.43208474E-02 -0.279006124      -1.48158511E-02
  0.890625000      0.609375000      -7.15146363E-02 -0.341079235      -1.13712531E-02
  0.921875000      0.609375000      -6.65746629E-02 -0.382215232      -8.06103274E-03
  0.953125000      0.609375000      -4.64806557E-02 -0.360615373      -5.91768138E-03
  0.984375000      0.609375000      -1.62441917E-02 -0.196832389      -5.72425686E-03
   1.56250000E-02  0.640625000       1.87489064E-03   4.50453013E-02   1.05842645E-03
   4.68750000E-02  0.640625000       6.48094388E-03  0.112357095       1.06776692E-03
   7.81250000E-02  0.640625000       1.15288869E-02  0.154546559       7.74141692E-04
  0.109375000      0.640625000       1.55632813E-02  0.177905470       1.11515896E-04
  0.140625000      0.640625000       1.86374038E-02  0.189303726      -9.37959994E-04
  0.171875000      0.640625000       2.12708600E-02  0.193421870      -2.36635841E-03
  0.203125000      0.640625000       2.39111949E-02  0.192724198      -4.15409822E-03
  0.234375000      0.640625000       2.67747305E-02  0.188361794      -6.26867451E-03
  0.265625000      0.640625000       2.98845880E-02  0.180867180      -8.65984801E-03
  0.296875000      0.640625000       3.31431776E-02  0.170543045      -1.12566780E-02
  0.328125000      0.640625000       3.63879353E-02  0.157637537      -1.39683243E-02
  0.359375000      0.640625000       3.94248441E-02  0.142415583      -1.66882873E-02
  0.390625000      0.640625000       4.20482308E-02  0.125190035      -1.93013772E-02
  0.421875000      0.640625000       4.40553054E-02  0.106334753      -2.16925200E-02
  0.453125000      0.640625000       4.52599525E-02   8.62826034E-02  -2.37565581E-02
  0.484375000      0.640625000       4.55071479E-02   6.55045360E-02  -2.54077204E-02
  0.515625000      0.640625000       4.46863025E-02   4.44659665E-02  -2.65871435E-02
  0.546875000      0.640625000       4.27394435E-02   2.35595144E-02  -2.72666458E-02
  0.578125000      0.640625000       3.96675691E-02   3.02134361E-03  -2.74476036E-02
  0.609375000      0.640625000       3.56053449E-02  -1.70874111E-02  -2.72380300E-02
  0.640625000      0.640625000       3.06716189E-02  -3.65360603E-02  -2.66364869E-02
  0.671875000      0.640625000       2.48162691E-02  -5.55066317E-02  -2.57064998E-02
  0.703125000      0.640625000       1.79497302E-02  -7.43490010E-02  -2.45119892E-02
  0.734375000      0.640625000       9.62986425E-03  -9.44559127E-02  -2.31378600E-02
  0.765625000      0.640625000      -1.38938869E-03 -0.118409365      -2.15943493E-02
  0.796875000      0.640625000      -1.61015745E-02 -0.151921719      -1.97812971E-02
  0.828125000      0.640625000      -3.38746309E-02 -0.200369418      -1.75812803E-02
  0.859375000      0.640625000      -5.15195429E-02 -0.264784455      -1.48147549E-02
  0.890625000      0.640625000      -6.34484887E-02 -0.336176932      -1.14814397E-02
  0.921875000      0.640625000      -6.34189844E-02 -0.392086595      -8.05535354E-03
  0.953125000      0.640625000      -4.68981341E-02 -0.387359262      -5.60304429E-03
  0.984375000      0.640625000      -1.70734506E-02 -0.230150431      -5.16706379E-03
   1.56250000E-02  0.671875000       1.94012222E-03   4.12293747E-02   5.86091715E-04
   4.68750000E-02  0.671875000       7.01895822E-03  0.106486037       6.36453391E-04
   7.81250000E-02  0.671875000       1.31409969E-02  0.149245501       4.35266411E-04
  0.109375000      0.671875000       1.86581817E-02  0.173653543      -8.23876981E-05
  0.140625000      0.671875000       2.34313514E-02  0.185708195      -9.52603761E-04
  0.171875000      0.671875000       2.78486740E-02  0.189968184      -2.18879129E-03
  0.203125000      0.671875000       3.22890095E-02  0.189100832      -3.78768891E-03
  0.234375000      0.671875000       3.69349457E-02  0.184481502      -5.72788483E-03
  0.265625000      0.671875000       4.17807326E-02  0.176799864      -7.96609279E-03
  0.296875000      0.671875000       4.66946587E-02  0.166447997      -1.04351249E-02
  0.328125000      0.671875000       5.14762327E-02  0.153718218      -1.30453976E-02
  0.359375000      0.671875000       5.58945611E-02  0.138893068      -1.56898536E-02
  0.390625000      0.671875000       5.97124733E-02  0.122285634      -1.82515308E-02
  0.421875000      0.671875000       6.27039000E-02  0.104255512      -2.06128433E-02
  0.453125000      0.671875000       6.46691397E-02   8.52068439E-02  -2.26655453E-02
  0.484375000      0.671875000       6.54487014E-02   6.55680746E-02  -2.43201628E-02
  0.515625000      0.671875000       6.49323389E-02   4.57534939E-02  -2.55132373E-02
  0.546875000      0.671875000       6.30568117E-02   2.61073560E-02  -2.62106787E-02
  0.578125000      0.671875000       5.97962961E-02   6.81788567E-03  -2.64053084E-02
  0.609375000      0.671875000       5.52843362E-02  -1.22987535E-02  -2.61941031E-02
  0.640625000      0.671875000       4.96555865E-02  -3.07522546E-02  -2.55831666E-02
  0.671875000      0.671875000       4.29293588E-02  -4.86999825E-02  -2.46274956E-02
  0.703125000      0.671875000       3.51372883E-02  -6.64893985E-02  -2.33968496E-02
  0.734375000      0.671875000       2.61619277E-02  -8.50140005E-02  -2.19675768E-02
  0.765625000      0.671875000       1.55166676E-02 -0.106181912      -2.03993283E-02
  0.796875000      0.671875000       1.35699147E-03 -0.135273904      -1.87407807E-02
  0.828125000      0.671875000      -1.73151176E-02 -0.180569991      -1.67073421E-02
  0.859375000      0.671875000      -3.77654880E-02 -0.246487677      -1.41126178E-02
  0.890625000      0.671875000      -5.41946031E-02 -0.326115727      -1.08442148E-02
  0.921875000      0.671875000      -5.92593253E-02 -0.397113502      -7.24849198E-03
  0.953125000      0.671875000      -4.67448831E-02 -0.411369205      -4.41693980E-03
  0.984375000      0.671875000      -1.77435484E-02 -0.264968246      -3.68186296E-03
   1.56250000E-02  0.703125000       1.87005592E-03   3.74180265E-02   2.85347196E-04
   4.68750000E-02  0.703125000       7.06362724E-03  0.100022286       3.70556925E-04
   7.81250000E-02  0.703125000       1.38386432E-02  0.142809317       2.74389546E-04
  0.109375000      0.703125000       2.05114335E-02  0.167897433      -6.50894581E-05
  0.140625000      0.703125000       2.67978869E-02  0.180403426      -7.11358734E-04
  0.171875000      0.703125000       3.29370312E-02  0.184716761      -1.71065144E-03
  0.203125000      0.703125000       3.91944312E-02  0.183656722      -3.08399345E-03
  0.234375000      0.703125000       4.56770584E-02  0.178801388      -4.82419878E-03
  0.265625000      0.703125000       5.23241870E-02  0.170993581      -6.89473934E-03
  0.296875000      0.703125000       5.89582734E-02  0.160714939      -9.23043303E-03
  0.328125000      0.703125000       6.53386414E-02  0.148299947      -1.17408251E-02
  0.359375000      0.703125000       7.12005794E-02  0.134043247      -1.43163651E-02
  0.390625000      0.703125000       7.62812197E-02  0.118250206      -1.68368034E-02
  0.421875000      0.703125000       8.03379416E-02  0.101256773      -1.91808864E-02
  0.453125000      0.703125000       8.31633508E-02   8.34291130E-02  -2.12364253E-02
  0.484375000      0.703125000       8.45976919E-02   6.51459172E-02  -2.29095444E-02
  0.515625000      0.703125000       8.45365226E-02   4.67666388E-02  -2.41317935E-02
  0.546875000      0.703125000       8.29316676E-02   2.85872277E-02  -2.48640627E-02
  0.578125000      0.703125000       7.97799826E-02   1.07618654E-02  -2.50969920E-02
  0.609375000      0.703125000       7.50227571E-02  -6.96286932E-03  -2.48572659E-02
  0.640625000      0.703125000       6.87376559E-02  -2.41646245E-02  -2.42545754E-02
  0.671875000      0.703125000       6.11295477E-02  -4.09448259E-02  -2.32794937E-02
  0.703125000      0.703125000       5.22942692E-02  -5.76101132E-02  -2.20047608E-02
  0.734375000      0.703125000       4.22506183E-02  -7.48686939E-02  -2.05064937E-02
  0.765625000      0.703125000       3.08468640E-02  -9.42742452E-02  -1.88551582E-02
  0.796875000      0.703125000       1.73623338E-02 -0.119535059      -1.71027221E-02
  0.828125000      0.703125000      -6.81140926E-04 -0.159592539      -1.52492970E-02
  0.859375000      0.703125000      -2.29987856E-02 -0.224697798      -1.27562433E-02
  0.890625000      0.703125000      -4.35385332E-02 -0.310938537      -9.45466198E-03
  0.921875000      0.703125000      -5.38522415E-02 -0.396914899      -5.55404695E-03
  0.953125000      0.703125000      -4.58561778E-02 -0.432081640      -2.18684180E-03
  0.984375000      0.703125000      -1.82016771E-02 -0.300914884      -1.04848715E-03
   1.56250000E-02  0.734375000       1.63413433E-03   3.39123495E-02   1.21781231E-04
   4.68750000E-02  0.734375000       6.50076661E-03   9.34643298E-02   2.33691215E-04
   7.81250000E-02  0.734375000       1.34159848E-02  0.135673225       2.58969725E-04
  0.109375000      0.734375000       2.08628140E-02  0.160910487       1.38677875E-04
  0.140625000      0.734375000       2.84631923E-02  0.173500955      -2.31425714E-04
  0.171875000      0.734375000       3.62781808E-02  0.177663818      -9.44919942E-04
  0.203125000      0.734375000       4.44028676E-02  0.176328048      -2.05625640E-03
  0.234375000      0.734375000       5.28151393E-02  0.171237677      -3.57532082E-03
  0.265625000      0.734375000       6.13646805E-02  0.163365334      -5.47098508E-03
  0.296875000      0.734375000       6.98122978E-02  0.153268367      -7.67688593E-03
  0.328125000      0.734375000       7.78742433E-02  0.141313136      -1.00983065E-02
  0.359375000      0.734375000       8.52561742E-02  0.127796859      -1.26203829E-02
  0.390625000      0.734375000       9.16765630E-02  0.113007560      -1.51174748E-02
  0.421875000      0.734375000       9.68833864E-02   9.72487479E-02  -1.74632408E-02
  0.453125000      0.734375000      0.100666769       8.08415860E-02  -1.95405856E-02
  0.484375000      0.734375000      0.102868222       6.41108677E-02  -2.12504864E-02
  0.515625000      0.734375000      0.103384331       4.73595783E-02  -2.25187000E-02
  0.546875000      0.734375000      0.102161288       3.08343172E-02  -2.32993681E-02
  0.578125000      0.734375000       9.91687253E-02   1.46702286E-02  -2.35748980E-02
  0.609375000      0.734375000       9.43086743E-02  -1.24377303E-03  -2.33509783E-02
  0.640625000      0.734375000       8.76575112E-02  -1.69383492E-02  -2.27491818E-02
  0.671875000      0.734375000       7.94228166E-02  -3.23205031E-02  -2.17557605E-02
  0.703125000      0.734375000       6.97035640E-02  -4.76736128E-02  -2.04322077E-02
  0.734375000      0.734375000       5.85870780E-02  -6.36404306E-02  -1.88492872E-02
  0.765625000      0.734375000       4.60921451E-02  -8.16010013E-02  -1.70763526E-02
  0.796875000      0.734375000       3.19821462E-02 -0.104612857      -1.51663339E-02
  0.828125000      0.734375000       1.50769539E-02 -0.139567092      -1.31237349E-02
  0.859375000      0.734375000      -7.04731513E-03 -0.200284019      -1.08137075E-02
  0.890625000      0.734375000      -3.10397018E-02 -0.290824115      -7.31062144E-03
  0.921875000      0.734375000      -4.67080995E-02 -0.391052067      -2.85553839E-03
  0.953125000      0.734375000      -4.38975245E-02 -0.448756635       1.34156132E-03
  0.984375000      0.734375000      -1.83391310E-02 -0.337457836       3.07167624E-03
   1.56250000E-02  0.765625000       1.14744296E-03   3.11289113E-02   5.22962509E-05
   4.68750000E-02  0.765625000       5.09088114E-03   8.74333978E-02   1.85284240E-04
   7.81250000E-02  0.765625000       1.15386266E-02  0.128336325       3.59086553E-04
  0.109375000      0.765625000       1.93614438E-02  0.152973056       5.11013321E-04
  0.140625000      0.765625000       2.81091537E-02  0.165086180       4.76330053E-04
  0.171875000      0.765625000       3.76077145E-02  0.168761969       9.83606951E-05
  0.203125000      0.765625000       4.77083921E-02  0.167002976      -7.19323463E-04
  0.234375000      0.765625000       5.81961758E-02  0.161663055      -2.00485159E-03
  0.265625000      0.765625000       6.87914640E-02  0.153797701      -3.72911571E-03
  0.296875000      0.765625000       7.91765749E-02  0.144008100      -5.81971090E-03
  0.328125000      0.765625000       8.90230089E-02  0.132672012      -8.17317236E-03
  0.359375000      0.765625000       9.80129465E-02  0.120075002      -1.06658870E-02
  0.390625000      0.765625000      0.105855018      0.106477372      -1.31645454E-02
  0.421875000      0.765625000      0.112295970       9.21426788E-02  -1.55363306E-02
  0.453125000      0.765625000      0.117129482       7.73428679E-02  -1.76584534E-02
  0.484375000      0.765625000      0.120201297       6.23485446E-02  -1.94263961E-02
  0.515625000      0.765625000      0.121409073       4.74100225E-02  -2.07599495E-02
  0.546875000      0.765625000      0.120693117       3.27343121E-02  -2.16063671E-02
  0.578125000      0.765625000      0.118010841       1.84556395E-02  -2.19399147E-02
  0.609375000      0.765625000      0.113287181       4.56401240E-03  -2.17563249E-02
  0.640625000      0.765625000      0.106556967      -9.35644098E-03  -2.11594366E-02
  0.671875000      0.765625000       9.79658067E-02  -2.30696071E-02  -2.01568864E-02
  0.703125000      0.765625000       8.76279175E-02  -3.68620567E-02  -1.87851414E-02
  0.734375000      0.765625000       7.56558776E-02  -5.13600111E-02  -1.71049908E-02
  0.765625000      0.765625000       6.21467717E-02  -6.78759515E-02  -1.51750324E-02
  0.796875000      0.765625000       4.71152775E-02  -8.91971439E-02  -1.30373379E-02
  0.828125000      0.765625000       3.02156005E-02 -0.121180899      -1.06917098E-02
  0.859375000      0.765625000       9.35287401E-03 -0.175688237      -8.06137919E-03
  0.890625000      0.765625000      -1.58984326E-02 -0.266182750      -4.36367560E-03
  0.921875000      0.765625000      -3.69423553E-02 -0.378988683       1.04634243E-03
  0.953125000      0.765625000      -4.02547047E-02 -0.460326433       6.58288505E-03
  0.984375000      0.765625000      -1.79541744E-02 -0.373754263       9.24032182E-03
   1.56250000E-02  0.796875000       2.02680385E-04   2.97765099E-02   1.43826055E-05
   4.68750000E-02  0.796875000       2.33054138E-03   8.27092603E-02   1.87904807E-04
   7.81250000E-02  0.796875000       7.64355995E-03  0.121293701       5.58854779E-04
  0.109375000      0.796875000       1.55354757E-02  0.144294888       1.05046690E-03
  0.140625000      0.796875000       2.53839158E-02  0.155162394       1.41286547E-03
  0.171875000      0.796875000       3.66832651E-02  0.157882780       1.41448015E-03
  0.203125000      0.796875000       4.89590243E-02  0.155501962       9.10328119E-04
  0.234375000      0.796875000       6.17334694E-02  0.149899870      -1.43793441E-04
  0.265625000      0.796875000       7.45605379E-02  0.142138720      -1.71453599E-03
  0.296875000      0.796875000       8.70329291E-02  0.132812083      -3.71692982E-03
  0.328125000      0.796875000       9.87810865E-02  0.122278228      -6.03362592E-03
  0.359375000      0.796875000      0.109473787      0.110793039      -8.52885470E-03
  0.390625000      0.796875000      0.118821189       9.85785127E-02  -1.10596363E-02
  0.421875000      0.796875000      0.126579106       8.58526155E-02  -1.34857101E-02
  0.453125000      0.796875000      0.132552803       7.28364885E-02  -1.56783201E-02
  0.484375000      0.796875000      0.136598855       5.97481355E-02  -1.75276212E-02
  0.515625000      0.796875000      0.138623446       4.67890799E-02  -1.89479832E-02
  0.546875000      0.796875000      0.138576359       3.41288671E-02  -1.98810082E-02
  0.578125000      0.796875000      0.136442304       2.18871795E-02  -2.02960968E-02
  0.609375000      0.796875000      0.132223085       1.00839976E-02  -2.01898981E-02
  0.640625000      0.796875000      0.125754893      -1.67063752E-03  -1.95860714E-02
  0.671875000      0.796875000      0.117098384      -1.35018369E-02  -1.85866095E-02
  0.703125000      0.796875000      0.106523484      -2.55128704E-02  -1.71737596E-02
  0.734375000      0.796875000       9.41190198E-02  -3.83305624E-02  -1.53898755E-02
  0.765625000      0.796875000       7.99750239E-02  -5.32524325E-02  -1.32690035E-02
  0.796875000      0.796875000       6.41705394E-02  -7.29872435E-02  -1.08183604E-02
  0.828125000      0.796875000       4.66814414E-02 -0.103007108      -7.98305310E-03
  0.859375000      0.796875000       2.69646104E-02 -0.153290033      -4.59434232E-03
  0.890625000      0.796875000       2.33005406E-03 -0.238704726      -3.48010333E-04
  0.921875000      0.796875000      -2.30432414E-02 -0.360060304       6.51834905E-03
  0.953125000      0.796875000      -3.38457711E-02 -0.465151310       1.42381815E-02
  0.984375000      0.796875000      -1.66865289E-02 -0.408399224       1.84251610E-02
   1.56250000E-02  0.828125000      -1.44100713E-03   3.10121365E-02  -5.87238465E-05
   4.68750000E-02  0.828125000      -2.58468557E-03   8.04832131E-02   1.59317075E-04
   7.81250000E-02  0.828125000       7.95439351E-04  0.114819363       8.75021098E-04
  0.109375000      0.828125000       8.80040787E-03  0.134864852       1.77934021E-03
  0.140625000      0.828125000       1.99646167E-02  0.143572211       2.58942950E-03
  0.171875000      0.828125000       3.33643518E-02  0.144766629       3.00049642E-03
  0.203125000      0.828125000       4.81426343E-02  0.141557842       2.80959648E-03
  0.234375000      0.828125000       6.34881780E-02  0.135719419       1.96397654E-03
  0.265625000      0.828125000       7.87689388E-02  0.128208905       5.11393882E-04
  0.296875000      0.828125000       9.34945568E-02  0.119543880      -1.44290924E-03
  0.328125000      0.828125000      0.107269615      0.110025667      -3.76291433E-03
  0.359375000      0.828125000      0.119765997       9.98612568E-02  -6.29810523E-03
  0.390625000      0.828125000      0.130710512       8.92250612E-02  -8.89473874E-03
  0.421875000      0.828125000      0.139880896       7.82859921E-02  -1.14049055E-02
  0.453125000      0.828125000      0.147104979       6.72145933E-02  -1.36942249E-02
  0.484375000      0.828125000      0.152260080       5.61786592E-02  -1.56481396E-02
  0.515625000      0.828125000      0.155270517       4.53334153E-02  -1.71764158E-02
  0.546875000      0.828125000      0.156102806       3.48088741E-02  -1.82155501E-02
  0.578125000      0.828125000      0.154758483       2.46943589E-02  -1.87290329E-02
  0.609375000      0.828125000      0.151256278       1.50059536E-02  -1.87055804E-02
  0.640625000      0.828125000      0.145557418       5.58081362E-03  -1.81533005E-02
  0.671875000      0.828125000      0.137553424      -4.08799713E-03  -1.71371866E-02
  0.703125000      0.828125000      0.127393126      -1.41885607E-02  -1.56963319E-02
  0.734375000      0.828125000      0.115304798      -2.51613166E-02  -1.38102528E-02
  0.765625000      0.828125000      0.101315312      -3.82899567E-02  -1.14717344E-02
  0.796875000      0.828125000       8.54540318E-02  -5.62883988E-02  -8.62064399E-03
  0.828125000      0.828125000       6.77282512E-02  -8.44983757E-02  -5.09082619E-03
  0.859375000      0.828125000       4.78736274E-02 -0.132237494      -5.19836554E-04
  0.890625000      0.828125000       2.48735175E-02 -0.212135419       5.68834366E-03
  0.921875000      0.828125000      -2.69043166E-03 -0.333706886       1.40585182E-02
  0.953125000      0.828125000      -2.27741022E-02 -0.460633725       2.54646745E-02
  0.984375000      0.828125000      -1.38860438E-02 -0.438977331       3.23192403E-02
   1.56250000E-02  0.859375000      -4.27188026E-03   3.67218778E-02  -2.43431117E-04
   4.68750000E-02  0.859375000      -1.04379822E-02   8.20759684E-02   6.02517975E-05
   7.81250000E-02  0.859375000      -9.82268807E-03  0.109222636       1.22325949E-03
  0.109375000      0.859375000      -1.53467478E-03  0.124159500       2.70479335E-03
  0.140625000      0.859375000       1.17320884E-02  0.129836977       4.00681514E-03
  0.171875000      0.859375000       2.78816968E-02  0.128942847       4.84244153E-03
  0.203125000      0.859375000       4.56808358E-02  0.124795318       4.93732281E-03
  0.234375000      0.859375000       6.39647096E-02  0.118845180       4.25227406E-03
  0.265625000      0.859375000       8.19549263E-02  0.111806989       2.86478363E-03
  0.296875000      0.859375000       9.91208628E-02  0.104051597       9.07959184E-04
  0.328125000      0.859375000      0.115074486       9.57892686E-02  -1.46046910E-03
  0.359375000      0.859375000      0.129515663       8.71625915E-02  -4.07446129E-03
  0.390625000      0.859375000      0.142207190       7.82923698E-02  -6.76977355E-03
  0.421875000      0.859375000      0.152964562       6.92973733E-02  -9.39159095E-03
  0.453125000      0.859375000      0.161652341       6.02990277E-02  -1.18008368E-02
  0.484375000      0.859375000      0.168182105       5.14177531E-02  -1.38792954E-02
  0.515625000      0.859375000      0.172509819       4.27648425E-02  -1.55331455E-02
  0.546875000      0.859375000      0.174631596       3.44318077E-02  -1.66946389E-02
  0.578125000      0.859375000      0.174577802       2.64773406E-02  -1.73218139E-02
  0.609375000      0.859375000      0.172402933       1.89067908E-02  -1.73962787E-02
  0.640625000      0.859375000      0.168160453       1.16266739E-02  -1.69190727E-02
  0.671875000      0.859375000      0.161769718       4.26458102E-03  -1.59048326E-02
  0.703125000      0.859375000      0.153115958      -3.72530543E-03  -1.44027416E-02
  0.734375000      0.859375000      0.142417818      -1.28386291E-02  -1.24227945E-02
  0.765625000      0.859375000      0.129820660      -2.40292475E-02  -9.84919630E-03
  0.796875000      0.859375000      0.115199462      -4.00729142E-02  -6.50356337E-03
  0.828125000      0.859375000       9.84179974E-02  -6.62161857E-02  -2.03049788E-03
  0.859375000      0.859375000       7.89669007E-02 -0.111226857       4.25045565E-03
  0.890625000      0.859375000       5.54967225E-02 -0.186691701       1.33746518E-02
  0.921875000      0.859375000       2.61134580E-02 -0.302221715       2.61946302E-02
  0.953125000      0.859375000      -3.44015937E-03 -0.442500949       4.21493575E-02
  0.984375000      0.859375000      -8.29231553E-03 -0.461162627       5.39203398E-02
   1.56250000E-02  0.890625000      -9.09773819E-03   5.00878431E-02  -9.21615749E-04
   4.68750000E-02  0.890625000      -2.23424938E-02   8.81124288E-02  -3.12193675E-04
   7.81250000E-02  0.890625000      -2.40115430E-02  0.104229927       1.58716738E-03
  0.109375000      0.890625000      -1.45219434E-02  0.111363657       3.82016879E-03
  0.140625000      0.890625000       2.01003812E-03  0.112822205       5.62725589E-03
  0.171875000      0.890625000       2.21890304E-02  0.109616756       6.89723808E-03
  0.203125000      0.890625000       4.37949598E-02  0.104704686       7.21892808E-03
  0.234375000      0.890625000       6.55045509E-02   9.89322364E-02   6.62325416E-03
  0.265625000      0.890625000       8.65548104E-02   9.26715955E-02   5.23626478E-03
  0.296875000      0.890625000      0.106463417       8.61072391E-02   3.22341663E-03
  0.328125000      0.890625000      0.124898985       7.93420374E-02   7.63915246E-04
  0.359375000      0.890625000      0.141619667       7.24482685E-02  -1.96222565E-03
  0.390625000      0.890625000      0.156445369       6.54922202E-02  -4.78196424E-03
  0.421875000      0.890625000      0.169246137       5.85441105E-02  -7.53511675E-03
  0.453125000      0.890625000      0.179937646       5.16791679E-02  -1.00792963E-02
  0.484375000      0.890625000      0.188478887       4.49737050E-02  -1.22938510E-02
  0.515625000      0.890625000      0.194869369       3.84982377E-02  -1.40825231E-02
  0.546875000      0.890625000      0.199144542       3.23088467E-02  -1.53743383E-02
  0.578125000      0.890625000      0.201369137       2.64363661E-02  -1.61226206E-02
  0.609375000      0.890625000      0.201626807       2.08708271E-02  -1.63018499E-02
  0.640625000      0.890625000      0.200002894       1.55335069E-02  -1.59021728E-02
  0.671875000      0.890625000      0.196541682       1.02124400E-02  -1.49205122E-02
  0.703125000      0.890625000      0.191116676       4.40630270E-03  -1.33443829E-02
  0.734375000      0.890625000      0.183511063      -2.66816583E-03  -1.11749880E-02
  0.765625000      0.890625000      0.173843682      -1.19396998E-02  -8.36161897E-03
  0.796875000      0.890625000      0.162149996      -2.58554742E-02  -4.39513102E-03
  0.828125000      0.890625000      0.147889227      -4.94030118E-02   1.37789233E-03
  0.859375000      0.890625000      0.129721582      -9.04367715E-02   1.01449070E-02
  0.890625000      0.890625000      0.104969844     -0.159278959       2.36760043E-02
  0.921875000      0.890625000       7.04663023E-02 -0.265769541       4.35352139E-02
  0.953125000      0.890625000       2.79431138E-02 -0.406899482       6.84278905E-02
  0.984375000      0.890625000       2.73722038E-03 -0.466726005       8.85058492E-02
   1.56250000E-02  0.921875000      -1.58783998E-02   7.50597715E-02  -3.30190943E-03
   4.68750000E-02  0.921875000      -3.60942371E-02   9.65913832E-02  -1.46720547E-03
   7.81250000E-02  0.921875000      -3.59144695E-02   9.72286314E-02   1.82168710E-03
  0.109375000      0.921875000      -2.16918290E-02   9.46397930E-02   5.08222356E-03
  0.140625000      0.921875000       6.77414704E-04   9.06306356E-02   7.46851740E-03
  0.171875000      0.921875000       2.65931729E-02   8.56987387E-02   9.09409765E-03
  0.203125000      0.921875000       5.30154556E-02   8.05801824E-02   9.54520330E-03
  0.234375000      0.921875000       7.89199769E-02   7.54298866E-02   8.95738788E-03
  0.265625000      0.921875000      0.103738196       7.02950954E-02   7.50972610E-03
  0.296875000      0.921875000      0.127117604       6.51881918E-02   5.39742550E-03
  0.328125000      0.921875000      0.148825154       6.01134524E-02   2.81734020E-03
  0.359375000      0.921875000      0.168700635       5.50790951E-02  -3.99341043E-05
  0.390625000      0.921875000      0.186634943       5.01024053E-02  -2.99521745E-03
  0.421875000      0.921875000      0.202560842       4.52104807E-02  -5.88494632E-03
  0.453125000      0.921875000      0.216449052       4.04379517E-02  -8.56489874E-03
  0.484375000      0.921875000      0.228305936       3.58227752E-02  -1.09132417E-02
  0.515625000      0.921875000      0.238170356       3.14008184E-02  -1.28323808E-02
  0.546875000      0.921875000      0.246108547       2.71994360E-02  -1.42492289E-02
  0.578125000      0.921875000      0.252206326       2.32295059E-02  -1.51134310E-02
  0.609375000      0.921875000      0.256557286       1.94741879E-02  -1.53931221E-02
  0.640625000      0.921875000      0.259245574       1.58695802E-02  -1.50674582E-02
  0.671875000      0.921875000      0.260317564       1.22675980E-02  -1.41141890E-02
  0.703125000      0.921875000      0.259734660       8.35891441E-03  -1.24891866E-02
  0.734375000      0.921875000      0.257255942       3.46086826E-03  -1.00906594E-02
  0.765625000      0.921875000      0.252564818      -3.71583947E-03  -6.82075694E-03
  0.796875000      0.921875000      0.245434880      -1.52649190E-02  -2.02300446E-03
  0.828125000      0.921875000      0.234877825      -3.51891220E-02   5.58312936E-03
  0.859375000      0.921875000      0.218108267      -6.97311312E-02   1.78811140E-02
  0.890625000      0.921875000      0.190293789     -0.127440020       3.77226919E-02
  0.921875000      0.921875000      0.145540074     -0.218375817       6.80221319E-02
  0.953125000      0.921875000       8.18501115E-02 -0.348106265      0.108196728    
  0.984375000      0.921875000       2.27561239E-02 -0.441241920      0.144133911    
   1.56250000E-02  0.953125000      -1.66864842E-02  0.107620060      -1.08081885E-02
   4.68750000E-02  0.953125000      -2.75402572E-02   9.50900540E-02  -3.79318697E-03
   7.81250000E-02  0.953125000      -8.18286650E-03   7.91798681E-02   2.03696825E-03
  0.109375000      0.953125000       2.15172637E-02   6.87511414E-02   6.53138896E-03
  0.140625000      0.953125000       5.43811843E-02   6.12698644E-02   9.64237191E-03
  0.171875000      0.953125000       8.76580998E-02   5.58497533E-02   1.14003196E-02
  0.203125000      0.953125000      0.120303243       5.13451248E-02   1.18560763E-02
  0.234375000      0.953125000      0.151673853       4.73748446E-02   1.11978557E-02
  0.265625000      0.953125000      0.181448340       4.37449813E-02   9.64144245E-03
  0.296875000      0.953125000      0.209452748       4.03450280E-02   7.40284938E-03
  0.328125000      0.953125000      0.235585630       3.71099599E-02   4.69019124E-03
  0.359375000      0.953125000      0.259786755       3.40028405E-02   1.69999711E-03
  0.390625000      0.953125000      0.282024890       3.10058817E-02  -1.38565456E-03
  0.421875000      0.953125000      0.302293271       2.81147808E-02  -4.40203445E-03
  0.453125000      0.953125000      0.320608318       2.53342539E-02  -7.20465183E-03
  0.484375000      0.953125000      0.337008834       2.26742327E-02  -9.67163965E-03
  0.515625000      0.953125000      0.351553857       2.01457776E-02  -1.17051266E-02
  0.546875000      0.953125000      0.364318848       1.77571643E-02  -1.32309347E-02
  0.578125000      0.953125000      0.375389427       1.55089432E-02  -1.41961500E-02
  0.609375000      0.953125000      0.384850800       1.33870663E-02  -1.45638064E-02
  0.640625000      0.953125000      0.392771333       1.13512743E-02  -1.43030556E-02
  0.671875000      0.953125000      0.399175882       9.31088999E-03  -1.33721745E-02
  0.703125000      0.953125000      0.404004008       7.06973718E-03  -1.16878916E-02
  0.734375000      0.953125000      0.407058716       4.17068414E-03  -9.06975940E-03
  0.765625000      0.953125000      0.407915771      -5.98146813E-04  -5.13816997E-03
  0.796875000      0.953125000      0.405508816      -8.85601528E-03   1.02841214E-03
  0.828125000      0.953125000      0.397431403      -2.29782499E-02   1.11403819E-02
  0.859375000      0.953125000      0.379216462      -4.69766259E-02   2.79704351E-02
  0.890625000      0.953125000      0.343698204      -8.68849903E-02   5.57188876E-02
  0.921875000      0.953125000      0.281034648     -0.151539654       9.94764641E-02
  0.953125000      0.953125000      0.181799442     -0.252044916      0.161969900    
  0.984375000      0.953125000       6.10309727E-02 -0.357464552      0.229352713    
   1.56250000E-02  0.984375000       6.21506721E-02   6.21520951E-02  -2.85217557E-02
   4.68750000E-02  0.984375000      0.168926328       4.46271151E-02  -3.20596108E-03
   7.81250000E-02  0.984375000      0.246374577       3.28257978E-02   5.54509740E-03
  0.109375000      0.984375000      0.305480659       2.62857955E-02   1.01329144E-02
  0.140625000      0.984375000      0.354048610       2.22884510E-02   1.28921103E-02
  0.171875000      0.984375000      0.395958781       1.96283814E-02   1.42925205E-02
  0.203125000      0.984375000      0.433222711       1.76420789E-02   1.44603439E-02
  0.234375000      0.984375000      0.466887474       1.60286147E-02   1.35653280E-02
  0.265625000      0.984375000      0.497551799       1.46407224E-02   1.18066370E-02
  0.296875000      0.984375000      0.525588095       1.33995032E-02   9.39042587E-03
  0.328125000      0.984375000      0.551244676       1.22598121E-02   6.51881099E-03
  0.359375000      0.984375000      0.574698031       1.11950776E-02   3.38432007E-03
  0.390625000      0.984375000      0.596082568       1.01899942E-02   1.65978476E-04
  0.421875000      0.984375000      0.615509510       9.23653878E-03  -2.97387294E-03
  0.453125000      0.984375000      0.633078396       8.33131280E-03  -5.89260971E-03
  0.484375000      0.984375000      0.648885131       7.47388601E-03  -8.46970826E-03
  0.515625000      0.984375000      0.663025975       6.66501513E-03  -1.06079839E-02
  0.546875000      0.984375000      0.675598264       5.90535346E-03  -1.22330710E-02
  0.578125000      0.984375000      0.686699033       5.19372430E-03  -1.32906446E-02
  0.609375000      0.984375000      0.696419060       4.52471804E-03  -1.37403039E-02
  0.640625000      0.984375000      0.704829931       3.88499303E-03  -1.35437604E-02
  0.671875000      0.984375000      0.711959422       3.24415299E-03  -1.26430299E-02
  0.703125000      0.984375000      0.717735052       2.53188750E-03  -1.09138023E-02
  0.734375000      0.984375000      0.721825600       1.56007428E-03  -8.04984383E-03
  0.765625000      0.984375000      0.723178864      -2.04084441E-04  -3.22748395E-03
  0.796875000      0.984375000      0.719648540      -3.32222413E-03   4.51167859E-03
  0.828125000      0.984375000      0.707760930      -8.56000651E-03   1.70991924E-02
  0.859375000      0.984375000      0.681879163      -1.73148680E-02   3.80669460E-02
  0.890625000      0.984375000      0.632693291      -3.18627432E-02   7.26961270E-02
  0.921875000      0.984375000      0.544796824      -5.60244098E-02  0.128051549    
  0.953125000      0.984375000      0.392605811      -9.61572081E-02  0.211339653    
  0.984375000      0.984375000      0.148221999     -0.148219287      0.322962999    
