 VARIABLES="X","Y","U","V","P"
 ZONE F=POINT, I=          32 , J=          32
   1.56250000E-02   1.56250000E-02   3.93547583E-04  -3.95398645E-04   1.56326368E-02
   4.68750000E-02   1.56250000E-02   1.27335335E-03  -4.88738180E-04   1.55937411E-02
   7.81250000E-02   1.56250000E-02   2.00211327E-03  -2.44941853E-04   1.54582467E-02
  0.109375000       1.56250000E-02   2.15660408E-03   8.56580009E-05   1.52487988E-02
  0.140625000       1.56250000E-02   1.65124098E-03   4.15095798E-04   1.49838217E-02
  0.171875000       1.56250000E-02   5.05500939E-04   7.26251514E-04   1.46753667E-02
  0.203125000       1.56250000E-02  -1.25646347E-03   1.03157049E-03   1.43290013E-02
  0.234375000       1.56250000E-02  -3.63373663E-03   1.34184584E-03   1.39521565E-02
  0.265625000       1.56250000E-02  -6.63559046E-03   1.65647245E-03   1.35588590E-02
  0.296875000       1.56250000E-02  -1.02559384E-02   1.96067686E-03   1.31700607E-02
  0.328125000       1.56250000E-02  -1.44503070E-02   2.23083887E-03   1.28146308E-02
  0.359375000       1.56250000E-02  -1.91221945E-02   2.43851845E-03   1.25283897E-02
  0.390625000       1.56250000E-02  -2.41170358E-02   2.55407812E-03   1.23520410E-02
  0.421875000       1.56250000E-02  -2.92232446E-02   2.55010254E-03   1.23281479E-02
  0.453125000       1.56250000E-02  -3.41795459E-02   2.40429188E-03   1.24972733E-02
  0.484375000       1.56250000E-02  -3.86871174E-02   2.10139318E-03   1.28934206E-02
  0.515625000       1.56250000E-02  -4.24247421E-02   1.63424760E-03   1.35389101E-02
  0.546875000       1.56250000E-02  -4.50658835E-02   1.00469054E-03   1.44387428E-02
  0.578125000       1.56250000E-02  -4.63001318E-02   2.26999604E-04   1.55745028E-02
  0.609375000       1.56250000E-02  -4.58770543E-02  -6.53093564E-04   1.68733709E-02
  0.640625000       1.56250000E-02  -4.35317084E-02  -1.69578032E-03   1.82065517E-02
  0.671875000       1.56250000E-02  -3.90606448E-02  -2.77934317E-03   1.94596797E-02
  0.703125000       1.56250000E-02  -3.25297937E-02  -3.75605491E-03   2.04968173E-02
  0.734375000       1.56250000E-02  -2.43183188E-02  -4.46034689E-03   2.11879574E-02
  0.765625000       1.56250000E-02  -1.51513778E-02  -4.71173506E-03   2.14439947E-02
  0.796875000       1.56250000E-02  -6.10923627E-03  -4.33556270E-03   2.12544780E-02
  0.828125000       1.56250000E-02   1.43290742E-03  -3.21158627E-03   2.07210835E-02
  0.859375000       1.56250000E-02   6.12430880E-03  -1.48456055E-03   2.00260896E-02
  0.890625000       1.56250000E-02   7.44982855E-03   1.54576323E-04   1.93652697E-02
  0.921875000       1.56250000E-02   6.07640715E-03   1.21460750E-03   1.88888796E-02
  0.953125000       1.56250000E-02   3.31454608E-03   1.54314516E-03   1.86457708E-02
  0.984375000       1.56250000E-02   8.84682580E-04   8.83411034E-04   1.86271369E-02
   1.56250000E-02   4.68750000E-02   4.84800403E-04  -1.27810705E-03   1.56702902E-02
   4.68750000E-02   4.68750000E-02   1.27795001E-03  -1.28896127E-03   1.56262703E-02
   7.81250000E-02   4.68750000E-02   1.24479982E-03  -1.51464686E-04   1.55006126E-02
  0.109375000       4.68750000E-02  -2.52991740E-04   1.32462208E-03   1.53160673E-02
  0.140625000       4.68750000E-02  -3.37523920E-03   2.79327063E-03   1.50823910E-02
  0.171875000       4.68750000E-02  -8.07590596E-03   4.18447936E-03   1.48055311E-02
  0.203125000       4.68750000E-02  -1.42622776E-02   5.51223243E-03   1.44878980E-02
  0.234375000       4.68750000E-02  -2.18105242E-02   6.77790213E-03   1.41344164E-02
  0.265625000       4.68750000E-02  -3.05416174E-02   7.94528704E-03   1.37560377E-02
  0.296875000       4.68750000E-02  -4.02019247E-02   8.94521549E-03   1.33713577E-02
  0.328125000       4.68750000E-02  -5.04620336E-02   9.69426334E-03   1.30073829E-02
  0.359375000       4.68750000E-02  -6.09292015E-02   1.01083945E-02   1.26990210E-02
  0.390625000       4.68750000E-02  -7.11673647E-02   1.01121319E-02   1.24872727E-02
  0.421875000       4.68750000E-02  -8.07186067E-02   9.64494981E-03   1.24162296E-02
  0.453125000       4.68750000E-02  -8.91227871E-02   8.66569206E-03   1.25290174E-02
  0.484375000       4.68750000E-02  -9.59343016E-02   7.15493411E-03   1.28629729E-02
  0.515625000       4.68750000E-02 -0.100736178       5.11587970E-03   1.34442803E-02
  0.546875000       4.68750000E-02 -0.103151843       2.57507153E-03   1.42825441E-02
  0.578125000       4.68750000E-02 -0.102853224      -4.13310336E-04   1.53663848E-02
  0.609375000       4.68750000E-02  -9.94973779E-02  -3.79826874E-03   1.65781677E-02
  0.640625000       4.68750000E-02  -9.29147527E-02  -7.48626795E-03   1.78478062E-02
  0.671875000       4.68750000E-02  -8.32396448E-02  -1.11438949E-02   1.90516245E-02
  0.703125000       4.68750000E-02  -7.08035752E-02  -1.43683692E-02   2.00541094E-02
  0.734375000       4.68750000E-02  -5.61796650E-02  -1.66942365E-02   2.07289197E-02
  0.765625000       4.68750000E-02  -4.02379334E-02  -1.75978430E-02   2.09916439E-02
  0.796875000       4.68750000E-02  -2.41965670E-02  -1.65443532E-02   2.08365545E-02
  0.828125000       4.68750000E-02  -9.62871034E-03  -1.31238848E-02   2.03611441E-02
  0.859375000       4.68750000E-02   1.58206315E-03  -7.48497900E-03   1.97562370E-02
  0.890625000       4.68750000E-02   7.57610612E-03  -1.17452093E-03   1.91973690E-02
  0.921875000       4.68750000E-02   8.12336057E-03   3.36038880E-03   1.88034382E-02
  0.953125000       4.68750000E-02   5.13963075E-03   5.13373967E-03   1.86058059E-02
  0.984375000       4.68750000E-02   1.54482434E-03   3.30986083E-03   1.85999852E-02
   1.56250000E-02   7.81250000E-02   9.65911895E-05  -1.86457369E-03   1.58134066E-02
   4.68750000E-02   7.81250000E-02  -4.59287490E-04  -9.51167312E-04   1.57413743E-02
   7.81250000E-02   7.81250000E-02  -2.83606863E-03   1.90813618E-03   1.56093389E-02
  0.109375000       7.81250000E-02  -7.37512484E-03   5.28964167E-03   1.54319219E-02
  0.140625000       7.81250000E-02  -1.40329786E-02   8.59653670E-03   1.52124446E-02
  0.171875000       7.81250000E-02  -2.26400904E-02   1.16776833E-02   1.49472300E-02
  0.203125000       7.81250000E-02  -3.29445302E-02   1.44991521E-02   1.46320406E-02
  0.234375000       7.81250000E-02  -4.46205363E-02   1.70052797E-02   1.42671401E-02
  0.265625000       7.81250000E-02  -5.72736859E-02   1.90930404E-02   1.38605647E-02
  0.296875000       7.81250000E-02  -7.04559013E-02   2.06318051E-02   1.34298448E-02
  0.328125000       7.81250000E-02  -8.36860836E-02   2.14907452E-02   1.30026024E-02
  0.359375000       7.81250000E-02  -9.64706391E-02   2.15573385E-02   1.26159592E-02
  0.390625000       7.81250000E-02 -0.108321801       2.07470786E-02   1.23145888E-02
  0.421875000       7.81250000E-02 -0.118773267       1.90079454E-02   1.21474015E-02
  0.453125000       7.81250000E-02 -0.127392501       1.63218006E-02   1.21630123E-02
  0.484375000       7.81250000E-02 -0.133790076       1.27038015E-02   1.24043664E-02
  0.515625000       7.81250000E-02 -0.137625888       8.20046663E-03   1.29029024E-02
  0.546875000       7.81250000E-02 -0.138611585       2.88714957E-03   1.36728985E-02
  0.578125000       7.81250000E-02 -0.136506855      -3.13421292E-03   1.46803763E-02
  0.609375000       7.81250000E-02 -0.131179422      -9.76714399E-03   1.58444364E-02
  0.640625000       7.81250000E-02 -0.122672036      -1.66151337E-02   1.70944426E-02
  0.671875000       7.81250000E-02 -0.111166574      -2.32046135E-02   1.83063559E-02
  0.703125000       7.81250000E-02  -9.69634652E-02  -2.89570577E-02   1.93433948E-02
  0.734375000       7.81250000E-02  -8.05280060E-02  -3.31761464E-02   2.00766064E-02
  0.765625000       7.81250000E-02  -6.25499338E-02  -3.50475833E-02   2.04157680E-02
  0.796875000       7.81250000E-02  -4.40068990E-02  -3.36910412E-02   2.03448180E-02
  0.828125000       7.81250000E-02  -2.62208134E-02  -2.83429511E-02   1.99476909E-02
  0.859375000       7.81250000E-02  -1.08722541E-02  -1.88365597E-02   1.93999670E-02
  0.890625000       7.81250000E-02   4.90692910E-05  -6.74906187E-03   1.88894272E-02
  0.921875000       7.81250000E-02   4.72874008E-03   3.69769591E-03   1.85235031E-02
  0.953125000       7.81250000E-02   3.99378780E-03   8.50505475E-03   1.83528624E-02
  0.984375000       7.81250000E-02   1.33372936E-03   6.18489599E-03   1.83464997E-02
   1.56250000E-02  0.109375000      -6.29512826E-04  -1.33687444E-03   1.60418488E-02
   4.68750000E-02  0.109375000      -3.36768036E-03   1.80347834E-03   1.59208104E-02
   7.81250000E-02  0.109375000      -8.89468379E-03   7.04444759E-03   1.57663710E-02
  0.109375000      0.109375000      -1.68591551E-02   1.26443738E-02   1.55765507E-02
  0.140625000      0.109375000      -2.69211382E-02   1.79496165E-02   1.53423380E-02
  0.171875000      0.109375000      -3.87520529E-02   2.27511674E-02   1.50511358E-02
  0.203125000      0.109375000      -5.19792438E-02   2.69465204E-02   1.46924481E-02
  0.234375000      0.109375000      -6.61709383E-02   3.04156579E-02   1.42628737E-02
  0.265625000      0.109375000      -8.08530301E-02   3.30089107E-02   1.37693640E-02
  0.296875000      0.109375000      -9.55342799E-02   3.45714986E-02   1.32308807E-02
  0.328125000      0.109375000     -0.109728456       3.49686258E-02   1.26787005E-02
  0.359375000      0.109375000     -0.122970864       3.41007225E-02   1.21552777E-02
  0.390625000      0.109375000     -0.134830743       3.19100283E-02   1.17116626E-02
  0.421875000      0.109375000     -0.144920200       2.83820406E-02   1.14034424E-02
  0.453125000      0.109375000     -0.152900547       2.35439911E-02   1.12855043E-02
  0.484375000      0.109375000     -0.158485740       1.74614210E-02   1.14059709E-02
  0.515625000      0.109375000     -0.161443546       1.02334497E-02   1.17998384E-02
  0.546875000      0.109375000     -0.161593556       1.98649056E-03   1.24828694E-02
  0.578125000      0.109375000     -0.158801019      -7.13490276E-03   1.34089263E-02
  0.609375000      0.109375000     -0.153036326      -1.68636143E-02   1.45450328E-02
  0.640625000      0.109375000     -0.144351333      -2.67172568E-02   1.58034582E-02
  0.671875000      0.109375000     -0.132830143      -3.61366719E-02   1.70658305E-02
  0.703125000      0.109375000     -0.118643805      -4.44232300E-02   1.81967411E-02
  0.734375000      0.109375000     -0.102089435      -5.07096574E-02   1.90636702E-02
  0.765625000      0.109375000      -8.36421549E-02  -5.39500304E-02   1.95652843E-02
  0.796875000      0.109375000      -6.40202463E-02  -5.29645383E-02   1.96645502E-02
  0.828125000      0.109375000      -4.42644656E-02  -4.66223061E-02   1.94154587E-02
  0.859375000      0.109375000      -2.58370508E-02  -3.43438685E-02   1.89627334E-02
  0.890625000      0.109375000      -1.07399328E-02  -1.72704645E-02   1.84913855E-02
  0.921875000      0.109375000      -1.25448639E-03   4.40704171E-05   1.81389526E-02
  0.953125000      0.109375000       1.72965217E-03   9.89979506E-03   1.79363154E-02
  0.984375000      0.109375000       8.28211370E-04   8.34344979E-03   1.78950354E-02
   1.56250000E-02  0.140625000      -1.54595601E-03   8.33158439E-04   1.63043328E-02
   4.68750000E-02  0.140625000      -6.73811324E-03   7.55161606E-03   1.61257405E-02
   7.81250000E-02  0.140625000      -1.53931137E-02   1.54650621E-02   1.59352832E-02
  0.109375000      0.140625000      -2.63880957E-02   2.31704079E-02   1.57066807E-02
  0.140625000      0.140625000      -3.91177535E-02   3.02029923E-02   1.54185519E-02
  0.171875000      0.140625000      -5.31692505E-02   3.63686681E-02   1.50518715E-02
  0.203125000      0.140625000      -6.81400448E-02   4.15163189E-02   1.45929931E-02
  0.234375000      0.140625000      -8.35948884E-02   4.54827547E-02   1.40380040E-02
  0.265625000      0.140625000      -9.90801007E-02   4.81006503E-02   1.33958813E-02
  0.296875000      0.140625000     -0.114147648       4.92214039E-02   1.26899378E-02
  0.328125000      0.140625000     -0.128374219       4.87336367E-02   1.19575504E-02
  0.359375000      0.140625000     -0.141373530       4.65729125E-02   1.12482300E-02
  0.390625000      0.140625000     -0.152803630       4.27244492E-02   1.06201833E-02
  0.421875000      0.140625000     -0.162370294       3.72213572E-02   1.01354811E-02
  0.453125000      0.140625000     -0.169827372       3.01404595E-02   9.85420123E-03
  0.484375000      0.140625000     -0.174974963       2.15965435E-02   9.82791092E-03
  0.515625000      0.140625000     -0.177656025       1.17360093E-02   1.00928908E-02
  0.546875000      0.140625000     -0.177753180       7.29640480E-04   1.06633417E-02
  0.578125000      0.140625000     -0.175189942      -1.12359263E-02   1.15125785E-02
  0.609375000      0.140625000     -0.169919044      -2.38011815E-02   1.26192132E-02
  0.640625000      0.140625000     -0.161907807      -3.64800692E-02   1.39006283E-02
  0.671875000      0.140625000     -0.151150525      -4.86578047E-02   1.52451769E-02
  0.703125000      0.140625000     -0.137695074      -5.95506877E-02   1.65211372E-02
  0.734375000      0.140625000     -0.121675327      -6.81643263E-02   1.75929125E-02
  0.765625000      0.140625000     -0.103359014      -7.32679367E-02   1.83451064E-02
  0.796875000      0.140625000      -8.32171440E-02  -7.34200478E-02   1.87120289E-02
  0.828125000      0.140625000      -6.20254502E-02  -6.71241805E-02   1.87049117E-02
  0.859375000      0.140625000      -4.10179421E-02  -5.32868244E-02   1.84216611E-02
  0.890625000      0.140625000      -2.21093409E-02  -3.23429257E-02   1.80205069E-02
  0.921875000      0.140625000      -7.98366684E-03  -8.50403216E-03   1.76490434E-02
  0.953125000      0.140625000      -9.56133939E-04   8.42697546E-03   1.73897836E-02
  0.984375000      0.140625000       2.92663113E-04   9.46112070E-03   1.72860213E-02
   1.56250000E-02  0.171875000      -2.43593589E-03   4.80936421E-03   1.65241621E-02
   4.68750000E-02  0.171875000      -9.85357817E-03   1.61725357E-02   1.62874553E-02
   7.81250000E-02  0.171875000      -2.10998692E-02   2.67317221E-02   1.60478074E-02
  0.109375000      0.171875000      -3.43866721E-02   3.61724272E-02   1.57521218E-02
  0.140625000      0.171875000      -4.89432253E-02   4.44748364E-02   1.53693091E-02
  0.171875000      0.171875000      -6.43374771E-02   5.15311584E-02   1.48779266E-02
  0.203125000      0.171875000      -8.01930130E-02   5.71698509E-02   1.42652476E-02
  0.234375000      0.171875000      -9.61237624E-02   6.12058491E-02   1.35304574E-02
  0.265625000      0.171875000     -0.111741461       6.34729639E-02   1.26874791E-02
  0.296875000      0.171875000     -0.126675010       6.38442561E-02   1.17659988E-02
  0.328125000      0.171875000     -0.140585184       6.22431785E-02   1.08105531E-02
  0.359375000      0.171875000     -0.153172493       5.86471558E-02   9.87784006E-03
  0.390625000      0.171875000     -0.164179564       5.30859120E-02   9.03256610E-03
  0.421875000      0.171875000     -0.173389673       4.56363186E-02   8.34211707E-03
  0.453125000      0.171875000     -0.180622473       3.64158973E-02   7.87040312E-03
  0.484375000      0.171875000     -0.185728729       2.55759843E-02   7.67130870E-03
  0.515625000      0.171875000     -0.188585728       1.32957520E-02   7.78191723E-03
  0.546875000      0.171875000     -0.189095408      -2.22349656E-04   8.21592379E-03
  0.578125000      0.171875000     -0.187187076      -1.47551754E-02   8.97395425E-03
  0.609375000      0.171875000     -0.182789117      -2.99513191E-02   1.00433398E-02
  0.640625000      0.171875000     -0.175815791      -4.53161895E-02   1.13520119E-02
  0.671875000      0.171875000     -0.166187644      -6.02101237E-02   1.27982851E-02
  0.703125000      0.171875000     -0.153842449      -7.38034546E-02   1.42569561E-02
  0.734375000      0.171875000     -0.138759404      -8.50201249E-02   1.55910403E-02
  0.765625000      0.171875000     -0.121004432      -9.24904197E-02   1.66703407E-02
  0.796875000      0.171875000     -0.100805424      -9.45464075E-02   1.73961036E-02
  0.828125000      0.171875000      -7.86734223E-02  -8.93301219E-02   1.77276488E-02
  0.859375000      0.171875000      -5.55987246E-02  -7.51720369E-02   1.77015159E-02
  0.890625000      0.171875000      -3.33636217E-02  -5.16104177E-02   1.74296796E-02
  0.921875000      0.171875000      -1.49071813E-02  -2.18275543E-02   1.70622300E-02
  0.953125000      0.171875000      -3.72804934E-03   3.53510166E-03   1.67238303E-02
  0.984375000      0.171875000      -1.90977109E-04   9.55981202E-03   1.65327750E-02
   1.56250000E-02  0.203125000      -3.14331194E-03   1.03827156E-02   1.66048780E-02
   4.68750000E-02  0.203125000      -1.22446660E-02   2.71051005E-02   1.63170584E-02
   7.81250000E-02  0.203125000      -2.53248252E-02   4.01115604E-02   1.60178244E-02
  0.109375000      0.203125000      -4.01182249E-02   5.08595183E-02   1.56312324E-02
  0.140625000      0.203125000      -5.57563230E-02   5.99701330E-02   1.51207279E-02
  0.171875000      0.203125000      -7.18161017E-02   6.74788803E-02   1.44662615E-02
  0.203125000      0.203125000      -8.79678130E-02   7.32198134E-02   1.36593767E-02
  0.234375000      0.203125000     -0.103891581       7.70025104E-02   1.27050821E-02
  0.265625000      0.203125000     -0.119276047       7.86723644E-02   1.16241109E-02
  0.296875000      0.203125000     -0.133831322       7.81294405E-02   1.04534170E-02
  0.328125000      0.203125000     -0.147298425       7.53328875E-02   9.24468040E-03
  0.359375000      0.203125000     -0.159452900       7.02985227E-02   8.06111656E-03
  0.390625000      0.203125000     -0.170103163       6.30926937E-02   6.97288290E-03
  0.421875000      0.203125000     -0.179086074       5.38246259E-02   6.05167123E-03
  0.453125000      0.203125000     -0.186261311       4.26386297E-02   5.36456611E-03
  0.484375000      0.203125000     -0.191506490       2.97082439E-02   4.96776123E-03
  0.515625000      0.203125000     -0.194714963       1.52326711E-02   4.90006572E-03
  0.546875000      0.203125000     -0.195797503      -5.63517213E-04   5.17671276E-03
  0.578125000      0.203125000     -0.194688439      -1.74283832E-02   5.82280662E-03
  0.609375000      0.203125000     -0.191313773      -3.50485817E-02   6.84048887E-03
  0.640625000      0.203125000     -0.185564697      -5.29403239E-02   8.16990994E-03
  0.671875000      0.203125000     -0.177305728      -7.04734772E-02   9.72191058E-03
  0.703125000      0.203125000     -0.166376501      -8.68163556E-02   1.13809342E-02
  0.734375000      0.203125000     -0.152609766     -0.100860305       1.30117154E-02
  0.765625000      0.203125000     -0.135874704     -0.111145020       1.44713428E-02
  0.796875000      0.203125000     -0.116157524     -0.115814015       1.56277940E-02
  0.828125000      0.203125000      -9.36981961E-02 -0.112660855       1.63841695E-02
  0.859375000      0.203125000      -6.92174807E-02  -9.94044468E-02   1.67051144E-02
  0.890625000      0.203125000      -4.42929268E-02  -7.45457858E-02   1.66383442E-02
  0.921875000      0.203125000      -2.19186246E-02  -3.97311561E-02   1.63167436E-02
  0.953125000      0.203125000      -6.55948604E-03  -5.10768453E-03   1.59152932E-02
  0.984375000      0.203125000      -6.33403659E-04   8.73266440E-03   1.56144109E-02
   1.56250000E-02  0.234375000      -3.58014996E-03   1.71002038E-02   1.64576713E-02
   4.68750000E-02  0.234375000      -1.36966063E-02   3.95921990E-02   1.61293894E-02
   7.81250000E-02  0.234375000      -2.78314222E-02   5.48253357E-02   1.57650374E-02
  0.109375000      0.234375000      -4.34144661E-02   6.65090531E-02   1.52727496E-02
  0.140625000      0.234375000      -5.95114455E-02   7.60438293E-02   1.46145225E-02
  0.171875000      0.234375000      -7.57128298E-02   8.36560726E-02   1.37742776E-02
  0.203125000      0.234375000      -9.17359889E-02   8.92090350E-02   1.27498098E-02
  0.234375000      0.234375000     -0.107324913       9.25195366E-02   1.15534030E-02
  0.265625000      0.234375000     -0.122238882       9.34494361E-02   1.02133751E-02
  0.296875000      0.234375000     -0.136258513       9.19250697E-02   8.77402630E-03
  0.328125000      0.234375000     -0.149190351       8.79360586E-02   7.29373377E-03
  0.359375000      0.234375000     -0.160866827       8.15280154E-02   5.84146287E-03
  0.390625000      0.234375000     -0.171143174       7.27931559E-02   4.49215993E-03
  0.421875000      0.234375000     -0.179892898       6.18614554E-02   3.32138757E-03
  0.453125000      0.234375000     -0.187003747       4.88935038E-02   2.39957147E-03
  0.484375000      0.234375000     -0.192375839       3.40768248E-02   1.78590557E-03
  0.515625000      0.234375000     -0.195922375       1.76254660E-02   1.52234640E-03
  0.546875000      0.234375000     -0.197573036      -2.16921559E-04   1.62763137E-03
  0.578125000      0.234375000     -0.197279796      -1.91715807E-02   2.14185612E-03
  0.609375000      0.234375000     -0.194984674      -3.89703363E-02   3.08918441E-03
  0.640625000      0.234375000     -0.190577224      -5.91714010E-02   4.42231214E-03
  0.671875000      0.234375000     -0.183882356      -7.91939199E-02   6.06648810E-03
  0.703125000      0.234375000     -0.174654901      -9.82517749E-02   7.91917555E-03
  0.734375000      0.234375000     -0.162591472     -0.115255818       9.85141844E-03
  0.765625000      0.234375000     -0.147371709     -0.128706709       1.17128063E-02
  0.796875000      0.234375000     -0.128742099     -0.136603013       1.33424783E-02
  0.828125000      0.234375000     -0.106663659     -0.136414841       1.45886522E-02
  0.859375000      0.234375000      -8.15601498E-02 -0.125240982       1.53386611E-02
  0.890625000      0.234375000      -5.47347143E-02 -0.100466266       1.55598447E-02
  0.921875000      0.234375000      -2.90584713E-02  -6.18685707E-02   1.53415687E-02
  0.953125000      0.234375000      -9.67496727E-03  -1.77202635E-02   1.48923183E-02
  0.984375000      0.234375000      -1.17935461E-03   6.91741798E-03   1.44799938E-02
   1.56250000E-02  0.265625000      -3.72474920E-03   2.43992284E-02   1.60196945E-02
   4.68750000E-02  0.265625000      -1.41859930E-02   5.28578833E-02   1.56637058E-02
   7.81250000E-02  0.265625000      -2.86591426E-02   7.01538771E-02   1.52345365E-02
  0.109375000      0.265625000      -4.44086641E-02   8.25005025E-02   1.46319652E-02
  0.140625000      0.265625000      -6.04448393E-02   9.21745151E-02   1.38195641E-02
  0.171875000      0.265625000      -7.63641596E-02   9.96369645E-02   1.27865337E-02
  0.203125000      0.265625000      -9.19219404E-02  0.104802087       1.15376031E-02
  0.234375000      0.265625000     -0.106914684      0.107503451       1.00926673E-02
  0.265625000      0.265625000     -0.121158414      0.107620910       8.48761946E-03
  0.296875000      0.265625000     -0.134488255      0.105103135       6.77379267E-03
  0.328125000      0.265625000     -0.146759212       9.99630392E-02   5.01578301E-03
  0.359375000      0.265625000     -0.157844722       9.22672749E-02   3.28789256E-03
  0.390625000      0.265625000     -0.167634040       8.21255296E-02   1.66961167E-03
  0.421875000      0.265625000     -0.176030040       6.96820766E-02   2.40534369E-04
  0.453125000      0.265625000     -0.182948530       5.51104210E-02  -9.25151515E-04
  0.484375000      0.265625000     -0.188319236       3.86114120E-02  -1.76441926E-03
  0.515625000      0.265625000     -0.192087576       2.04146300E-02  -2.23112851E-03
  0.546875000      0.265625000     -0.194216490       7.82167073E-04  -2.30169855E-03
  0.578125000      0.265625000     -0.194687039      -1.99852157E-02  -1.93345093E-03
  0.609375000      0.265625000     -0.193470299      -4.16612886E-02  -1.07596023E-03
  0.640625000      0.265625000     -0.190471858      -6.38802201E-02   2.35419575E-04
  0.671875000      0.265625000     -0.185494453      -8.61525834E-02   1.94150920E-03
  0.703125000      0.265625000     -0.178224161     -0.107787579       3.95613676E-03
  0.734375000      0.265625000     -0.168235421     -0.127770498       6.16247486E-03
  0.765625000      0.265625000     -0.155028269     -0.144618973       8.41060840E-03
  0.796875000      0.265625000     -0.138112754     -0.156237602       1.05197523E-02
  0.828125000      0.265625000     -0.117163368     -0.159811378       1.22903474E-02
  0.859375000      0.265625000      -9.22819525E-02 -0.151834056       1.35331480E-02
  0.890625000      0.265625000      -6.44422844E-02 -0.128543988       1.41236614E-02
  0.921875000      0.265625000      -3.62587683E-02  -8.76568705E-02   1.40816970E-02
  0.953125000      0.265625000      -1.31401606E-02  -3.44404653E-02   1.36270486E-02
  0.984375000      0.265625000      -1.86969945E-03   3.86620685E-03   1.31000914E-02
   1.56250000E-02  0.296875000      -3.59834777E-03   3.17167491E-02   1.52652506E-02
   4.68750000E-02  0.296875000      -1.37990136E-02   6.61899596E-02   1.48950405E-02
   7.81250000E-02  0.296875000      -2.79852897E-02   8.54683071E-02   1.44065395E-02
  0.109375000      0.296875000      -4.33696508E-02   9.83083546E-02   1.36979129E-02
  0.140625000      0.296875000      -5.89072257E-02  0.107930586       1.27363726E-02
  0.171875000      0.296875000      -7.41880685E-02  0.115073383       1.15167238E-02
  0.203125000      0.296875000      -8.89925361E-02  0.119722635       1.00504104E-02
  0.234375000      0.296875000     -0.103155628      0.121736035       8.36453587E-03
  0.265625000      0.296875000     -0.116534889      0.121011190       6.50210213E-03
  0.296875000      0.296875000     -0.129004359      0.117514566       4.52104211E-03
  0.328125000      0.296875000     -0.140453100      0.111276045       2.49183597E-03
  0.359375000      0.296875000     -0.150784045      0.102377474       4.93982807E-04
  0.390625000      0.296875000     -0.159913540       9.09425542E-02  -1.38833735E-03
  0.421875000      0.296875000     -0.167772621       7.71297961E-02  -3.07124387E-03
  0.453125000      0.296875000     -0.174309641       6.11287504E-02  -4.47644247E-03
  0.484375000      0.296875000     -0.179493263       4.31583785E-02  -5.53673087E-03
  0.515625000      0.296875000     -0.183313370       2.34671514E-02  -6.20140880E-03
  0.546875000      0.296875000     -0.185778379       2.33433954E-03  -6.44146325E-03
  0.578125000      0.296875000     -0.186908752      -1.99263133E-02  -6.22396311E-03
  0.609375000      0.296875000     -0.186715558      -4.31208685E-02  -5.47282584E-03
  0.640625000      0.296875000     -0.185136259      -6.69902265E-02  -4.21313150E-03
  0.671875000      0.296875000     -0.181971118      -9.11782756E-02  -2.48829369E-03
  0.703125000      0.296875000     -0.176857620     -0.115140259      -3.65232001E-04
  0.734375000      0.296875000     -0.169266492     -0.137993857       2.05761730E-03
  0.765625000      0.296875000     -0.158531815     -0.158335313       4.64068074E-03
  0.796875000      0.296875000     -0.143932670     -0.174035519       7.19582383E-03
  0.828125000      0.296875000     -0.124850243     -0.182046607       9.48820822E-03
  0.859375000      0.296875000     -0.101040304     -0.178293109       1.12592373E-02
  0.890625000      0.296875000      -7.30978549E-02 -0.157871246       1.22871008E-02
  0.921875000      0.296875000      -4.32772711E-02 -0.116338700       1.24973012E-02
  0.953125000      0.296875000      -1.69387460E-02  -5.52210361E-02   1.20856278E-02
  0.984375000      0.296875000      -2.78079067E-03  -7.86072924E-04   1.14575122E-02
   1.56250000E-02  0.328125000      -3.24456254E-03   3.85545567E-02   1.42071256E-02
   4.68750000E-02  0.328125000      -1.26738008E-02   7.89708197E-02   1.38357189E-02
   7.81250000E-02  0.328125000      -2.60443836E-02  0.100232638       1.32970344E-02
  0.109375000      0.328125000      -4.06157449E-02  0.113489524       1.24930572E-02
  0.140625000      0.328125000      -5.52855246E-02  0.122948483       1.13959201E-02
  0.171875000      0.328125000      -6.96234852E-02  0.129668325       1.00058019E-02
  0.203125000      0.328125000      -8.34218711E-02  0.133727178       8.34014267E-03
  0.234375000      0.328125000      -9.65411887E-02  0.135013282       6.43246435E-03
  0.265625000      0.328125000     -0.108867243      0.133441359       4.33217734E-03
  0.296875000      0.328125000     -0.120300636      0.128991961       2.10334011E-03
  0.328125000      0.328125000     -0.130754083      0.121707901      -1.77888462E-04
  0.359375000      0.328125000     -0.140152484      0.111684009      -2.42675282E-03
  0.390625000      0.328125000     -0.148435324       9.90590006E-02  -4.55424981E-03
  0.421875000      0.328125000     -0.155561537       8.40104148E-02  -6.47203904E-03
  0.453125000      0.328125000     -0.161515236       6.67513460E-02  -8.09777249E-03
  0.484375000      0.328125000     -0.166310012       4.75269705E-02  -9.36038047E-03
  0.515625000      0.328125000     -0.169988349       2.66097188E-02  -1.02051422E-02
  0.546875000      0.328125000     -0.172613680       4.29440988E-03  -1.05981408E-02
  0.578125000      0.328125000     -0.174254954      -1.91031434E-02  -1.05240503E-02
  0.609375000      0.328125000     -0.174973279      -4.34082299E-02  -9.88902990E-03
  0.640625000      0.328125000     -0.174753875      -6.84919879E-02  -8.71030893E-03
  0.671875000      0.328125000     -0.173416674      -9.41704810E-02  -7.01649766E-03
  0.703125000      0.328125000     -0.170576021     -0.120095164      -4.85350983E-03
  0.734375000      0.328125000     -0.165623575     -0.145576954      -2.29574763E-03
  0.765625000      0.328125000     -0.157746941     -0.169359535       5.37949265E-04
  0.796875000      0.328125000     -0.146003515     -0.189351544       3.46689904E-03
  0.828125000      0.328125000     -0.129476652     -0.202339351       6.23785192E-03
  0.859375000      0.328125000     -0.107553944     -0.203734159       8.53642542E-03
  0.890625000      0.328125000      -8.04061666E-02 -0.187523037       1.00450106E-02
  0.921875000      0.328125000      -4.98432517E-02 -0.147074014       1.05744088E-02
  0.953125000      0.328125000      -2.09501181E-02  -7.97214359E-02   1.02539929E-02
  0.984375000      0.328125000      -3.91447591E-03  -7.48273684E-03   9.53820068E-03
   1.56250000E-02  0.359375000      -2.71690008E-03   4.45115343E-02   1.28906053E-02
   4.68750000E-02  0.359375000      -1.09686805E-02   9.06850249E-02   1.25297699E-02
   7.81250000E-02  0.359375000      -2.30879225E-02  0.113998175       1.19522950E-02
  0.109375000      0.359375000      -3.64746749E-02  0.127673537       1.10679129E-02
  0.140625000      0.359375000      -4.99689206E-02  0.136921972       9.85448807E-03
  0.171875000      0.359375000      -6.31068498E-02  0.143166661       8.31712130E-03
  0.203125000      0.359375000      -7.56807923E-02  0.146599799       6.47831336E-03
  0.234375000      0.359375000      -8.75663012E-02  0.147146940       4.37703263E-03
  0.265625000      0.359375000      -9.86680239E-02  0.144739747       2.06832425E-03
  0.296875000      0.359375000     -0.108904853      0.139370665      -3.78153782E-04
  0.328125000      0.359375000     -0.118206590      0.131093562      -2.88075651E-03
  0.359375000      0.359375000     -0.126515374      0.120016612      -5.34947682E-03
  0.390625000      0.359375000     -0.133790687      0.106297091      -7.69039616E-03
  0.421875000      0.359375000     -0.140017137       9.01384801E-02  -9.81084257E-03
  0.453125000      0.359375000     -0.145213157       7.17869774E-02  -1.16248317E-02
  0.484375000      0.359375000     -0.149436921       5.15239649E-02  -1.30583812E-02
  0.515625000      0.359375000     -0.152785271       2.96532065E-02  -1.40541121E-02
  0.546875000      0.359375000     -0.155381173       6.48538675E-03  -1.45747215E-02
  0.578125000      0.359375000     -0.157349557      -1.76720396E-02  -1.46243861E-02
  0.609375000      0.359375000     -0.158810943      -4.26481292E-02  -1.41057801E-02
  0.640625000      0.359375000     -0.159813330      -6.84586987E-02  -1.30313411E-02
  0.671875000      0.359375000     -0.160221219      -9.51237604E-02  -1.14171421E-02
  0.703125000      0.359375000     -0.159658238     -0.122537412      -9.28820111E-03
  0.734375000      0.359375000     -0.157471150     -0.150267392      -6.69107633E-03
  0.765625000      0.359375000     -0.152728930     -0.177282542      -3.71458707E-03
  0.796875000      0.359375000     -0.144283146     -0.201613873      -5.16686123E-04
  0.828125000      0.359375000     -0.130919069     -0.219965786       2.65075220E-03
  0.859375000      0.359375000     -0.111637570     -0.227311432       5.43686468E-03
  0.890625000      0.359375000      -8.61461461E-02 -0.216586024       7.43814139E-03
  0.921875000      0.359375000      -5.57440929E-02 -0.178978205       8.33936594E-03
  0.953125000      0.359375000      -2.50895359E-02 -0.107367769       8.16495717E-03
  0.984375000      0.359375000      -5.28293103E-03  -1.66811552E-02   7.39849638E-03
   1.56250000E-02  0.390625000      -2.07278458E-03   4.92974371E-02   1.13835996E-02
   4.68750000E-02  0.390625000      -8.84767994E-03  0.100917533       1.10436408E-02
   7.81250000E-02  0.390625000      -1.93668883E-02  0.126395762       1.04401335E-02
  0.109375000      0.390625000      -3.12663913E-02  0.140555412       9.49298032E-03
  0.140625000      0.390625000      -4.33342531E-02  0.149597540       8.18626396E-03
  0.171875000      0.390625000      -5.50614223E-02  0.155354023       6.52955379E-03
  0.203125000      0.390625000      -6.62301332E-02  0.158155680       4.54951217E-03
  0.234375000      0.390625000      -7.67235458E-02  0.157973439       2.28950288E-03
  0.265625000      0.390625000      -8.64595249E-02  0.154757202      -1.90669467E-04
  0.296875000      0.390625000      -9.53711271E-02  0.148510426      -2.81634834E-03
  0.328125000      0.390625000     -0.103402339      0.139297724      -5.50075620E-03
  0.359375000      0.390625000     -0.110510200      0.127241820      -8.14877450E-03
  0.390625000      0.390625000     -0.116671227      0.112522192      -1.06616989E-02
  0.421875000      0.390625000     -0.121891245       9.53745618E-02  -1.29428003E-02
  0.453125000      0.390625000     -0.126216426       7.60870576E-02  -1.49031673E-02
  0.484375000      0.390625000     -0.129741818       5.49878590E-02  -1.64672136E-02
  0.515625000      0.390625000     -0.132611662       3.24217975E-02  -1.75768510E-02
  0.546875000      0.390625000     -0.135004848       8.71946756E-03  -1.81936789E-02
  0.578125000      0.390625000     -0.137102470      -1.58274360E-02  -1.83370989E-02
  0.609375000      0.390625000     -0.139092088      -4.10300344E-02  -1.79248266E-02
  0.640625000      0.390625000     -0.141098723      -6.70570731E-02  -1.69675108E-02
  0.671875000      0.390625000     -0.143056825      -9.41497087E-02  -1.54722240E-02
  0.703125000      0.390625000     -0.144640744     -0.122481883      -1.34456940E-02
  0.734375000      0.390625000     -0.145200074     -0.151943147      -1.09058935E-02
  0.765625000      0.390625000     -0.143726215     -0.181816503      -7.90515728E-03
  0.796875000      0.390625000     -0.138890088     -0.210356817      -4.56485804E-03
  0.828125000      0.390625000     -0.129184365     -0.234289154      -1.11472013E-03
  0.859375000      0.390625000     -0.113208562     -0.248243481       2.08192086E-03
  0.890625000      0.390625000      -9.01710987E-02 -0.244182512       4.55433968E-03
  0.921875000      0.390625000      -6.07984215E-02 -0.211157352       5.86136850E-03
  0.953125000      0.390625000      -2.91929767E-02 -0.137450293       5.89063345E-03
  0.984375000      0.390625000      -6.81753689E-03  -2.87822820E-02   5.11729764E-03
   1.56250000E-02  0.421875000      -1.37195445E-03   5.27391210E-02   9.76562034E-03
   4.68750000E-02  0.421875000      -6.47610379E-03  0.109348252       9.45585500E-03
   7.81250000E-02  0.421875000      -1.51255019E-02  0.137127101       8.84024613E-03
  0.109375000      0.421875000      -2.52963118E-02  0.151889384       7.84972496E-03
  0.140625000      0.421875000      -3.57395522E-02  0.160771772       6.47498667E-03
  0.171875000      0.421875000      -4.58908081E-02  0.166057840       4.72975615E-03
  0.203125000      0.421875000      -5.55131771E-02  0.168245316       2.64400546E-03
  0.234375000      0.421875000      -6.44923002E-02  0.167361528       2.64471048E-04
  0.265625000      0.421875000      -7.27569163E-02  0.163377643      -2.34530028E-03
  0.296875000      0.421875000      -8.02537203E-02  0.156308785      -5.10648219E-03
  0.328125000      0.421875000      -8.69413167E-02  0.146230653      -7.92774279E-03
  0.359375000      0.421875000      -9.27919000E-02  0.133281350      -1.07092550E-02
  0.390625000      0.421875000      -9.77974534E-02  0.117664278      -1.33478474E-02
  0.421875000      0.421875000     -0.101979837       9.96504053E-02  -1.57431178E-02
  0.453125000      0.421875000     -0.105402999       7.95750692E-02  -1.78039428E-02
  0.484375000      0.421875000     -0.108184472       5.78217953E-02  -1.94544308E-02
  0.515625000      0.421875000     -0.110500589       3.47881690E-02  -2.06379369E-02
  0.546875000      0.421875000     -0.112574816       1.08339479E-02  -2.13176850E-02
  0.578125000      0.421875000     -0.114629008      -1.37776248E-02  -2.15178039E-02
  0.609375000      0.421875000     -0.116915844      -3.87919098E-02  -2.11932790E-02
  0.640625000      0.421875000     -0.119647570      -6.45462945E-02  -2.03529820E-02
  0.671875000      0.421875000     -0.122849375      -9.14909616E-02  -1.89997014E-02
  0.703125000      0.421875000     -0.126298994     -0.120098360      -1.71274245E-02
  0.734375000      0.421875000     -0.129414856     -0.150643677      -1.47289066E-02
  0.765625000      0.421875000     -0.131170690     -0.182827145      -1.18178874E-02
  0.796875000      0.421875000     -0.130096167     -0.215251118      -8.46880581E-03
  0.828125000      0.421875000     -0.124404863     -0.244787470      -4.86957980E-03
  0.859375000      0.421875000     -0.112283178     -0.265839696      -1.36935851E-03
  0.890625000      0.421875000      -9.24055725E-02 -0.269499898       1.52027910E-03
  0.921875000      0.421875000      -6.48625717E-02 -0.242755443       3.24403634E-03
  0.953125000      0.421875000      -3.30795534E-02 -0.169241294       3.53053724E-03
  0.984375000      0.421875000      -8.42345785E-03  -4.40236330E-02   2.79612863E-03
   1.56250000E-02  0.453125000      -6.78341137E-04   5.47870696E-02   8.11729953E-03
   4.68750000E-02  0.453125000      -4.02194355E-03  0.115742981       7.84783158E-03
   7.81250000E-02  0.453125000      -1.05996002E-02  0.145954564       7.23536685E-03
  0.109375000      0.453125000      -1.88527275E-02  0.161482513       6.22209907E-03
  0.140625000      0.453125000      -2.75205746E-02  0.170288458       4.80590202E-03
  0.171875000      0.453125000      -3.59740332E-02  0.175147057       3.00451578E-03
  0.203125000      0.453125000      -4.39479128E-02  0.176756248       8.50483484E-04
  0.234375000      0.453125000      -5.13261855E-02  0.175214678      -1.60718872E-03
  0.265625000      0.453125000      -5.80482446E-02  0.170520484      -4.30243462E-03
  0.296875000      0.453125000      -6.40765727E-02  0.162702709      -7.15335086E-03
  0.328125000      0.453125000      -6.93877041E-02  0.151849002      -1.00649856E-02
  0.359375000      0.453125000      -7.39720836E-02  0.138112873      -1.29335262E-02
  0.390625000      0.453125000      -7.78385401E-02  0.121720478      -1.56518538E-02
  0.421875000      0.453125000      -8.10219795E-02  0.102975994      -1.81162916E-02
  0.453125000      0.453125000      -8.35938230E-02   8.22601616E-02  -2.02339180E-02
  0.484375000      0.453125000      -8.56736153E-02   6.00129813E-02  -2.19293311E-02
  0.515625000      0.453125000      -8.74398053E-02   3.66933867E-02  -2.31493451E-02
  0.546875000      0.453125000      -8.91351551E-02   1.27113145E-02  -2.38642171E-02
  0.578125000      0.453125000      -9.10609961E-02  -1.16629256E-02  -2.40759738E-02
  0.609375000      0.453125000      -9.34926271E-02  -3.61770466E-02  -2.38204487E-02
  0.640625000      0.453125000      -9.66566503E-02  -6.12552799E-02  -2.30845045E-02
  0.671875000      0.453125000     -0.100711018      -8.75165388E-02  -2.18757652E-02
  0.703125000      0.453125000     -0.105601996     -0.115723714      -2.01844368E-02
  0.734375000      0.453125000     -0.110903107     -0.146593630      -1.79859065E-02
  0.765625000      0.453125000     -0.115655705     -0.180361837      -1.52585916E-02
  0.796875000      0.453125000     -0.118309669     -0.216130972      -1.20249530E-02
  0.828125000      0.453125000     -0.116825402     -0.251078248      -8.41510948E-03
  0.859375000      0.453125000     -0.108968347     -0.279523939      -4.73726448E-03
  0.890625000      0.453125000      -9.28437263E-02 -0.291815519      -1.51222071E-03
  0.921875000      0.453125000      -6.78417534E-02 -0.272983730       6.13112352E-04
  0.953125000      0.453125000      -3.65945101E-02 -0.202043086       1.19813485E-03
  0.984375000      0.453125000      -1.00127095E-02  -6.24599084E-02   5.45841642E-04
   1.56250000E-02  0.484375000      -6.07209222E-05   5.55244163E-02   6.51032291E-03
   4.68750000E-02  0.484375000      -1.65613112E-03  0.119940959       6.29806472E-03
   7.81250000E-02  0.484375000      -6.01564907E-03  0.152690381       5.70427394E-03
  0.109375000      0.484375000      -1.22060040E-02  0.169188231       4.68921382E-03
  0.140625000      0.484375000      -1.89897958E-02  0.178034440       3.25874938E-03
  0.171875000      0.484375000      -2.56628729E-02  0.182530105       1.43413630E-03
  0.203125000      0.484375000      -3.19217294E-02  0.183611065      -7.50166015E-04
  0.234375000      0.484375000      -3.76438200E-02  0.181468040      -3.24416975E-03
  0.265625000      0.484375000      -4.27796245E-02  0.176135316      -5.98075194E-03
  0.296875000      0.484375000      -4.73108850E-02  0.167659983      -8.87639169E-03
  0.328125000      0.484375000      -5.12371063E-02  0.156143337      -1.18338177E-02
  0.359375000      0.484375000      -5.45727126E-02  0.141753972      -1.47462944E-02
  0.390625000      0.484375000      -5.73485829E-02  0.124737769      -1.75035037E-02
  0.421875000      0.484375000      -5.96163198E-02  0.105425999      -1.99988969E-02
  0.453125000      0.484375000      -6.14547059E-02   8.42360258E-02  -2.21377276E-02
  0.484375000      0.484375000      -6.29784092E-02   6.16554208E-02  -2.38447320E-02
  0.515625000      0.484375000      -6.43489212E-02   3.82013991E-02  -2.50696540E-02
  0.546875000      0.484375000      -6.57861680E-02   1.43484641E-02  -2.57888399E-02
  0.578125000      0.484375000      -6.75742850E-02  -9.57458280E-03  -2.60016639E-02
  0.609375000      0.484375000      -6.99957907E-02  -3.34016830E-02  -2.57856604E-02
  0.640625000      0.484375000      -7.33203813E-02  -5.75323999E-02  -2.51282975E-02
  0.671875000      0.484375000      -7.78140128E-02  -8.26826096E-02  -2.40454450E-02
  0.703125000      0.484375000      -8.36269110E-02 -0.109845653      -2.25326475E-02
  0.734375000      0.484375000      -9.05809999E-02 -0.140209049      -2.05591749E-02
  0.765625000      0.484375000      -9.78995413E-02 -0.174668521      -1.80769283E-02
  0.796875000      0.484375000     -0.104048252     -0.213015586      -1.50579941E-02
  0.828125000      0.484375000     -0.106783271     -0.252937734      -1.15646031E-02
  0.859375000      0.484375000     -0.103448868     -0.288851798      -7.84031209E-03
  0.890625000      0.484375000      -9.15454105E-02 -0.310512781      -4.38133068E-03
  0.921875000      0.484375000      -6.96971714E-02 -0.301134944      -1.89506612E-03
  0.953125000      0.484375000      -3.96321937E-02 -0.235203326      -9.88299144E-04
  0.984375000      0.484375000      -1.15204230E-02  -8.39929730E-02  -1.52121717E-03
   1.56250000E-02  0.515625000       4.74068744E-04   5.51098548E-02   5.01645915E-03
   4.68750000E-02  0.515625000       4.99408576E-04  0.121923015       4.85901255E-03
   7.81250000E-02  0.515625000      -1.61011610E-03  0.157175139       4.31630062E-03
  0.109375000      0.515625000      -5.61553566E-03  0.174898386       3.31917708E-03
  0.140625000      0.515625000      -1.04394527E-02  0.183933079       1.90224289E-03
  0.171875000      0.515625000      -1.52823851E-02  0.188150913       8.72851233E-05
  0.203125000      0.515625000      -1.97903328E-02  0.188763082      -2.08951766E-03
  0.234375000      0.515625000      -2.38256790E-02  0.186082035      -4.57877992E-03
  0.265625000      0.515625000      -2.73496993E-02  0.180192113      -7.31416047E-03
  0.296875000      0.515625000      -3.03668026E-02  0.171164602      -1.02122799E-02
  0.328125000      0.515625000      -3.29045132E-02  0.159117311      -1.31751355E-02
  0.359375000      0.515625000      -3.50072272E-02  0.144234061      -1.60944499E-02
  0.390625000      0.515625000      -3.67346928E-02  0.126777232      -1.88577622E-02
  0.421875000      0.515625000      -3.81622836E-02  0.107097954      -2.13561375E-02
  0.453125000      0.515625000      -3.93824317E-02   8.56380910E-02  -2.34928932E-02
  0.484375000      0.515625000      -4.05069664E-02   6.29161298E-02  -2.51920111E-02
  0.515625000      0.515625000      -4.16704044E-02   3.94880325E-02  -2.64045857E-02
  0.546875000      0.515625000      -4.30353358E-02   1.58761945E-02  -2.71111261E-02
  0.578125000      0.515625000      -4.48032990E-02  -7.53516937E-03  -2.73178890E-02
  0.609375000      0.515625000      -4.72233407E-02  -3.05895023E-02  -2.71176994E-02
  0.640625000      0.515625000      -5.05810082E-02  -5.36531582E-02  -2.65086405E-02
  0.671875000      0.515625000      -5.51980510E-02  -7.74427801E-02  -2.55176090E-02
  0.703125000      0.515625000      -6.14244938E-02 -0.103038415      -2.41547339E-02
  0.734375000      0.515625000      -6.94089904E-02 -0.132070631      -2.23961361E-02
  0.765625000      0.515625000      -7.86928758E-02 -0.166198105      -2.01805383E-02
  0.796875000      0.515625000      -8.79024565E-02 -0.206121951      -1.74386296E-02
  0.828125000      0.515625000      -9.46805626E-02 -0.250313193      -1.41624138E-02
  0.859375000      0.515625000      -9.59675238E-02 -0.293519616      -1.05129275E-02
  0.890625000      0.515625000      -8.86248499E-02 -0.325087965      -6.92926999E-03
  0.921875000      0.515625000      -7.04434514E-02 -0.326587349      -4.14264854E-03
  0.953125000      0.515625000      -4.21398804E-02 -0.268118322      -2.91004567E-03
  0.984375000      0.515625000      -1.29079213E-02 -0.108421162      -3.29383533E-03
   1.56250000E-02  0.546875000       9.62119899E-04   5.36728203E-02   3.70458467E-03
   4.68750000E-02  0.546875000       2.43723579E-03  0.121857822       3.58173344E-03
   7.81250000E-02  0.546875000       2.41888175E-03  0.159366816       3.09206382E-03
  0.109375000      0.546875000       6.25258835E-04  0.178505599       2.16319761E-03
  0.140625000      0.546875000      -2.15438614E-03  0.187931120       7.90591061E-04
  0.171875000      0.546875000      -5.13731688E-03  0.191982687      -9.82651953E-04
  0.203125000      0.546875000      -7.88144022E-03  0.192189783      -3.11453221E-03
  0.234375000      0.546875000      -1.02164587E-02  0.189034611      -5.55918412E-03
  0.265625000      0.546875000      -1.21124918E-02  0.182670847      -8.25326238E-03
  0.296875000      0.546875000      -1.35984886E-02  0.173202217      -1.11153712E-02
  0.328125000      0.546875000      -1.47333257E-02  0.160767019      -1.40485652E-02
  0.359375000      0.546875000      -1.55957714E-02  0.145565256      -1.69445574E-02
  0.390625000      0.546875000      -1.62796918E-02  0.127873570      -1.96899138E-02
  0.421875000      0.546875000      -1.68907382E-02  0.108056232      -2.21740082E-02
  0.453125000      0.546875000      -1.75430365E-02   8.65675658E-02  -2.42980905E-02
  0.484375000      0.546875000      -1.83549393E-02   6.39373809E-02  -2.59842798E-02
  0.515625000      0.546875000      -1.94427855E-02   4.07311507E-02  -2.71827001E-02
  0.546875000      0.546875000      -2.09132507E-02   1.74803250E-02  -2.78747454E-02
  0.578125000      0.546875000      -2.28669271E-02  -5.40695246E-03  -2.80712433E-02
  0.609375000      0.546875000      -2.54608206E-02  -2.76940838E-02  -2.78740060E-02
  0.640625000      0.546875000      -2.89263222E-02  -4.97165769E-02  -2.72868462E-02
  0.671875000      0.546875000      -3.35606746E-02  -7.21198842E-02  -2.63469666E-02
  0.703125000      0.546875000      -3.98477018E-02  -9.58404541E-02  -2.50886381E-02
  0.734375000      0.546875000      -4.82772179E-02 -0.122847877      -2.35058349E-02
  0.765625000      0.546875000      -5.88295907E-02 -0.155578554      -2.15387549E-02
  0.796875000      0.546875000      -7.04907775E-02 -0.195865333      -1.90932751E-02
  0.828125000      0.546875000      -8.09499845E-02 -0.243327796      -1.60973910E-02
  0.859375000      0.546875000      -8.67977589E-02 -0.293366373      -1.26197301E-02
  0.890625000      0.546875000      -8.42302516E-02 -0.335148335      -9.01420601E-03
  0.921875000      0.546875000      -7.01349378E-02 -0.348801583      -5.99721493E-03
  0.953125000      0.546875000      -4.41081710E-02 -0.300233245      -4.44955006E-03
  0.984375000      0.546875000      -1.41584491E-02 -0.135487363      -4.66141384E-03
   1.56250000E-02  0.578125000       1.36395381E-03   5.13461083E-02   2.60149944E-03
   4.68750000E-02  0.578125000       4.10085358E-03  0.119971193       2.52141454E-03
   7.81250000E-02  0.578125000       5.99182490E-03  0.159379870       2.08524195E-03
  0.109375000      0.578125000       6.29892107E-03  0.179979250       1.22533762E-03
  0.140625000      0.578125000       5.54677192E-03  0.189991146      -6.04298148E-05
  0.171875000      0.578125000       4.45520878E-03  0.194001168      -1.74314727E-03
  0.203125000      0.578125000       3.49823781E-03  0.193878800      -3.78885516E-03
  0.234375000      0.578125000       2.87493505E-03  0.190312743      -6.14995928E-03
  0.265625000      0.578125000       2.62130704E-03  0.183553487      -8.76530819E-03
  0.296875000      0.578125000       2.68908311E-03  0.173750877      -1.15569513E-02
  0.328125000      0.578125000       2.98699085E-03  0.161069885      -1.44306626E-02
  0.359375000      0.578125000       3.39910109E-03  0.145728290      -1.72796696E-02
  0.390625000      0.578125000       3.79410083E-03  0.128015369      -1.99907850E-02
  0.421875000      0.578125000       4.03213641E-03  0.108303189      -2.24523712E-02
  0.453125000      0.578125000       3.97211034E-03   8.70480537E-02  -2.45635137E-02
  0.484375000      0.578125000       3.48071754E-03   6.47743046E-02  -2.62432583E-02
  0.515625000      0.578125000       2.44324398E-03   4.20324653E-02  -2.74381638E-02
  0.546875000      0.578125000       7.74836575E-04   1.93295646E-02  -2.81260498E-02
  0.578125000      0.578125000      -1.55607681E-03  -2.96109007E-03  -2.83176936E-02
  0.609375000      0.578125000      -4.55874810E-03  -2.45338716E-02  -2.81213578E-02
  0.640625000      0.578125000      -8.33937712E-03  -4.56219912E-02  -2.75394097E-02
  0.671875000      0.578125000      -1.31180845E-02  -6.67935014E-02  -2.66094543E-02
  0.703125000      0.578125000      -1.93924084E-02  -8.85983258E-02  -2.54073329E-02
  0.734375000      0.578125000      -2.78747864E-02 -0.113171697      -2.39457265E-02
  0.765625000      0.578125000      -3.90227661E-02 -0.143548727      -2.21757591E-02
  0.796875000      0.578125000      -5.24091646E-02 -0.182842642      -2.00044066E-02
  0.828125000      0.578125000      -6.60171881E-02 -0.232279032      -1.73091460E-02
  0.859375000      0.578125000      -7.62107447E-02 -0.288370281      -1.40649285E-02
  0.890625000      0.578125000      -7.85154477E-02 -0.340404510      -1.05193052E-02
  0.921875000      0.578125000      -6.88427538E-02 -0.367311597      -7.33713666E-03
  0.953125000      0.578125000      -4.55532707E-02 -0.331038475      -5.49073983E-03
  0.984375000      0.578125000      -1.52695021E-02 -0.164915204      -5.51188784E-03
   1.56250000E-02  0.609375000       1.66305969E-03   4.83185202E-02   1.71619828E-03
   4.68750000E-02  0.609375000       5.43521345E-03  0.116488524       1.68109220E-03
   7.81250000E-02  0.609375000       9.01055429E-03  0.157395333       1.31188030E-03
  0.109375000      0.609375000       1.12594403E-02  0.179407924       5.42742433E-04
  0.140625000      0.609375000       1.24601945E-02  0.190115571      -6.33629970E-04
  0.171875000      0.609375000       1.32413385E-02  0.194190919      -2.19746493E-03
  0.203125000      0.609375000       1.40778348E-02  0.193815559      -4.12034523E-03
  0.234375000      0.609375000       1.51867531E-02  0.189898759      -6.36249129E-03
  0.265625000      0.609375000       1.66023672E-02  0.182816118      -8.86852108E-03
  0.296875000      0.609375000       1.82538293E-02  0.172781616      -1.15644718E-02
  0.328125000      0.609375000       2.00150684E-02  0.159994170      -1.43583417E-02
  0.359375000      0.609375000       2.17309482E-02  0.144691184      -1.71439499E-02
  0.390625000      0.609375000       2.32316367E-02  0.127172410      -1.98073220E-02
  0.421875000      0.609375000       2.43432019E-02  0.107812069      -2.22350508E-02
  0.453125000      0.609375000       2.48985291E-02   8.70588124E-02  -2.43238136E-02
  0.484375000      0.609375000       2.47503035E-02   6.54171705E-02  -2.59899013E-02
  0.515625000      0.609375000       2.37863716E-02   4.34038639E-02  -2.71770731E-02
  0.546875000      0.609375000       2.19470374E-02   2.14775465E-02  -2.78610010E-02
  0.578125000      0.609375000       1.92323923E-02  -5.30371908E-05  -2.80494988E-02
  0.609375000      0.609375000       1.57515202E-02  -2.09489167E-02  -2.78478526E-02
  0.640625000      0.609375000       1.15517685E-02  -4.12179679E-02  -2.72681713E-02
  0.671875000      0.609375000       6.38309494E-03  -6.12423383E-02  -2.63772160E-02
  0.703125000      0.609375000      -1.39648095E-04  -8.13454166E-02  -2.51980126E-02
  0.734375000      0.609375000      -8.57971236E-03 -0.103496000      -2.38055941E-02
  0.765625000      0.609375000      -1.98105685E-02 -0.130840287      -2.21552793E-02
  0.796875000      0.609375000      -3.41787823E-02 -0.167792022      -2.02026349E-02
  0.828125000      0.609375000      -5.02644517E-02 -0.217632353      -1.77870411E-02
  0.859375000      0.609375000      -6.44405782E-02 -0.278644443      -1.47963893E-02
  0.890625000      0.609375000      -7.16055334E-02 -0.340658635      -1.13583971E-02
  0.921875000      0.609375000      -6.66246861E-02 -0.381709725      -8.05497915E-03
  0.953125000      0.609375000      -4.64942977E-02 -0.360059619      -5.91785461E-03
  0.984375000      0.609375000      -1.62436422E-02 -0.196428433      -5.72781079E-03
   1.56250000E-02  0.640625000       1.84937858E-03   4.48054448E-02   1.04355300E-03
   4.68750000E-02  0.640625000       6.39302749E-03  0.111684412       1.05248380E-03
   7.81250000E-02  0.640625000       1.13737173E-02  0.153642207       7.62756856E-04
  0.109375000      0.640625000       1.53567642E-02  0.176928818       1.09077650E-04
  0.140625000      0.640625000       1.83966644E-02  0.188355207      -9.26996348E-04
  0.171875000      0.640625000       2.10090391E-02  0.192560852      -2.33872328E-03
  0.203125000      0.640625000       2.36373786E-02  0.191986084      -4.10787994E-03
  0.234375000      0.640625000       2.64957026E-02  0.187768593      -6.20332779E-03
  0.265625000      0.640625000       2.96063181E-02  0.180429876      -8.57621804E-03
  0.296875000      0.640625000       3.28713842E-02  0.170263141      -1.11569501E-02
  0.328125000      0.640625000       3.61282639E-02  0.157507941      -1.38557963E-02
  0.359375000      0.640625000       3.91827449E-02  0.142421588      -1.65670402E-02
  0.390625000      0.640625000       4.18286473E-02  0.125310540      -1.91758480E-02
  0.421875000      0.640625000       4.38621677E-02  0.106544003      -2.15670038E-02
  0.453125000      0.640625000       4.50956337E-02   8.65527540E-02  -2.36347634E-02
  0.484375000      0.640625000       4.53720167E-02   6.58088923E-02  -2.52924114E-02
  0.515625000      0.640625000       4.45784144E-02   4.47824374E-02  -2.64799856E-02
  0.546875000      0.640625000       4.26544696E-02   2.38738842E-02  -2.71682739E-02
  0.578125000      0.640625000       3.96005698E-02   3.32969357E-03  -2.73578167E-02
  0.609375000      0.640625000       3.55509669E-02  -1.67916827E-02  -2.71563511E-02
  0.640625000      0.640625000       3.06247026E-02  -3.62406075E-02  -2.65627354E-02
  0.671875000      0.640625000       2.47741304E-02  -5.51927388E-02  -2.56408341E-02
  0.703125000      0.640625000       1.79099999E-02  -7.40013421E-02  -2.44551040E-02
  0.734375000      0.640625000       9.58492141E-03  -9.40690786E-02  -2.30906270E-02
  0.765625000      0.640625000      -1.45415543E-03 -0.117992431      -2.15574503E-02
  0.796875000      0.640625000      -1.61994379E-02 -0.151522577      -1.97536629E-02
  0.828125000      0.640625000      -3.40006649E-02 -0.200012058      -1.75628234E-02
  0.859375000      0.640625000      -5.16507216E-02 -0.264436573      -1.48041295E-02
  0.890625000      0.640625000      -6.35582879E-02 -0.335792840      -1.14776818E-02
  0.921875000      0.640625000      -6.34885654E-02 -0.391625732      -8.05795938E-03
  0.953125000      0.640625000      -4.69262339E-02 -0.386836678      -5.61131071E-03
  0.984375000      0.640625000      -1.70782674E-02 -0.229750723      -5.17865643E-03
   1.56250000E-02  0.671875000       1.91408722E-03   4.10411656E-02   5.66858624E-04
   4.68750000E-02  0.671875000       6.92518707E-03  0.105892129       6.16258360E-04
   7.81250000E-02  0.671875000       1.29682738E-02  0.148408949       4.17896721E-04
  0.109375000      0.671875000       1.84203312E-02  0.172725976      -9.22008767E-05
  0.140625000      0.671875000       2.31464729E-02  0.184792310      -9.50417714E-04
  0.171875000      0.671875000       2.75322311E-02  0.189127684      -2.17110151E-03
  0.203125000      0.671875000       3.19528319E-02  0.188374460      -3.75217851E-03
  0.234375000      0.671875000       3.65884826E-02  0.183892637      -5.67353982E-03
  0.265625000      0.671875000       4.14323509E-02  0.176359996      -7.89329503E-03
  0.296875000      0.671875000       4.63522226E-02  0.166158766      -1.03456080E-02
  0.328125000      0.671875000       5.11473045E-02  0.153572738      -1.29420785E-02
  0.359375000      0.671875000       5.55861965E-02  0.138877064      -1.55765321E-02
  0.390625000      0.671875000       5.94307631E-02  0.122378960      -1.81324650E-02
  0.421875000      0.671875000       6.24534450E-02  0.104433954      -2.04922650E-02
  0.453125000      0.671875000       6.44525141E-02   8.54445770E-02  -2.25472301E-02
  0.484375000      0.671875000       6.52660355E-02   6.58407807E-02  -2.42070854E-02
  0.515625000      0.671875000       6.47813305E-02   4.60415184E-02  -2.54073925E-02
  0.546875000      0.671875000       6.29330724E-02   2.63986215E-02  -2.61131916E-02
  0.578125000      0.671875000       5.96938096E-02   7.10865576E-03  -2.63165720E-02
  0.609375000      0.671875000       5.51977009E-02  -1.20154265E-02  -2.61131339E-02
  0.640625000      0.671875000       4.95797992E-02  -3.04641314E-02  -2.55106799E-02
  0.671875000      0.671875000       4.28602770E-02  -4.83915173E-02  -2.45640669E-02
  0.703125000      0.671875000       3.50734144E-02  -6.61449954E-02  -2.33433116E-02
  0.734375000      0.671875000       2.61013843E-02  -8.46228525E-02  -2.19249148E-02
  0.765625000      0.671875000       1.54526271E-02 -0.105746552      -2.03684047E-02
  0.796875000      0.671875000       1.26698543E-03 -0.134834468      -1.87220313E-02
  0.828125000      0.671875000      -1.74400732E-02 -0.180189997      -1.66985691E-02
  0.859375000      0.671875000      -3.79052348E-02 -0.246142611      -1.41134337E-02
  0.890625000      0.671875000      -5.43210506E-02 -0.325763524      -1.08526396E-02
  0.921875000      0.671875000      -5.93470186E-02 -0.396699697      -7.26313004E-03
  0.953125000      0.671875000      -4.67866361E-02 -0.410887033      -4.43671271E-03
  0.984375000      0.671875000      -1.77534707E-02 -0.264583260      -3.70485964E-03
   1.56250000E-02  0.703125000       1.84422731E-03   3.72817665E-02   2.60006229E-04
   4.68750000E-02  0.703125000       6.96638972E-03   9.95158106E-02   3.43747670E-04
   7.81250000E-02  0.703125000       1.36523126E-02  0.142053694       2.49264587E-04
  0.109375000      0.703125000       2.02469453E-02  0.167032570      -8.42934678E-05
  0.140625000      0.703125000       2.64733303E-02  0.179532319      -7.20301818E-04
  0.171875000      0.703125000       3.25693488E-02  0.183906615      -1.70555455E-03
  0.203125000      0.703125000       3.87976244E-02  0.182949334      -3.06202658E-03
  0.234375000      0.703125000       4.52628881E-02  0.178221732      -4.78376169E-03
  0.265625000      0.703125000       5.19032106E-02  0.170553833      -6.83561200E-03
  0.296875000      0.703125000       5.85403964E-02  0.160417110      -9.15381871E-03
  0.328125000      0.703125000       6.49331808E-02  0.148137599      -1.16492053E-02
  0.359375000      0.703125000       7.08160251E-02  0.134002984      -1.42132193E-02
  0.390625000      0.703125000       7.59247392E-02  0.118313208      -1.67261921E-02
  0.421875000      0.703125000       8.00147951E-02  0.101400800      -1.90669950E-02
  0.453125000      0.703125000       8.28764364E-02   8.36307853E-02  -2.11231206E-02
  0.484375000      0.703125000       8.43473375E-02   6.53834343E-02  -2.28000320E-02
  0.515625000      0.703125000       8.43209699E-02   4.70224172E-02  -2.40284819E-02
  0.546875000      0.703125000       8.27485770E-02   2.88498756E-02  -2.47686747E-02
  0.578125000      0.703125000       7.96285793E-02   1.10271052E-02  -2.50109825E-02
  0.609375000      0.703125000       7.48922005E-02  -6.69193920E-03  -2.47774199E-02
  0.640625000      0.703125000       6.86151013E-02  -2.38841455E-02  -2.41844580E-02
  0.671875000      0.703125000       6.10134900E-02  -4.06429991E-02  -2.32196618E-02
  0.703125000      0.703125000       5.21858037E-02  -5.72727546E-02  -2.19561812E-02
  0.734375000      0.703125000       4.21512276E-02  -7.44835436E-02  -2.04702616E-02
  0.765625000      0.703125000       3.07553839E-02  -9.38377082E-02  -1.88322216E-02
  0.796875000      0.703125000       1.72681063E-02 -0.119068295      -1.70933530E-02
  0.828125000      0.703125000      -8.01636837E-04 -0.159178704      -1.52542209E-02
  0.859375000      0.703125000      -2.31458247E-02 -0.224345192      -1.27717638E-02
  0.890625000      0.703125000      -4.36797366E-02 -0.310612977      -9.47870873E-03
  0.921875000      0.703125000      -5.39565682E-02 -0.396550059      -5.58447745E-03
  0.953125000      0.703125000      -4.59106602E-02 -0.431646228      -2.22199457E-03
  0.984375000      0.703125000      -1.82164665E-02 -0.300554574      -1.08668511E-03
   1.56250000E-02  0.734375000       1.60893006E-03   3.38271782E-02   8.90144729E-05
   4.68750000E-02  0.734375000       6.40200078E-03   9.30518880E-02   1.99038244E-04
   7.81250000E-02  0.734375000       1.32199917E-02  0.135010108       2.24817748E-04
  0.109375000      0.734375000       2.05770154E-02  0.160121322       1.08538901E-04
  0.140625000      0.734375000       2.81046052E-02  0.172687307      -2.53466307E-04
  0.171875000      0.734375000       3.58640850E-02  0.176895231      -9.54789226E-04
  0.203125000      0.734375000       4.39485833E-02  0.175648838      -2.05048197E-03
  0.234375000      0.734375000       5.23342602E-02  0.170674264      -3.55153857E-03
  0.265625000      0.734375000       6.08697310E-02  0.162930742      -5.42824902E-03
  0.296875000      0.734375000       6.93150610E-02  0.152965128      -7.61577766E-03
  0.328125000      0.734375000       7.73857087E-02  0.141135573      -1.00208269E-02
  0.359375000      0.734375000       8.47861916E-02  0.127732724      -1.25296656E-02
  0.390625000      0.734375000       9.12333578E-02  0.113039821      -1.50173968E-02
  0.421875000      0.734375000       9.64729264E-02   9.73574370E-02  -1.73579529E-02
  0.453125000      0.734375000      0.100292459       8.10059831E-02  -1.94340497E-02
  0.484375000      0.734375000      0.102530763       6.43117651E-02  -2.11461596E-02
  0.515625000      0.734375000      0.103082016       4.75813076E-02  -2.24193539E-02
  0.546875000      0.734375000      0.101890534       3.10660973E-02  -2.32070573E-02
  0.578125000      0.734375000       9.89239216E-02   1.49077410E-02  -2.34910138E-02
  0.609375000      0.734375000       9.40845907E-02  -9.87645355E-04  -2.32761130E-02
  0.640625000      0.734375000       8.74518678E-02  -1.66704487E-02  -2.26835944E-02
  0.671875000      0.734375000       7.92336836E-02  -3.20299268E-02  -2.17013918E-02
  0.703125000      0.734375000       6.95296526E-02  -4.73484620E-02  -2.03904919E-02
  0.734375000      0.734375000       5.84299862E-02  -6.32694066E-02  -1.88216027E-02
  0.765625000      0.734375000       4.59544659E-02  -8.11779052E-02  -1.70639474E-02
  0.796875000      0.734375000       3.18623409E-02 -0.104147822      -1.51701681E-02
  0.828125000      0.734375000       1.49497464E-02 -0.139117718      -1.31446347E-02
  0.859375000      0.734375000      -7.19956635E-03 -0.199915171      -1.08466418E-02
  0.890625000      0.734375000      -3.11934445E-02 -0.290518969      -7.35380501E-03
  0.921875000      0.734375000      -4.68275659E-02 -0.390737832      -2.90574715E-03
  0.953125000      0.734375000      -4.39636782E-02 -0.448373675       1.28683494E-03
  0.984375000      0.734375000      -1.83584057E-02 -0.337131619       3.01409140E-03
   1.56250000E-02  0.765625000       1.12269202E-03   3.10937203E-02   1.11305135E-05
   4.68750000E-02  0.765625000       4.99178469E-03   8.71189684E-02   1.42017467E-04
   7.81250000E-02  0.765625000       1.13369152E-02  0.127775162       3.15074518E-04
  0.109375000      0.765625000       1.90605000E-02  0.152271137       4.68796527E-04
  0.140625000      0.765625000       2.77237594E-02  0.164342746       4.39527677E-04
  0.171875000      0.765625000       3.71538326E-02  0.168047443       7.14008056E-05
  0.203125000      0.765625000       4.72016074E-02  0.166363150      -7.32151791E-04
  0.234375000      0.765625000       5.76513633E-02  0.161125332      -2.00024224E-03
  0.265625000      0.765625000       6.82228357E-02  0.153375804      -3.70527222E-03
  0.296875000      0.765625000       7.85976648E-02  0.143705279      -5.77651430E-03
  0.328125000      0.765625000       8.84464532E-02  0.132483527      -8.11210088E-03
  0.359375000      0.765625000       9.74500030E-02  0.119990095      -1.05897449E-02
  0.390625000      0.765625000      0.105314985      0.106481053      -1.30770281E-02
  0.421875000      0.765625000      0.111785769       9.22175199E-02  -1.54415537E-02
  0.453125000      0.765625000      0.116653249       7.74709582E-02  -1.75605193E-02
  0.484375000      0.765625000      0.119760409       6.25133365E-02  -1.93290170E-02
  0.515625000      0.765625000      0.121002443       4.75980118E-02  -2.06662752E-02
  0.546875000      0.765625000      0.120317891       3.29362564E-02  -2.15189066E-02
  0.578125000      0.765625000      0.117663875       1.86681077E-02  -2.18606591E-02
  0.609375000      0.765625000      0.112970352       4.79364954E-03  -2.16871165E-02
  0.640625000      0.765625000      0.106265768      -9.10678692E-03  -2.10991353E-02
  0.671875000      0.765625000       9.76920873E-02  -2.27953587E-02  -2.01094691E-02
  0.703125000      0.765625000       8.73730928E-02  -3.65551300E-02  -1.87519416E-02
  0.734375000      0.765625000       7.54244328E-02  -5.10112010E-02  -1.70876216E-02
  0.765625000      0.765625000       6.19439706E-02  -6.74787611E-02  -1.51750110E-02
  0.796875000      0.765625000       4.69442233E-02  -8.87557194E-02  -1.30558740E-02
  0.828125000      0.765625000       3.00697051E-02 -0.120725431      -1.07295513E-02
  0.859375000      0.765625000       9.19961836E-03 -0.175292745      -8.11840780E-03
  0.890625000      0.765625000      -1.60630625E-02 -0.265891075      -4.42971196E-03
  0.921875000      0.765625000      -3.70754264E-02 -0.378726572       9.72222188E-04
  0.953125000      0.765625000      -4.03312370E-02 -0.460001051       6.50407420E-03
  0.984375000      0.765625000      -1.79774407E-02 -0.373470575       9.15884972E-03
   1.56250000E-02  0.796875000       1.77993803E-04   2.97907628E-02  -3.60597296E-05
   4.68750000E-02  0.796875000       2.23247870E-03   8.24931264E-02   1.35723487E-04
   7.81250000E-02  0.796875000       7.44060986E-03  0.120841764       5.04383584E-04
  0.109375000      0.796875000       1.52268670E-02  0.143688679       9.95369162E-04
  0.140625000      0.796875000       2.49812305E-02  0.154501885       1.35982630E-03
  0.171875000      0.796875000       3.61984298E-02  0.157236129       1.36848690E-03
  0.203125000      0.796875000       4.84068841E-02  0.154914692       8.76736420E-04
  0.234375000      0.796875000       6.11296780E-02  0.149399608      -1.60564290E-04
  0.265625000      0.796875000       7.39207715E-02  0.141739562      -1.71171245E-03
  0.296875000      0.796875000       8.63724500E-02  0.132517993      -3.69365443E-03
  0.328125000      0.796875000       9.81141627E-02  0.122085631      -5.99086611E-03
  0.359375000      0.796875000      0.108813152      0.110692881      -8.46907869E-03
  0.390625000      0.796875000      0.118177444       9.85580534E-02  -1.09863942E-02
  0.421875000      0.796875000      0.125960276       8.58971477E-02  -1.34031205E-02
  0.453125000      0.796875000      0.131964117       7.29309320E-02  -1.55906249E-02
  0.484375000      0.796875000      0.136042759       5.98786362E-02  -1.74388047E-02
  0.515625000      0.796875000      0.138099954       4.69442979E-02  -1.88615695E-02
  0.546875000      0.796875000      0.138083756       3.43009457E-02  -1.97999645E-02
  0.578125000      0.796875000      0.135978013       2.20724978E-02  -2.02228986E-02
  0.609375000      0.796875000      0.131784827       1.02841761E-02  -2.01266501E-02
  0.640625000      0.796875000      0.125342101      -1.44302566E-03  -1.95345711E-02
  0.671875000      0.796875000      0.116712980      -1.32507719E-02  -1.85479000E-02
  0.703125000      0.796875000      0.106168605      -2.52324287E-02  -1.71504002E-02
  0.734375000      0.796875000       9.37985629E-02  -3.80131304E-02  -1.53840464E-02
  0.765625000      0.796875000       7.96938688E-02  -5.28917052E-02  -1.32826511E-02
  0.796875000      0.796875000       6.39327914E-02  -7.25842714E-02  -1.08530521E-02
  0.828125000      0.796875000       4.64868210E-02 -0.102581151      -8.03971663E-03
  0.859375000      0.796875000       2.68024858E-02 -0.152889758      -4.67284117E-03
  0.890625000      0.796875000       2.16892594E-03 -0.238407016      -4.46410355E-04
  0.921875000      0.796875000      -2.31880266E-02 -0.359851837       6.41664071E-03
  0.953125000      0.796875000      -3.39313149E-02 -0.464887977       1.41306054E-02
  0.984375000      0.796875000      -1.67132728E-02 -0.408165544       1.83152575E-02
   1.56250000E-02  0.828125000      -1.45968515E-03   3.10697202E-02  -1.18012809E-04
   4.68750000E-02  0.828125000      -2.67316541E-03   8.03668648E-02   9.64946012E-05
   7.81250000E-02  0.828125000       5.97252860E-04  0.114482172       8.08997371E-04
  0.109375000      0.828125000       8.49420950E-03  0.134357482       1.71086332E-03
  0.140625000      0.828125000       1.95572115E-02  0.143008053       2.51849857E-03
  0.171875000      0.828125000       3.28596607E-02  0.144203067       2.93359580E-03
  0.203125000      0.828125000       4.75546941E-02  0.141038150       2.75339908E-03
  0.234375000      0.828125000       6.28331602E-02  0.135270536       1.92412885E-03
  0.265625000      0.828125000       7.80638158E-02  0.127844810       4.91660554E-04
  0.296875000      0.828125000       9.27562267E-02  0.119269110      -1.44093903E-03
  0.328125000      0.828125000      0.106514066      0.109837919      -3.73971369E-03
  0.359375000      0.828125000      0.119007580       9.97533724E-02  -6.25587348E-03
  0.390625000      0.828125000      0.129961327       8.91867355E-02  -8.83691479E-03
  0.421875000      0.828125000      0.139150336       7.83052742E-02  -1.13356411E-02
  0.453125000      0.828125000      0.146399647       6.72792271E-02  -1.36179160E-02
  0.484375000      0.828125000      0.151583880       5.62774427E-02  -1.55690331E-02
  0.515625000      0.828125000      0.154624984       4.54570800E-02  -1.70984045E-02
  0.546875000      0.828125000      0.155487895       3.49508822E-02  -1.81420334E-02
  0.578125000      0.828125000      0.154173493       2.48513129E-02  -1.86629631E-02
  0.609375000      0.828125000      0.150701389       1.51781365E-02  -1.86495949E-02
  0.640625000      0.828125000      0.145038188       5.77511452E-03  -1.81100722E-02
  0.671875000      0.828125000      0.137069777      -3.86675843E-03  -1.71069447E-02
  0.703125000      0.828125000      0.126943216      -1.39426207E-02  -1.56827737E-02
  0.734375000      0.828125000      0.114895314      -2.48841792E-02  -1.38160102E-02
  0.765625000      0.828125000      0.100953326      -3.79754938E-02  -1.14993118E-02
  0.796875000      0.828125000       8.51455331E-02  -5.59357516E-02  -8.67219269E-03
  0.828125000      0.828125000       6.74760938E-02  -8.41212124E-02  -5.16774505E-03
  0.859375000      0.828125000       4.76739965E-02 -0.131873071      -6.21950021E-04
  0.890625000      0.828125000       2.47113593E-02 -0.211839899       5.56440325E-03
  0.921875000      0.828125000      -2.82898266E-03 -0.333535880       1.39193730E-02
  0.953125000      0.828125000      -2.28673965E-02 -0.460437417       2.53231879E-02
  0.984375000      0.828125000      -1.39152315E-02 -0.438799620       3.21769454E-02
   1.56250000E-02  0.859375000      -4.28586639E-03   3.68120447E-02  -3.12630902E-04
   4.68750000E-02  0.859375000      -1.05062798E-02   8.20509717E-02  -1.20737868E-05
   7.81250000E-02  0.859375000      -9.98762250E-03  0.109000221       1.14471745E-03
  0.109375000      0.859375000      -1.81861524E-03  0.123764113       2.61973287E-03
  0.140625000      0.859375000       1.13295857E-02  0.129380375       3.91539466E-03
  0.171875000      0.859375000       2.73705870E-02  0.128477469       4.75285761E-03
  0.203125000      0.859375000       4.50710803E-02  0.124359295       4.85720672E-03
  0.234375000      0.859375000       6.32717609E-02  0.118463032       4.18841839E-03
  0.265625000      0.859375000       8.11966807E-02  0.111491844       2.82187387E-03
  0.296875000      0.859375000       9.83158052E-02  0.103808299       8.88227485E-04
  0.328125000      0.859375000      0.114240408       9.56167877E-02  -1.45711272E-03
  0.359375000      0.859375000      0.128668651       8.70557949E-02  -4.05001268E-03
  0.390625000      0.859375000      0.141360998       7.82434791E-02  -6.72761630E-03
  0.421875000      0.859375000      0.152130246       6.92972317E-02  -9.33594257E-03
  0.453125000      0.859375000      0.160838112       6.03382215E-02  -1.17362542E-02
  0.484375000      0.859375000      0.167393535       5.14875725E-02  -1.38102826E-02
  0.515625000      0.859375000      0.171750277       4.28579822E-02  -1.54639184E-02
  0.546875000      0.859375000      0.173902929       3.45429406E-02  -1.66289844E-02
  0.578125000      0.859375000      0.173881084       2.66033150E-02  -1.72630865E-02
  0.609375000      0.859375000      0.171739370       1.90466568E-02  -1.73474941E-02
  0.640625000      0.859375000      0.167532548       1.17819402E-02  -1.68830287E-02
  0.671875000      0.859375000      0.161186367       4.44469228E-03  -1.58840772E-02
  0.703125000      0.859375000      0.152578861      -3.51816765E-03  -1.43978531E-02
  0.734375000      0.859375000      0.141926497      -1.26087656E-02  -1.24389604E-02
  0.765625000      0.859375000      0.129384667      -2.37700641E-02  -9.88971721E-03
  0.796875000      0.859375000      0.114826918      -3.97815853E-02  -6.57147262E-03
  0.828125000      0.859375000       9.81145129E-02  -6.59027100E-02  -2.12798337E-03
  0.859375000      0.859375000       7.87336007E-02 -0.110921085       4.12305072E-03
  0.890625000      0.859375000       5.53268045E-02 -0.186438113       1.32203465E-02
  0.921875000      0.859375000       2.59792581E-02 -0.302067876       2.60197148E-02
  0.953125000      0.859375000      -3.53324693E-03 -0.442373753       4.19743024E-02
  0.984375000      0.859375000      -8.32178071E-03 -0.461043596       5.37444502E-02
   1.56250000E-02  0.890625000      -9.10107698E-03   5.01952097E-02  -1.00270472E-03
   4.68750000E-02  0.890625000      -2.23757029E-02   8.81541073E-02  -3.96561431E-04
   7.81250000E-02  0.890625000      -2.41226479E-02  0.104114994       1.49394362E-03
  0.109375000      0.890625000      -1.47515442E-02  0.111097887       3.71724786E-03
  0.140625000      0.890625000       1.64843164E-03  0.112486184       5.51410392E-03
  0.171875000      0.890625000       2.17021294E-02  0.109264433       6.78399811E-03
  0.203125000      0.890625000       4.31937203E-02  0.104368448       7.11460225E-03
  0.234375000      0.890625000       6.48044050E-02   9.86323878E-02   6.53569773E-03
  0.265625000      0.890625000       8.57747048E-02   9.24195647E-02   5.17090317E-03
  0.296875000      0.890625000      0.105623409       8.59078839E-02   3.18293157E-03
  0.328125000      0.890625000      0.124018528       7.91955888E-02   7.48461054E-04
  0.359375000      0.890625000      0.140716523       7.23516494E-02  -1.95453968E-03
  0.390625000      0.890625000      0.155534923       6.54402375E-02  -4.75452933E-03
  0.421875000      0.890625000      0.168341070       5.85304201E-02  -7.49225682E-03
  0.453125000      0.890625000      0.179047868       5.16971089E-02  -1.00257229E-02
  0.484375000      0.890625000      0.187611729       4.50169668E-02  -1.22343013E-02
  0.515625000      0.890625000      0.194030017       3.85614261E-02  -1.40214805E-02
  0.546875000      0.890625000      0.198336661       3.23878378E-02  -1.53159183E-02
  0.578125000      0.890625000      0.200595453       2.65284777E-02  -1.60705075E-02
  0.609375000      0.890625000      0.200889826       2.09747907E-02  -1.62594132E-02
  0.640625000      0.890625000      0.199305534       1.56494789E-02  -1.58725232E-02
  0.671875000      0.890625000      0.195888638       1.03430860E-02  -1.49066402E-02
  0.703125000      0.890625000      0.190519527       4.56089573E-03  -1.33494809E-02
  0.734375000      0.890625000      0.182971746      -2.48918799E-03  -1.11989239E-02
  0.765625000      0.890625000      0.173362300      -1.17426477E-02  -8.41264986E-03
  0.796875000      0.890625000      0.161737621      -2.56341584E-02  -4.47738636E-03
  0.828125000      0.890625000      0.147553533      -4.91649881E-02   1.26152765E-03
  0.859375000      0.890625000      0.129466072      -9.02056396E-02   9.99386981E-03
  0.890625000      0.890625000      0.104788989     -0.159088522       2.34942473E-02
  0.921875000      0.890625000       7.03431889E-02 -0.265645802       4.33323681E-02
  0.953125000      0.890625000       2.78648566E-02 -0.406828195       6.82179183E-02
  0.984375000      0.890625000       2.70891562E-03 -0.466664791       8.82976800E-02
   1.56250000E-02  0.921875000      -1.58631392E-02   7.51550794E-02  -3.39579023E-03
   4.68750000E-02  0.921875000      -3.60706002E-02   9.66662467E-02  -1.56462379E-03
   7.81250000E-02  0.921875000      -3.59361619E-02   9.72032547E-02   1.71236845E-03
  0.109375000      0.921875000      -2.18145102E-02   9.45034325E-02   4.95989900E-03
  0.140625000      0.921875000       4.23330348E-04   9.04281139E-02   7.33431336E-03
  0.171875000      0.921875000       2.62035765E-02   8.54733139E-02   8.95802863E-03
  0.203125000      0.921875000       5.24993539E-02   8.03575963E-02   9.41822026E-03
  0.234375000      0.921875000       7.82933533E-02   7.52256662E-02   8.84828344E-03
  0.265625000      0.921875000      0.103020474       7.01185465E-02   7.42439367E-03
  0.296875000      0.921875000      0.126329362       6.50440454E-02   5.33878058E-03
  0.328125000      0.921875000      0.147986501       6.00030869E-02   2.78563402E-03
  0.359375000      0.921875000      0.167830110       5.50014898E-02  -4.65982885E-05
  0.390625000      0.921875000      0.185748905       5.00548705E-02  -2.98029813E-03
  0.421875000      0.921875000      0.201673031       4.51893881E-02  -5.85286040E-03
  0.453125000      0.921875000      0.215570599       4.04392630E-02  -8.52052588E-03
  0.484375000      0.921875000      0.227445513       3.58425304E-02  -1.08614899E-02
  0.515625000      0.921875000      0.237334579       3.14354822E-02  -1.27779674E-02
  0.546875000      0.921875000      0.245302439       2.72461511E-02  -1.41965132E-02
  0.578125000      0.921875000      0.251433849       2.32862942E-02  -1.50663760E-02
  0.609375000      0.921875000      0.255821884       1.95398740E-02  -1.53553877E-02
  0.640625000      0.921875000      0.258550644       1.59439016E-02  -1.50424503E-02
  0.671875000      0.921875000      0.259667069       1.23513322E-02  -1.41052902E-02
  0.703125000      0.921875000      0.259134352       8.45449232E-03  -1.24999639E-02
  0.734375000      0.921875000      0.256719887       3.57700139E-03  -1.01254489E-02
  0.765625000      0.921875000      0.252097487      -3.58239887E-03  -6.87822886E-03
  0.796875000      0.921875000      0.245033979      -1.51151773E-02  -2.11649714E-03
  0.828125000      0.921875000      0.234551907      -3.50309797E-02   5.45155676E-03
  0.859375000      0.921875000      0.217863590      -6.95813671E-02   1.77113134E-02
  0.890625000      0.921875000      0.190126806     -0.127320468       3.75196747E-02
  0.921875000      0.921875000      0.145436421     -0.218302280       6.77972808E-02
  0.953125000      0.921875000       8.17920491E-02 -0.348075300      0.107964575    
  0.984375000      0.921875000       2.27364134E-02 -0.441228896      0.143903524    
   1.56250000E-02  0.953125000      -1.66583918E-02  0.107671857      -1.09086046E-02
   4.68750000E-02  0.953125000      -2.74638515E-02   9.51513201E-02  -3.89777403E-03
   7.81250000E-02  0.953125000      -8.09365325E-03   7.92000592E-02   1.91630155E-03
  0.109375000      0.953125000       2.15601921E-02   6.87158704E-02   6.39330689E-03
  0.140625000      0.953125000       5.43296114E-02   6.11915365E-02   9.48994234E-03
  0.171875000      0.953125000       8.74918252E-02   5.57498261E-02   1.12457266E-02
  0.203125000      0.953125000      0.120021820       5.12383096E-02   1.17111355E-02
  0.234375000      0.953125000      0.151286542       4.72710654E-02   1.10719018E-02
  0.265625000      0.953125000      0.180969298       4.36508022E-02   9.54064541E-03
  0.296875000      0.953125000      0.208898500       4.02644500E-02   7.33026117E-03
  0.328125000      0.953125000      0.234973192       3.70449796E-02   4.64609032E-03
  0.359375000      0.953125000      0.259132624       3.39539349E-02   1.68245821E-03
  0.390625000      0.953125000      0.281344116       3.09724510E-02  -1.38012867E-03
  0.421875000      0.953125000      0.301599056       2.80954354E-02  -4.37795045E-03
  0.453125000      0.953125000      0.319911897       2.53272988E-02  -7.16698729E-03
  0.484375000      0.953125000      0.336319387       2.26777606E-02  -9.62545723E-03
  0.515625000      0.953125000      0.350878716       2.01581139E-02  -1.16553036E-02
  0.546875000      0.953125000      0.363663971       1.77766923E-02  -1.31819928E-02
  0.578125000      0.953125000      0.374759644       1.55345295E-02  -1.41522791E-02
  0.609375000      0.953125000      0.384250134       1.34179927E-02  -1.45288613E-02
  0.640625000      0.953125000      0.392203569       1.13871647E-02  -1.42807234E-02
  0.671875000      0.953125000      0.398644835       9.35209077E-03  -1.33661292E-02
  0.703125000      0.953125000      0.403513938       7.11682998E-03  -1.17020411E-02
  0.734375000      0.953125000      0.406614244       4.22566338E-03  -9.10836831E-03
  0.765625000      0.953125000      0.407525897      -5.26609016E-04  -5.20591857E-03
  0.796875000      0.953125000      0.405184567      -8.77625868E-03   9.26009612E-04
  0.828125000      0.953125000      0.397180200      -2.28978992E-02   1.09995417E-02
  0.859375000      0.953125000      0.379040092      -4.69050966E-02   2.77912021E-02
  0.890625000      0.953125000      0.343589544      -8.68326128E-02   5.55071086E-02
  0.921875000      0.953125000      0.280977488     -0.151513904       9.92443934E-02
  0.953125000      0.953125000      0.181774586     -0.252044201      0.161732495    
  0.984375000      0.953125000       6.10243008E-02 -0.357478112      0.229119420    
   1.56250000E-02  0.984375000       6.21623769E-02   6.21639006E-02  -2.86175348E-02
   4.68750000E-02  0.984375000      0.168970019       4.46475595E-02  -3.30603099E-03
   7.81250000E-02  0.984375000      0.246452123       3.28395255E-02   5.42551279E-03
  0.109375000      0.984375000      0.305573344       2.62875147E-02   9.99022648E-03
  0.140625000      0.984375000      0.354131341       2.22770274E-02   1.27327368E-02
  0.171875000      0.984375000      0.396009415       1.96078885E-02   1.41294450E-02
  0.203125000      0.984375000      0.433227301       1.76166706E-02   1.43062249E-02
  0.234375000      0.984375000      0.466839612       1.60016175E-02   1.34300943E-02
  0.265625000      0.984375000      0.497450769       1.46145895E-02   1.16968593E-02
  0.296875000      0.984375000      0.525437474       1.33759119E-02   9.30941850E-03
  0.328125000      0.984375000      0.551050603       1.22397952E-02   6.46703830E-03
  0.359375000      0.984375000      0.574468136       1.11791249E-02   3.35996505E-03
  0.390625000      0.984375000      0.595825195       1.01782540E-02   1.65585210E-04
  0.421875000      0.984375000      0.615232825       9.22876690E-03  -2.95478548E-03
  0.453125000      0.984375000      0.632790089       8.32719821E-03  -5.85905323E-03
  0.484375000      0.984375000      0.648591995       7.47292303E-03  -8.42680689E-03
  0.515625000      0.984375000      0.662733674       6.66683773E-03  -1.05607286E-02
  0.546875000      0.984375000      0.675312042       5.90944989E-03  -1.21861026E-02
  0.578125000      0.984375000      0.686423182       5.19974018E-03  -1.32482629E-02
  0.609375000      0.984375000      0.696156979       4.53246199E-03  -1.37065109E-02
  0.640625000      0.984375000      0.704584837       3.89425433E-03  -1.35224210E-02
  0.671875000      0.984375000      0.711734653       3.25512304E-03  -1.26379933E-02
  0.703125000      0.984375000      0.717534065       2.54461402E-03  -1.09293098E-02
  0.734375000      0.984375000      0.721652985       1.57562317E-03  -8.09093285E-03
  0.765625000      0.984375000      0.723042369      -1.83589989E-04  -3.30146519E-03
  0.796875000      0.984375000      0.719555020      -3.29985120E-03   4.40646987E-03
  0.828125000      0.984375000      0.707710981      -8.53876956E-03   1.69580318E-02
  0.859375000      0.984375000      0.681867599      -1.72975808E-02   3.78899612E-02
  0.890625000      0.984375000      0.632709742      -3.18519361E-02   7.24892691E-02
  0.921875000      0.984375000      0.544826627      -5.60219586E-02  0.127826676    
  0.953125000      0.984375000      0.392632186      -9.61626917E-02  0.211110950    
  0.984375000      0.984375000      0.148232281     -0.148229420      0.322741032    
