 VARIABLES="X","Y","U","V","P"
 ZONE F=POINT, I=          32 , J=          32
   1.56250000E-02   1.56250000E-02   3.13286757E-04  -3.15377198E-04   1.46167139E-02
   4.68750000E-02   1.56250000E-02   9.76682873E-04  -3.52900330E-04   1.45793241E-02
   7.81250000E-02   1.56250000E-02   1.46422407E-03  -1.40162228E-04   1.44640077E-02
  0.109375000       1.56250000E-02   1.46853272E-03   1.30484012E-04   1.42893344E-02
  0.140625000       1.56250000E-02   9.33677307E-04   3.99213284E-04   1.40697481E-02
  0.171875000       1.56250000E-02  -1.31860666E-04   6.61425351E-04   1.38144884E-02
  0.203125000       1.56250000E-02  -1.72445201E-03   9.26574925E-04   1.35280583E-02
  0.234375000       1.56250000E-02  -3.85762379E-03   1.20236748E-03   1.32185575E-02
  0.265625000       1.56250000E-02  -6.54844008E-03   1.48462004E-03   1.28980000E-02
  0.296875000       1.56250000E-02  -9.79608297E-03   1.75961631E-03   1.25845969E-02
  0.328125000       1.56250000E-02  -1.35652795E-02   2.00659875E-03   1.23032257E-02
  0.359375000       1.56250000E-02  -1.77746359E-02   2.20017647E-03   1.20848697E-02
  0.390625000       1.56250000E-02  -2.22900398E-02   2.31300481E-03   1.19650513E-02
  0.421875000       1.56250000E-02  -2.69237570E-02   2.31876737E-03   1.19812526E-02
  0.453125000       1.56250000E-02  -3.14393342E-02   2.19503813E-03   1.21694719E-02
  0.484375000       1.56250000E-02  -3.55615914E-02   1.92549091E-03   1.25600193E-02
  0.515625000       1.56250000E-02  -3.89902182E-02   1.50131097E-03   1.31727131E-02
  0.546875000       1.56250000E-02  -4.14160267E-02   9.22442996E-04   1.40115609E-02
  0.578125000       1.56250000E-02  -4.25421745E-02   2.01289804E-04   1.50589887E-02
  0.609375000       1.56250000E-02  -4.21291441E-02  -6.17206853E-04   1.62473023E-02
  0.640625000       1.56250000E-02  -3.99335772E-02  -1.58178597E-03   1.74608994E-02
  0.671875000       1.56250000E-02  -3.57743949E-02  -2.58136960E-03   1.85957216E-02
  0.703125000       1.56250000E-02  -2.97201388E-02  -3.47737269E-03   1.95291806E-02
  0.734375000       1.56250000E-02  -2.21342631E-02  -4.11339384E-03   2.01454535E-02
  0.765625000       1.56250000E-02  -1.37047218E-02  -4.32129391E-03   2.03672554E-02
  0.796875000       1.56250000E-02  -5.44365775E-03  -3.94501910E-03   2.01890748E-02
  0.828125000       1.56250000E-02   1.38723780E-03  -2.89108022E-03   1.97049491E-02
  0.859375000       1.56250000E-02   5.59680769E-03  -1.32353965E-03   1.90780088E-02
  0.890625000       1.56250000E-02   6.76624104E-03   1.49240266E-04   1.84825659E-02
  0.921875000       1.56250000E-02   5.50801540E-03   1.10430084E-03   1.80511680E-02
  0.953125000       1.56250000E-02   3.00001330E-03   1.39916304E-03   1.78297851E-02
  0.984375000       1.56250000E-02   7.99304165E-04   7.97908637E-04   1.78122949E-02
   1.56250000E-02   4.68750000E-02   3.38965707E-04  -9.72580630E-04   1.46534508E-02
   4.68750000E-02   4.68750000E-02   7.98775931E-04  -8.30205099E-04   1.46117620E-02
   7.81250000E-02   4.68750000E-02   4.76502668E-04   1.59316303E-04   1.45058781E-02
  0.109375000       4.68750000E-02  -1.07336999E-03   1.36436336E-03   1.43518671E-02
  0.140625000       4.68750000E-02  -3.95657448E-03   2.57166568E-03   1.41579825E-02
  0.171875000       4.68750000E-02  -8.16597603E-03   3.75278434E-03   1.39288669E-02
  0.203125000       4.68750000E-02  -1.36654917E-02   4.91691381E-03   1.36673637E-02
  0.234375000       4.68750000E-02  -2.03858800E-02   6.05601445E-03   1.33786900E-02
  0.265625000       4.68750000E-02  -2.81997919E-02   7.12706055E-03   1.30725000E-02
  0.296875000       4.68750000E-02  -3.69052216E-02   8.06259271E-03   1.27646355E-02
  0.328125000       4.68750000E-02  -4.62222770E-02   8.78321752E-03   1.24779763E-02
  0.359375000       4.68750000E-02  -5.58028184E-02   9.20774601E-03   1.22423060E-02
  0.390625000       4.68750000E-02  -6.52479455E-02   9.26109683E-03   1.20930225E-02
  0.421875000       4.68750000E-02  -7.41284192E-02   8.88066180E-03   1.20686488E-02
  0.453125000       4.68750000E-02  -8.20047110E-02   8.02123081E-03   1.22072678E-02
  0.484375000       4.68750000E-02  -8.84450600E-02   6.65825605E-03   1.25421043E-02
  0.515625000       4.68750000E-02  -9.30413604E-02   4.78964997E-03   1.30965309E-02
  0.546875000       4.68750000E-02  -9.54229236E-02   2.43714498E-03   1.38789229E-02
  0.578125000       4.68750000E-02  -9.52654481E-02  -3.49884067E-04   1.48787219E-02
  0.609375000       4.68750000E-02  -9.22413319E-02  -3.50937061E-03   1.59900393E-02
  0.640625000       4.68750000E-02  -8.61803591E-02  -6.95355982E-03   1.71461180E-02
  0.671875000       4.68750000E-02  -7.71910623E-02  -1.03667229E-02   1.82358287E-02
  0.703125000       4.68750000E-02  -6.55845702E-02  -1.33625790E-02   1.91373639E-02
  0.734375000       4.68750000E-02  -5.19139320E-02  -1.54954586E-02   1.97383035E-02
  0.765625000       4.68750000E-02  -3.70224826E-02  -1.62716024E-02   1.99655630E-02
  0.796875000       4.68750000E-02  -2.20861658E-02  -1.52037395E-02   1.98178552E-02
  0.828125000       4.68750000E-02  -8.60867836E-03  -1.19523220E-02   1.93856154E-02
  0.859375000       4.68750000E-02   1.64186966E-03  -6.73368899E-03   1.88399497E-02
  0.890625000       4.68750000E-02   7.03431387E-03  -1.01335021E-03   1.83348227E-02
  0.921875000       4.68750000E-02   7.46629341E-03   3.08267213E-03   1.79760233E-02
  0.953125000       4.68750000E-02   4.70476551E-03   4.68015997E-03   1.77941620E-02
  0.984375000       4.68750000E-02   1.41007593E-03   3.00395489E-03   1.77878849E-02
   1.56250000E-02   7.81250000E-02  -2.00611430E-05  -1.29726226E-03   1.47750825E-02
   4.68750000E-02   7.81250000E-02  -7.72882893E-04  -2.25475029E-04   1.47097418E-02
   7.81250000E-02   7.81250000E-02  -3.13933636E-03   2.22911127E-03   1.45993009E-02
  0.109375000       7.81250000E-02  -7.32248882E-03   5.01380768E-03   1.44526139E-02
  0.140625000       7.81250000E-02  -1.33044040E-02   7.77412066E-03   1.42710954E-02
  0.171875000       7.81250000E-02  -2.09892951E-02   1.04321130E-02   1.40524190E-02
  0.203125000       7.81250000E-02  -3.02147195E-02   1.29508814E-02   1.37943160E-02
  0.234375000       7.81250000E-02  -4.07400504E-02   1.52571239E-02   1.34978481E-02
  0.265625000       7.81250000E-02  -5.22450022E-02   1.72352884E-02   1.31698446E-02
  0.296875000       7.81250000E-02  -6.43424839E-02   1.87489409E-02   1.28246639E-02
  0.328125000       7.81250000E-02  -7.65982270E-02   1.96625479E-02   1.24851586E-02
  0.359375000       7.81250000E-02  -8.85519981E-02   1.98567770E-02   1.21825878E-02
  0.390625000       7.81250000E-02  -9.97376144E-02   1.92378890E-02   1.19552724E-02
  0.421875000       7.81250000E-02 -0.109700397       1.77430436E-02   1.18458746E-02
  0.453125000       7.81250000E-02 -0.118011661       1.53428745E-02   1.18974401E-02
  0.484375000       7.81250000E-02 -0.124280110       1.20421145E-02   1.21484911E-02
  0.515625000       7.81250000E-02 -0.128160328       7.87889864E-03   1.26275234E-02
  0.546875000       7.81250000E-02 -0.129358172       2.92337267E-03   1.33473855E-02
  0.578125000       7.81250000E-02 -0.127633572      -2.72298744E-03   1.42828654E-02
  0.609375000       7.81250000E-02 -0.122834116      -8.96576885E-03   1.53511884E-02
  0.640625000       7.81250000E-02 -0.114969000      -1.54304998E-02   1.64905954E-02
  0.671875000       7.81250000E-02 -0.104203075      -2.16536801E-02   1.75887104E-02
  0.703125000       7.81250000E-02  -9.08259600E-02  -2.70692464E-02   1.85220093E-02
  0.734375000       7.81250000E-02  -7.52945840E-02  -3.10019553E-02   1.91750452E-02
  0.765625000       7.81250000E-02  -5.82884252E-02  -3.26746516E-02   1.94688085E-02
  0.796875000       7.81250000E-02  -4.07685861E-02  -3.12691890E-02   1.93924494E-02
  0.828125000       7.81250000E-02  -2.40289830E-02  -2.61163283E-02   1.90249849E-02
  0.859375000       7.81250000E-02  -9.69937909E-03  -1.71619691E-02   1.85253210E-02
  0.890625000       7.81250000E-02   3.29011469E-04  -6.01766491E-03   1.80601086E-02
  0.921875000       7.81250000E-02   4.50902805E-03   3.46361799E-03   1.77246649E-02
  0.953125000       7.81250000E-02   3.74295749E-03   7.81574287E-03   1.75649542E-02
  0.984375000       7.81250000E-02   1.24325708E-03   5.65346563E-03   1.75579973E-02
   1.56250000E-02  0.109375000      -6.37059275E-04  -6.46063942E-04   1.49599593E-02
   4.68750000E-02  0.109375000      -3.22608161E-03   2.45188875E-03   1.48547338E-02
   7.81250000E-02  0.109375000      -8.26695748E-03   6.94455206E-03   1.47275031E-02
  0.109375000      0.109375000      -1.54368598E-02   1.16373766E-02   1.45727117E-02
  0.140625000      0.109375000      -2.44795643E-02   1.61617789E-02   1.43814348E-02
  0.171875000      0.109375000      -3.51587869E-02   2.03959867E-02   1.41438143E-02
  0.203125000      0.109375000      -4.71885130E-02   2.42305584E-02   1.38521073E-02
  0.234375000      0.109375000      -6.02121055E-02   2.75159124E-02   1.35037526E-02
  0.265625000      0.109375000      -7.38157406E-02   3.00759040E-02   1.31039824E-02
  0.296875000      0.109375000      -8.75526220E-02   3.17348689E-02   1.26676979E-02
  0.328125000      0.109375000     -0.100965776       3.23390886E-02   1.22203352E-02
  0.359375000      0.109375000     -0.113606669       3.17698047E-02   1.17974831E-02
  0.390625000      0.109375000     -0.125049815       2.99497247E-02   1.14430152E-02
  0.421875000      0.109375000     -0.134904101       2.68453546E-02   1.12057514E-02
  0.453125000      0.109375000     -0.142821148       2.24666260E-02   1.11348536E-02
  0.484375000      0.109375000     -0.148500904       1.68646593E-02   1.12742744E-02
  0.515625000      0.109375000     -0.151694477       1.01282112E-02   1.16567528E-02
  0.546875000      0.109375000     -0.152203664       2.37871404E-03   1.22981351E-02
  0.578125000      0.109375000     -0.149873435      -6.23632688E-03   1.31588001E-02
  0.609375000      0.109375000     -0.144651145      -1.54784266E-02   1.42031088E-02
  0.640625000      0.109375000     -0.136570588      -2.48690732E-02   1.53522333E-02
  0.671875000      0.109375000     -0.125707090      -3.38515528E-02   1.64985918E-02
  0.703125000      0.109375000     -0.112228841      -4.17351648E-02   1.75190046E-02
  0.734375000      0.109375000      -9.64333564E-02  -4.76725511E-02   1.82935931E-02
  0.765625000      0.109375000      -7.87971318E-02  -5.06570265E-02   1.87320337E-02
  0.796875000      0.109375000      -6.00388683E-02  -4.95761037E-02   1.88036896E-02
  0.828125000      0.109375000      -4.11974043E-02  -4.34019044E-02   1.85609870E-02
  0.859375000      0.109375000      -2.37255339E-02  -3.16892490E-02   1.81374680E-02
  0.890625000      0.109375000      -9.57653206E-03  -1.56789459E-02   1.77005604E-02
  0.921875000      0.109375000      -8.77953367E-04   2.35409359E-04   1.73709653E-02
  0.953125000      0.109375000       1.72631955E-03   9.19511169E-03   1.71825327E-02
  0.984375000      0.109375000       7.99065223E-04   7.69211166E-03   1.71442963E-02
   1.56250000E-02  0.140625000      -1.38734980E-03   1.37223920E-03   1.51632009E-02
   4.68750000E-02  0.140625000      -6.02804357E-03   7.64962425E-03   1.50112249E-02
   7.81250000E-02  0.140625000      -1.37684215E-02   1.45131685E-02   1.48566365E-02
  0.109375000      0.140625000      -2.36584656E-02   2.11143941E-02   1.46737061E-02
  0.140625000      0.140625000      -3.52028124E-02   2.72582918E-02   1.44424662E-02
  0.171875000      0.140625000      -4.80638556E-02   3.28272060E-02   1.41467061E-02
  0.203125000      0.140625000      -6.18995428E-02   3.76533978E-02   1.37750041E-02
  0.234375000      0.140625000      -7.63245672E-02   4.15317044E-02   1.33233648E-02
  0.265625000      0.140625000      -9.09233168E-02   4.42540199E-02   1.27978772E-02
  0.296875000      0.140625000     -0.105272859       4.56363037E-02   1.22165438E-02
  0.328125000      0.140625000     -0.118962407       4.55351025E-02   1.16097666E-02
  0.359375000      0.140625000     -0.131607175       4.38557416E-02   1.10193249E-02
  0.390625000      0.140625000     -0.142857641       4.05550674E-02   1.04957744E-02
  0.421875000      0.140625000     -0.152405098       3.56405452E-02   1.00944024E-02
  0.453125000      0.140625000     -0.159984156       2.91671474E-02   9.86994524E-03
  0.484375000      0.140625000     -0.165372878       2.12326832E-02   9.87057574E-03
  0.515625000      0.140625000     -0.168391228       1.19722337E-02   1.01314038E-02
  0.546875000      0.140625000     -0.168899089       1.55151729E-03   1.06679928E-02
  0.578125000      0.140625000     -0.166797400      -9.84201580E-03   1.14561776E-02
  0.609375000      0.140625000     -0.162021726      -2.18726974E-02   1.24738328E-02
  0.640625000      0.140625000     -0.154530182      -3.40502076E-02   1.36462413E-02
  0.671875000      0.140625000     -0.144313604      -4.57552895E-02   1.48712024E-02
  0.703125000      0.140625000     -0.131422430      -5.62071055E-02   1.60276983E-02
  0.734375000      0.140625000     -0.115998149      -6.44280165E-02   1.69914793E-02
  0.765625000      0.140625000      -9.83196720E-02  -6.92250505E-02   1.76576599E-02
  0.796875000      0.140625000      -7.88719431E-02  -6.92237094E-02   1.79681294E-02
  0.828125000      0.140625000      -5.84466532E-02  -6.30311966E-02   1.79361980E-02
  0.859375000      0.140625000      -3.82927656E-02  -4.96960767E-02   1.76547393E-02
  0.890625000      0.140625000      -2.03204248E-02  -2.98038088E-02   1.72706582E-02
  0.921875000      0.140625000      -7.11822696E-03  -7.55072525E-03   1.69189963E-02
  0.953125000      0.140625000      -7.18751224E-04   7.96742737E-03   1.66766979E-02
  0.984375000      0.140625000       3.16062360E-04   8.80375877E-03   1.65810287E-02
   1.56250000E-02  0.171875000      -2.12454493E-03   4.87785833E-03   1.53213963E-02
   4.68750000E-02  0.171875000      -8.66062008E-03   1.53067382E-02   1.51220839E-02
   7.81250000E-02  0.171875000      -1.87015161E-02   2.46221051E-02   1.49299689E-02
  0.109375000      0.171875000      -3.07254698E-02   3.29049677E-02   1.46968001E-02
  0.140625000      0.171875000      -4.40641195E-02   4.03372236E-02   1.43930241E-02
  0.171875000      0.171875000      -5.83339334E-02   4.68668789E-02   1.39986388E-02
  0.203125000      0.171875000      -7.31923580E-02   5.22970483E-02   1.35013442E-02
  0.234375000      0.171875000      -8.82799774E-02   5.63915819E-02   1.28984619E-02
  0.265625000      0.171875000     -0.103226900       5.89324757E-02   1.21994242E-02
  0.296875000      0.171875000     -0.117670707       5.97457439E-02   1.14272898E-02
  0.328125000      0.171875000     -0.131271079       5.87120056E-02   1.06186867E-02
  0.359375000      0.171875000     -0.143718690       5.57694137E-02   9.82211903E-03
  0.390625000      0.171875000     -0.154739380       5.09123020E-02   9.09465831E-03
  0.421875000      0.171875000     -0.164094627       4.41870391E-02   8.49739835E-03
  0.453125000      0.171875000     -0.171579421       3.56865004E-02   8.08976591E-03
  0.484375000      0.171875000     -0.177019000       2.55441573E-02   7.92332087E-03
  0.515625000      0.171875000     -0.180265695       1.39284488E-02   8.03515688E-03
  0.546875000      0.171875000     -0.181198120       1.03796809E-03   8.44140537E-03
  0.578125000      0.171875000     -0.179724440      -1.29021546E-02   9.14081745E-03
  0.609375000      0.171875000     -0.175758556      -2.75534429E-02   1.01230042E-02
  0.640625000      0.171875000     -0.169208378      -4.24118191E-02   1.13226157E-02
  0.671875000      0.171875000     -0.159994766      -5.68260252E-02   1.26457456E-02
  0.703125000      0.171875000     -0.148063213      -6.99628145E-02   1.39760412E-02
  0.734375000      0.171875000     -0.133407414      -8.07576478E-02   1.51861589E-02
  0.765625000      0.171875000     -0.116113439      -8.78744870E-02   1.61555111E-02
  0.796875000      0.171875000      -9.64343846E-02  -8.97088051E-02   1.67937372E-02
  0.828125000      0.171875000      -7.49108344E-02  -8.45035017E-02   1.70656033E-02
  0.859375000      0.171875000      -5.25643639E-02  -7.07332268E-02   1.70087032E-02
  0.890625000      0.171875000      -3.11971568E-02  -4.81155552E-02   1.67310648E-02
  0.921875000      0.171875000      -1.36992894E-02  -1.99484378E-02   1.63742788E-02
  0.953125000      0.171875000      -3.31415050E-03   3.57117131E-03   1.60541944E-02
  0.984375000      0.171875000      -1.36715113E-04   8.97985697E-03   1.58785135E-02
   1.56250000E-02  0.203125000      -2.72869947E-03   9.72472504E-03   1.53578175E-02
   4.68750000E-02  0.203125000      -1.07484432E-02   2.50014439E-02   1.51161533E-02
   7.81250000E-02  0.203125000      -2.24818327E-02   3.66863161E-02   1.48778995E-02
  0.109375000      0.203125000      -3.59717309E-02   4.63401601E-02   1.45746004E-02
  0.140625000      0.203125000      -5.04376292E-02   5.46933822E-02   1.41700860E-02
  0.171875000      0.203125000      -6.54843673E-02   6.18156120E-02   1.36433402E-02
  0.203125000      0.203125000      -8.07967037E-02   6.75092116E-02   1.29837468E-02
  0.234375000      0.203125000      -9.60640833E-02   7.15265498E-02   1.21921720E-02
  0.265625000      0.203125000     -0.110978529       7.36531317E-02   1.12830680E-02
  0.296875000      0.203125000     -0.125246361       7.37331510E-02   1.02855284E-02
  0.328125000      0.203125000     -0.138597414       7.16745853E-02   9.24268551E-03
  0.359375000      0.203125000     -0.150789440       6.74470067E-02   8.20945296E-03
  0.390625000      0.203125000     -0.161608070       6.10762872E-02   7.24882074E-03
  0.421875000      0.203125000     -0.170864090       5.26379719E-02   6.42701564E-03
  0.453125000      0.203125000     -0.178389579       4.22505476E-02   5.80775691E-03
  0.484375000      0.203125000     -0.184034675       3.00700553E-02   5.44612948E-03
  0.515625000      0.203125000     -0.187666461       1.62864868E-02   5.38205961E-03
  0.546875000      0.203125000     -0.189171523       1.12263230E-03   5.63402195E-03
  0.578125000      0.203125000     -0.188462481      -1.51650049E-02   6.22180663E-03
  0.609375000      0.203125000     -0.185451075      -3.22643444E-02   7.15315249E-03
  0.640625000      0.203125000     -0.180024266      -4.96756919E-02   8.37379042E-03
  0.671875000      0.203125000     -0.172050476      -6.67488724E-02   9.80062969E-03
  0.703125000      0.203125000     -0.161382243      -8.26407224E-02   1.13248555E-02
  0.734375000      0.203125000     -0.147873104      -9.62473154E-02   1.28187267E-02
  0.765625000      0.203125000     -0.131420001     -0.106136128       1.41475741E-02
  0.796875000      0.203125000     -0.112043127     -0.110508725       1.51878968E-02
  0.828125000      0.203125000      -9.00219977E-02 -0.107255042       1.58507638E-02
  0.859375000      0.203125000      -6.61198944E-02  -9.42378789E-02   1.61071867E-02
  0.890625000      0.203125000      -4.19504195E-02  -7.01557323E-02   1.60080940E-02
  0.921875000      0.203125000      -2.04968154E-02  -3.68681364E-02   1.56836249E-02
  0.953125000      0.203125000      -6.02110242E-03  -4.37846594E-03   1.52985770E-02
  0.984375000      0.203125000      -5.58216241E-04   8.28195736E-03   1.50191914E-02
   1.56250000E-02  0.234375000      -3.12369899E-03   1.55707626E-02   1.52006913E-02
   4.68750000E-02  0.234375000      -1.20902555E-02   3.61275189E-02   1.49247516E-02
   7.81250000E-02  0.234375000      -2.48569250E-02   5.00451066E-02   1.46348290E-02
  0.109375000      0.234375000      -3.91748101E-02   6.07750788E-02   1.42473318E-02
  0.140625000      0.234375000      -5.41884825E-02   6.97254837E-02   1.37226768E-02
  0.171875000      0.234375000      -6.95043653E-02   7.71354437E-02   1.30409896E-02
  0.203125000      0.234375000      -8.48424435E-02   8.28312412E-02   1.21950274E-02
  0.234375000      0.234375000      -9.99446660E-02   8.65679085E-02   1.11904750E-02
  0.265625000      0.234375000     -0.114563569       8.81413668E-02   1.00475643E-02
  0.296875000      0.234375000     -0.128467500       8.74153599E-02   8.80162232E-03
  0.328125000      0.234375000     -0.141445041       8.43220502E-02   7.50204455E-03
  0.359375000      0.234375000     -0.153305873       7.88555965E-02   6.20969106E-03
  0.390625000      0.234375000     -0.163878649       7.10641295E-02   4.99299262E-03
  0.421875000      0.234375000     -0.173007905       6.10418841E-02   3.92310601E-03
  0.453125000      0.234375000     -0.180551305       4.89230454E-02   3.06831324E-03
  0.484375000      0.234375000     -0.186378896       3.48783582E-02   2.48798705E-03
  0.515625000      0.234375000     -0.190375060       1.91144198E-02   2.22631241E-03
  0.546875000      0.234375000     -0.192443043       1.87578984E-03   2.30601942E-03
  0.578125000      0.234375000     -0.192511618      -1.65513009E-02   2.75955372E-03
  0.609375000      0.234375000     -0.190508693      -3.58860418E-02   3.62051348E-03
  0.640625000      0.234375000     -0.186321959      -5.56625240E-02   4.84613096E-03
  0.671875000      0.234375000     -0.179784238      -7.52700716E-02   6.36597350E-03
  0.703125000      0.234375000     -0.170667887      -9.39023048E-02   8.08195584E-03
  0.734375000      0.234375000     -0.158695608     -0.110467166       9.87025443E-03
  0.765625000      0.234375000     -0.143580467     -0.123486273       1.15867388E-02
  0.796875000      0.234375000     -0.125109300     -0.131009966       1.30783329E-02
  0.828125000      0.234375000     -0.103289463     -0.130599558       1.42025044E-02
  0.859375000      0.234375000      -7.85948485E-02 -0.119496033       1.48568908E-02
  0.890625000      0.234375000      -5.23755290E-02  -9.52931345E-02   1.50183421E-02
  0.921875000      0.234375000      -2.75197253E-02  -5.80473803E-02   1.47801554E-02
  0.953125000      0.234375000      -9.03664902E-03  -1.61654633E-02   1.43421311E-02
  0.984375000      0.234375000      -1.07903848E-03   6.64206175E-03   1.39549822E-02
   1.56250000E-02  0.265625000      -3.28127667E-03   2.19695568E-02   1.47972628E-02
   4.68750000E-02  0.265625000      -1.26316231E-02   4.80318852E-02   1.44970082E-02
   7.81250000E-02  0.265625000      -2.58010160E-02   6.40622154E-02   1.41539965E-02
  0.109375000      0.265625000      -4.03744653E-02   7.56360292E-02   1.36755947E-02
  0.140625000      0.265625000      -5.54393157E-02   8.49315673E-02   1.30215231E-02
  0.171875000      0.265625000      -7.06033707E-02   9.23999622E-02   1.21743754E-02
  0.203125000      0.265625000      -8.56184512E-02   9.79130119E-02   1.11310389E-02
  0.234375000      0.265625000     -0.100272700      0.101238385       9.90242511E-03
  0.265625000      0.265625000     -0.114369512      0.102185130       8.51460919E-03
  0.296875000      0.265625000     -0.127726823      0.100634053       7.00895954E-03
  0.328125000      0.265625000     -0.140177906       9.65357125E-02   5.44075947E-03
  0.359375000      0.265625000     -0.151570484       8.99012983E-02   3.87649867E-03
  0.390625000      0.265625000     -0.161764830       8.07934031E-02   2.38995044E-03
  0.421875000      0.265625000     -0.170632333       6.93186596E-02   1.05739920E-03
  0.453125000      0.265625000     -0.178055674       5.56232855E-02  -4.77482827E-05
  0.484375000      0.265625000     -0.183930904       3.98917422E-02  -8.60924541E-04
  0.515625000      0.265625000     -0.188170761       2.23479532E-02  -1.33250176E-03
  0.546875000      0.265625000     -0.190708458       3.25850956E-03  -1.43399555E-03
  0.578125000      0.265625000     -0.191500783      -1.70632787E-02  -1.13173923E-03
  0.609375000      0.265625000     -0.190505922      -3.83630283E-02  -3.61399376E-04
  0.640625000      0.265625000     -0.187630385      -6.02403209E-02   8.45169998E-04
  0.671875000      0.265625000     -0.182688788      -8.21656436E-02   2.43138336E-03
  0.703125000      0.265625000     -0.175388664     -0.103418931       4.31319140E-03
  0.734375000      0.265625000     -0.165334240     -0.122974768       6.37628371E-03
  0.765625000      0.265625000     -0.152062774     -0.139364630       8.47453345E-03
  0.796875000      0.265625000     -0.135128409     -0.150538266       1.04332585E-02
  0.828125000      0.265625000     -0.114256136     -0.153766125       1.20620634E-02
  0.859375000      0.265625000      -8.96028876E-02 -0.145681471       1.31842513E-02
  0.890625000      0.265625000      -6.21968396E-02 -0.122738287       1.36896633E-02
  0.921875000      0.265625000      -3.46885584E-02  -8.29722434E-02   1.36086931E-02
  0.953125000      0.265625000      -1.24201858E-02  -3.19983177E-02   1.31567456E-02
  0.984375000      0.265625000      -1.73454522E-03   3.82622005E-03   1.26559176E-02
   1.56250000E-02  0.296875000      -3.20873270E-03   2.84537487E-02   1.41231483E-02
   4.68750000E-02  0.296875000      -1.24143213E-02   6.00907467E-02   1.38093773E-02
   7.81250000E-02  0.296875000      -2.54183263E-02   7.81632140E-02   1.34159233E-02
  0.109375000      0.296875000      -3.97465192E-02   9.04246122E-02   1.28469132E-02
  0.140625000      0.296875000      -5.44354767E-02   9.98867303E-02   1.20634735E-02
  0.171875000      0.296875000      -6.90869465E-02  0.107252687       1.10512748E-02
  0.203125000      0.296875000      -8.34759176E-02  0.112459451       9.81140044E-03
  0.234375000      0.296875000      -9.74264741E-02  0.115294755       8.35981220E-03
  0.265625000      0.296875000     -0.110780999      0.115581058       6.72809407E-03
  0.296875000      0.296875000     -0.123394296      0.113212556       4.96327830E-03
  0.328125000      0.296875000     -0.135132194      0.108152606       3.12627340E-03
  0.359375000      0.296875000     -0.145870566      0.100424021       1.28908106E-03
  0.390625000      0.296875000     -0.155495256       9.01002064E-02  -4.69049439E-04
  0.421875000      0.296875000     -0.163903520       7.72994757E-02  -2.06635799E-03
  0.453125000      0.296875000     -0.171007395       6.21824041E-02  -3.42387636E-03
  0.484375000      0.296875000     -0.176737696       4.49512638E-02  -4.47131414E-03
  0.515625000      0.296875000     -0.181047127       2.58507580E-02  -5.15302550E-03
  0.546875000      0.296875000     -0.183910519       5.16939303E-03  -5.43402275E-03
  0.578125000      0.296875000     -0.185322613      -1.67579390E-02  -5.29005099E-03
  0.609375000      0.296875000     -0.185284391      -3.96906883E-02  -4.62723803E-03
  0.640625000      0.296875000     -0.183738902      -6.33242577E-02  -3.46807553E-03
  0.671875000      0.296875000     -0.180501491      -8.72527659E-02  -1.85492681E-03
  0.703125000      0.296875000     -0.175233588     -0.110893533       1.45203725E-04
  0.734375000      0.296875000     -0.167437598     -0.133345991       2.43370887E-03
  0.765625000      0.296875000     -0.156486303     -0.153213412       4.87198215E-03
  0.796875000      0.296875000     -0.141704246     -0.168404967       7.27548357E-03
  0.828125000      0.296875000     -0.122524992     -0.175951749       9.41713620E-03
  0.859375000      0.296875000      -9.87624750E-02 -0.171913952       1.10513037E-02
  0.890625000      0.296875000      -7.10714012E-02 -0.151606530       1.19735673E-02
  0.921875000      0.296875000      -4.17555049E-02 -0.110932663       1.21259112E-02
  0.953125000      0.296875000      -1.61591507E-02  -5.19076064E-02   1.17063727E-02
  0.984375000      0.296875000      -2.60176416E-03  -5.11925435E-04   1.11018922E-02
   1.56250000E-02  0.328125000      -2.93515320E-03   3.45923603E-02   1.31847560E-02
   4.68750000E-02  0.328125000      -1.15344068E-02   7.17453361E-02   1.28682051E-02
   7.81250000E-02  0.328125000      -2.38795280E-02   9.18456763E-02   1.24302041E-02
  0.109375000      0.328125000      -3.75312418E-02  0.104711592       1.17766000E-02
  0.140625000      0.328125000      -5.14772907E-02  0.114226468       1.08714346E-02
  0.171875000      0.328125000      -6.53029308E-02  0.121384412       9.70364362E-03
  0.203125000      0.328125000      -7.87958801E-02  0.126206934       8.27816315E-03
  0.234375000      0.328125000      -9.18057188E-02  0.128508031       6.61548181E-03
  0.265625000      0.328125000     -0.104203045      0.128123105       4.75218100E-03
  0.296875000      0.328125000     -0.115869284      0.124956414       2.74056639E-03
  0.328125000      0.328125000     -0.126694039      0.118980348       6.46965636E-04
  0.359375000      0.328125000     -0.136575088      0.110226870      -1.45109254E-03
  0.390625000      0.328125000     -0.145420790       9.87806171E-02  -3.46871326E-03
  0.421875000      0.328125000     -0.153154835       8.47753882E-02  -5.31845726E-03
  0.453125000      0.328125000     -0.159722447       6.83926493E-02  -6.91573787E-03
  0.484375000      0.328125000     -0.165096000       4.98597324E-02  -8.18464067E-03
  0.515625000      0.328125000     -0.169276625       2.94469334E-02  -9.06375982E-03
  0.546875000      0.328125000     -0.172289640       7.46357813E-03  -9.51160491E-03
  0.578125000      0.328125000     -0.174174249      -1.57423429E-02  -9.51957051E-03
  0.609375000      0.328125000     -0.174987286      -3.99195105E-02  -8.97408742E-03
  0.640625000      0.328125000     -0.174727470      -6.48900717E-02  -7.89030734E-03
  0.671875000      0.328125000     -0.173230782      -9.04117674E-02  -6.29694248E-03
  0.703125000      0.328125000     -0.170135841     -0.116089620      -4.24190331E-03
  0.734375000      0.328125000     -0.164865911     -0.141209692      -1.80231617E-03
  0.765625000      0.328125000     -0.156646281     -0.164516211       9.01050749E-04
  0.796875000      0.328125000     -0.144578785     -0.183948994       3.68811609E-03
  0.828125000      0.328125000     -0.127798826     -0.196365967       6.31084433E-03
  0.859375000      0.328125000     -0.105753422     -0.197308302       8.46653339E-03
  0.890625000      0.328125000      -7.86770582E-02 -0.180981606       9.85604897E-03
  0.921875000      0.328125000      -4.84386086E-02 -0.141114935       1.03111817E-02
  0.953125000      0.328125000      -2.01413818E-02  -7.56225586E-02   9.97116975E-03
  0.984375000      0.328125000      -3.69199133E-03  -6.80708745E-03   9.27376281E-03
   1.56250000E-02  0.359375000      -2.50152452E-03   4.00244482E-02   1.20159434E-02
   4.68750000E-02  0.359375000      -1.01157315E-02   8.25166404E-02   1.17066195E-02
   7.81250000E-02  0.359375000      -2.13861354E-02  0.104679614       1.12323053E-02
  0.109375000      0.359375000      -3.39964479E-02  0.118131101       1.05043957E-02
  0.140625000      0.359375000      -4.68879789E-02  0.127638265       9.49097052E-03
  0.171875000      0.359375000      -5.96184880E-02  0.134525239       8.18417408E-03
  0.203125000      0.359375000      -7.19782934E-02  0.138918415       6.59229746E-03
  0.234375000      0.359375000      -8.38335752E-02  0.140664399       4.73969849E-03
  0.265625000      0.359375000      -9.50752348E-02  0.139611572       2.66736257E-03
  0.296875000      0.359375000     -0.105604336      0.135672033       4.32437635E-04
  0.328125000      0.359375000     -0.115328804      0.128825217      -1.89352571E-03
  0.359375000      0.359375000     -0.124164589      0.119112141      -4.22746828E-03
  0.390625000      0.359375000     -0.132040262      0.106631517      -6.47882558E-03
  0.421875000      0.359375000     -0.138904735       9.15386975E-02  -8.55451450E-03
  0.453125000      0.359375000     -0.144736543       7.40448236E-02  -1.03646861E-02
  0.484375000      0.359375000     -0.149551734       5.44122271E-02  -1.18286461E-02
  0.515625000      0.359375000     -0.153405353       3.29441279E-02  -1.28804492E-02
  0.546875000      0.359375000     -0.156380966       9.96961165E-03  -1.34730525E-02
  0.578125000      0.359375000     -0.158561409      -1.41697284E-02  -1.36108622E-02
  0.609375000      0.359375000     -0.160069853      -3.91582251E-02  -1.31831784E-02
  0.640625000      0.359375000     -0.160981461      -6.49884120E-02  -1.21977050E-02
  0.671875000      0.359375000     -0.161171854      -9.16098580E-02  -1.06710354E-02
  0.703125000      0.359375000     -0.160288021     -0.118861772      -8.63185339E-03
  0.734375000      0.359375000     -0.157706514     -0.146281868      -6.13165786E-03
  0.765625000      0.359375000     -0.152530521     -0.172834039      -3.26388422E-03
  0.796875000      0.359375000     -0.143652171     -0.196572959      -1.88946346E-04
  0.828125000      0.359375000     -0.129906192     -0.214265525       2.84321792E-03
  0.859375000      0.359375000     -0.110352732     -0.221006751       5.49073517E-03
  0.890625000      0.359375000      -8.47657770E-02 -0.209947020       7.36761605E-03
  0.921875000      0.359375000      -5.45112379E-02 -0.172644168       8.18211026E-03
  0.953125000      0.359375000      -2.42895260E-02 -0.102614619       7.97556713E-03
  0.984375000      0.359375000      -5.02808345E-03  -1.55281462E-02   7.21955113E-03
   1.56250000E-02  0.390625000      -1.95495947E-03   4.44771126E-02   1.06710102E-02
   4.68750000E-02  0.390625000      -8.29546433E-03   9.20103639E-02   1.03778737E-02
   7.81250000E-02  0.390625000      -1.81523338E-02  0.116304867       9.87717882E-03
  0.109375000      0.390625000      -2.94191930E-02  0.130376473       9.08844545E-03
  0.140625000      0.390625000      -4.09977511E-02  0.139858782       7.98455626E-03
  0.171875000      0.390625000      -5.24082333E-02  0.146444350       6.56081643E-03
  0.203125000      0.390625000      -6.34344071E-02  0.150387049       4.82833898E-03
  0.234375000      0.390625000      -7.39524513E-02  0.151574045       2.81464402E-03
  0.265625000      0.390625000      -8.38686824E-02  0.149867833       5.64458314E-04
  0.296875000      0.390625000      -9.31004286E-02  0.145187438      -1.86073896E-03
  0.328125000      0.390625000     -0.101571709      0.137518734      -4.38449765E-03
  0.359375000      0.390625000     -0.109214813      0.126912519      -6.91836746E-03
  0.390625000      0.390625000     -0.115976177      0.113484398      -9.36620776E-03
  0.421875000      0.390625000     -0.121825919       9.74168330E-02  -1.16295815E-02
  0.453125000      0.390625000     -0.126769572       7.89589882E-02  -1.36140091E-02
  0.484375000      0.390625000     -0.130859151       5.84192313E-02  -1.52353980E-02
  0.515625000      0.390625000     -0.134198934       3.61461081E-02  -1.64257269E-02
  0.546875000      0.390625000     -0.136938572       1.24974111E-02  -1.71370097E-02
  0.578125000      0.390625000     -0.139245510      -1.21967718E-02  -1.73617639E-02
  0.609375000      0.390625000     -0.141290188      -3.75659391E-02  -1.70467179E-02
  0.640625000      0.390625000     -0.143192336      -6.37560189E-02  -1.61735937E-02
  0.671875000      0.390625000     -0.144910306      -9.09241438E-02  -1.47529608E-02
  0.703125000      0.390625000     -0.146147087     -0.119185925      -1.27972169E-02
  0.734375000      0.390625000     -0.146279067     -0.148399785      -1.03310961E-02
  0.765625000      0.390625000     -0.144325167     -0.177839816      -7.41364155E-03
  0.796875000      0.390625000     -0.138989776     -0.205776095      -4.17141011E-03
  0.828125000      0.390625000     -0.128810078     -0.228984624      -8.35597748E-04
  0.859375000      0.390625000     -0.112443127     -0.242206067       2.23571784E-03
  0.890625000      0.390625000      -8.91659260E-02 -0.237611175       4.58655693E-03
  0.921875000      0.390625000      -5.97786717E-02 -0.204622209       5.79939131E-03
  0.953125000      0.390625000      -2.84454413E-02 -0.132192701       5.78436069E-03
  0.984375000      0.390625000      -6.55072927E-03  -2.71075536E-02   5.01237158E-03
   1.56250000E-02  0.421875000      -1.34612678E-03   4.77751903E-02   9.21611208E-03
   4.68750000E-02  0.421875000      -6.21753652E-03   9.99177098E-02   8.94725882E-03
   7.81250000E-02  0.421875000      -1.43963452E-02  0.126426935       8.43161438E-03
  0.109375000      0.421875000      -2.40765177E-02  0.141196921       7.59801455E-03
  0.140625000      0.421875000      -3.41347754E-02  0.150673002       6.42471947E-03
  0.171875000      0.421875000      -4.40454930E-02  0.156951994       4.91019059E-03
  0.203125000      0.421875000      -5.35776094E-02  0.160441428       3.06787319E-03
  0.234375000      0.421875000      -6.26125410E-02  0.161079526       9.27725749E-04
  0.265625000      0.421875000      -7.10700080E-02  0.158745915      -1.46255165E-03
  0.296875000      0.421875000      -7.88834989E-02  0.153367132      -4.03783843E-03
  0.328125000      0.421875000      -8.59941691E-02  0.144935668      -6.71729958E-03
  0.359375000      0.421875000      -9.23519284E-02  0.133512691      -9.40752774E-03
  0.390625000      0.421875000      -9.79212672E-02  0.119232066      -1.20071089E-02
  0.421875000      0.421875000     -0.102690816      0.102305844      -1.44126043E-02
  0.453125000      0.421875000     -0.106686085       8.30259472E-02  -1.65255405E-02
  0.484375000      0.421875000     -0.109983087       6.17551282E-02  -1.82595477E-02
  0.515625000      0.421875000     -0.112718791       3.89008410E-02  -1.95465796E-02
  0.546875000      0.421875000     -0.115091830       1.48692010E-02  -2.03408692E-02
  0.578125000      0.421875000     -0.117347576      -9.99333523E-03  -2.06207819E-02
  0.609375000      0.421875000     -0.119705074      -3.53559703E-02  -2.03988664E-02
  0.640625000      0.421875000     -0.122335196      -6.14236295E-02  -1.96377691E-02
  0.671875000      0.421875000     -0.125304922      -8.85597765E-02  -1.83471013E-02
  0.703125000      0.421875000     -0.128423303     -0.117187038      -1.65281575E-02
  0.734375000      0.421875000     -0.131128162     -0.147554636      -1.41814090E-02
  0.765625000      0.421875000     -0.132409155     -0.179351598      -1.13283666E-02
  0.796875000      0.421875000     -0.130818009     -0.211185649      -8.05050880E-03
  0.828125000      0.421875000     -0.124604777     -0.239963949      -4.54027858E-03
  0.859375000      0.421875000     -0.112010345     -0.260185301      -1.14562060E-03
  0.890625000      0.421875000      -9.17793587E-02 -0.263138503       1.63246377E-03
  0.921875000      0.421875000      -6.40829802E-02 -0.236177921       3.26029072E-03
  0.953125000      0.421875000      -3.24250422E-02 -0.163628340       3.49247502E-03
  0.984375000      0.421875000      -8.16682074E-03  -4.18253690E-02   2.75053317E-03
   1.56250000E-02  0.453125000      -7.29265041E-04   4.98483479E-02   7.72053981E-03
   4.68750000E-02  0.453125000      -4.03104071E-03  0.106013000       7.48411799E-03
   7.81250000E-02  0.453125000      -1.03364056E-02  0.134811506       6.96660485E-03
  0.109375000      0.453125000      -1.82401184E-02  0.150393635       6.10617362E-03
  0.140625000      0.453125000      -2.66188718E-02  0.159913003       4.88694618E-03
  0.171875000      0.453125000      -3.48946787E-02  0.165900975       3.31067340E-03
  0.203125000      0.453125000      -4.28133048E-02  0.168948650       1.39275822E-03
  0.234375000      0.453125000      -5.02574295E-02  0.169059888      -8.35217186E-04
  0.265625000      0.453125000      -5.71600460E-02  0.166137010      -3.32355523E-03
  0.296875000      0.453125000      -6.34731352E-02  0.160116449      -6.00444479E-03
  0.328125000      0.453125000      -6.91587925E-02  0.150998414      -8.79356079E-03
  0.359375000      0.453125000      -7.41889179E-02  0.138854861      -1.15932571E-02
  0.390625000      0.453125000      -7.85494894E-02  0.123837397      -1.42974835E-02
  0.421875000      0.453125000      -8.22483525E-02  0.106186442      -1.67983156E-02
  0.453125000      0.453125000      -8.53263438E-02   8.62354338E-02  -1.89937763E-02
  0.484375000      0.453125000      -8.78705233E-02   6.44025058E-02  -2.07958668E-02
  0.515625000      0.453125000      -9.00272876E-02   4.11602184E-02  -2.21373849E-02
  0.546875000      0.453125000      -9.20094401E-02   1.69777833E-02  -2.29756236E-02
  0.578125000      0.453125000      -9.40845683E-02  -7.75976665E-03  -2.32912861E-02
  0.609375000      0.453125000      -9.65231359E-02  -3.27835083E-02  -2.31323093E-02
  0.640625000      0.453125000      -9.95772034E-02  -5.83030730E-02  -2.24680286E-02
  0.671875000      0.453125000     -0.103428833      -8.48510489E-02  -2.13112198E-02
  0.703125000      0.453125000     -0.108043239     -0.113155797      -1.96592212E-02
  0.734375000      0.453125000     -0.112999007     -0.143918738      -1.74948722E-02
  0.765625000      0.453125000     -0.117336288     -0.177363381      -1.48041807E-02
  0.796875000      0.453125000     -0.119510055     -0.212586150      -1.16172526E-02
  0.828125000      0.453125000     -0.117505006     -0.246777505      -8.07078555E-03
  0.859375000      0.453125000     -0.109136179     -0.274331778      -4.47559310E-03
  0.890625000      0.453125000      -9.25800130E-02 -0.285776973      -1.34671293E-03
  0.921875000      0.453125000      -6.73139319E-02 -0.266500652       6.86699990E-04
  0.953125000      0.453125000      -3.60630266E-02 -0.196213961       1.21108035E-03
  0.984375000      0.453125000      -9.78435483E-03  -5.97765669E-02   5.43611590E-04
   1.56250000E-02  0.484375000      -1.63290693E-04   5.07393628E-02   6.24841312E-03
   4.68750000E-02  0.484375000      -1.89016282E-03  0.110147446       6.05584867E-03
   7.81250000E-02  0.484375000      -6.18775515E-03  0.141277403       5.55098290E-03
  0.109375000      0.484375000      -1.21726012E-02  0.157815337       4.68318211E-03
  0.140625000      0.484375000      -1.87571142E-02  0.167455852       3.44321388E-03
  0.171875000      0.484375000      -2.53052525E-02  0.173186034       1.83617021E-03
  0.203125000      0.484375000      -3.15303206E-02  0.175814137      -1.20964207E-04
  0.234375000      0.484375000      -3.73116322E-02  0.175429597      -2.39592139E-03
  0.265625000      0.484375000      -4.25958373E-02  0.171966583      -4.93826251E-03
  0.296875000      0.484375000      -4.73568253E-02  0.165375680      -7.67877977E-03
  0.328125000      0.484375000      -5.15827648E-02  0.155667186      -1.05309132E-02
  0.359375000      0.484375000      -5.52735403E-02  0.142924398      -1.33939711E-02
  0.390625000      0.484375000      -5.84425479E-02  0.127315104      -1.61582530E-02
  0.421875000      0.484375000      -6.11211024E-02  0.109103441      -1.87121015E-02
  0.453125000      0.484375000      -6.33651316E-02   8.86567384E-02  -2.09504366E-02
  0.484375000      0.484375000      -6.52638227E-02   6.64389208E-02  -2.27837488E-02
  0.515625000      0.484375000      -6.69500977E-02   4.29800451E-02  -2.41457894E-02
  0.546875000      0.484375000      -6.86117560E-02   1.88132562E-02  -2.49977559E-02
  0.578125000      0.484375000      -7.04970956E-02  -5.62491594E-03  -2.53267772E-02
  0.609375000      0.484375000      -7.28960410E-02  -3.00723426E-02  -2.52023507E-02
  0.640625000      0.484375000      -7.61176348E-02  -5.47311492E-02  -2.46097744E-02
  0.671875000      0.484375000      -8.04554522E-02  -8.02268833E-02  -2.35708151E-02
  0.703125000      0.484375000      -8.60753357E-02 -0.107539609      -2.20881626E-02
  0.734375000      0.484375000      -9.27907079E-02 -0.137858197      -2.01376434E-02
  0.765625000      0.484375000      -9.98036116E-02 -0.172068566      -1.76775251E-02
  0.796875000      0.484375000     -0.105561927     -0.209944218      -1.46867782E-02
  0.828125000      0.484375000     -0.107827708     -0.249154657      -1.12348748E-02
  0.859375000      0.484375000     -0.103986859     -0.284161031      -7.57086277E-03
  0.890625000      0.484375000      -9.16110277E-02 -0.304877311      -4.18996159E-03
  0.921875000      0.484375000      -6.94177970E-02 -0.294858038      -1.78681931E-03
  0.953125000      0.484375000      -3.92405242E-02 -0.229283810      -9.42668470E-04
  0.984375000      0.484375000      -1.13323256E-02  -8.08931068E-02  -1.49657507E-03
   1.56250000E-02  0.515625000       3.14080040E-04   5.05875945E-02   4.85620927E-03
   4.68750000E-02  0.515625000       6.92708709E-05  0.112268984       4.71818540E-03
   7.81250000E-02  0.515625000      -2.16557062E-03  0.145687044       4.24665958E-03
  0.109375000      0.515625000      -6.12766622E-03  0.163352937       3.39102885E-03
  0.140625000      0.515625000      -1.08421454E-02  0.173219681       2.15662178E-03
  0.171875000      0.515625000      -1.56084765E-02  0.178741664       5.50858036E-04
  0.203125000      0.515625000      -2.00958885E-02  0.180978760      -1.40793365E-03
  0.234375000      0.515625000      -2.41731945E-02  0.180134147      -3.68821993E-03
  0.265625000      0.515625000      -2.78006941E-02  0.176186830      -6.24031853E-03
  0.296875000      0.515625000      -3.09771355E-02  0.169108063      -8.99524707E-03
  0.328125000      0.515625000      -3.37213948E-02  0.158921689      -1.18658366E-02
  0.359375000      0.515625000      -3.60670015E-02  0.145723760      -1.47498827E-02
  0.390625000      0.515625000      -3.80611084E-02  0.129696384      -1.75353941E-02
  0.421875000      0.515625000      -3.97649817E-02  0.111121446      -2.01079641E-02
  0.453125000      0.515625000      -4.12553027E-02   9.03886855E-02  -2.23598201E-02
  0.484375000      0.515625000      -4.26258743E-02   6.79901764E-02  -2.41995752E-02
  0.515625000      0.515625000      -4.39905897E-02   4.44918498E-02  -2.55608577E-02
  0.546875000      0.515625000      -4.54906784E-02   2.04734020E-02  -2.64075752E-02
  0.578125000      0.515625000      -4.73102629E-02  -3.57163278E-03  -2.67333761E-02
  0.609375000      0.515625000      -4.96999025E-02  -2.73299217E-02  -2.66210772E-02
  0.640625000      0.515625000      -5.29693663E-02  -5.09764254E-02  -2.60712914E-02
  0.671875000      0.515625000      -5.74803166E-02  -7.51274526E-02  -2.51191109E-02
  0.703125000      0.515625000      -6.36063516E-02 -0.100888193      -2.37821657E-02
  0.734375000      0.515625000      -7.14796185E-02 -0.129916385      -2.20421478E-02
  0.765625000      0.515625000      -8.06034505E-02 -0.163869321      -1.98424105E-02
  0.796875000      0.515625000      -8.95584971E-02 -0.203426093      -1.71185173E-02
  0.828125000      0.515625000      -9.59659815E-02 -0.246995926      -1.38688385E-02
  0.859375000      0.515625000      -9.67946798E-02 -0.289328873      -1.02613103E-02
  0.890625000      0.515625000      -8.89751613E-02 -0.319902420      -6.73800707E-03
  0.921875000      0.515625000      -7.03970566E-02 -0.320602536      -4.02283156E-03
  0.953125000      0.515625000      -4.18929234E-02 -0.262219578      -2.85084150E-03
  0.984375000      0.515625000      -1.27663044E-02 -0.104991525      -3.25942179E-03
   1.56250000E-02  0.546875000       7.57287373E-04   4.95156646E-02   3.61260935E-03
   4.68750000E-02  0.546875000       1.82893150E-03  0.112513080       3.50318337E-03
   7.81250000E-02  0.546875000       1.52159436E-03  0.147984833       3.08382488E-03
  0.109375000      0.546875000      -3.77545657E-04  0.166917548       2.27852957E-03
  0.140625000      0.546875000      -3.15980287E-03  0.177154973       1.07748364E-03
  0.171875000      0.546875000      -6.11915486E-03  0.182537645      -4.94645967E-04
  0.203125000      0.546875000      -8.85449164E-03  0.184413791      -2.41678464E-03
  0.234375000      0.546875000      -1.12111019E-02  0.183143944      -4.66084434E-03
  0.265625000      0.546875000      -1.31616294E-02  0.178768367      -7.17958622E-03
  0.296875000      0.546875000      -1.47308595E-02  0.171287477      -9.90599580E-03
  0.328125000      0.546875000      -1.59711316E-02  0.160743445      -1.27541050E-02
  0.359375000      0.546875000      -1.69532932E-02  0.147247046      -1.56219564E-02
  0.390625000      0.546875000      -1.77626777E-02  0.130993739      -1.83968414E-02
  0.421875000      0.546875000      -1.84962321E-02  0.112277865      -2.09627673E-02
  0.453125000      0.546875000      -1.92593485E-02   9.15006250E-02  -2.32097842E-02
  0.484375000      0.546875000      -2.01616697E-02   6.91642240E-02  -2.50441115E-02
  0.515625000      0.546875000      -2.13119108E-02   4.58438508E-02  -2.63974965E-02
  0.546875000      0.546875000      -2.28143204E-02   2.21330170E-02  -2.72337496E-02
  0.578125000      0.546875000      -2.47761253E-02  -1.44247781E-03  -2.75502559E-02
  0.609375000      0.546875000      -2.73413658E-02  -2.44982094E-02  -2.74375807E-02
  0.640625000      0.546875000      -3.07347625E-02  -4.71402854E-02  -2.69052237E-02
  0.671875000      0.546875000      -3.53044793E-02  -6.98785931E-02  -2.60021426E-02
  0.703125000      0.546875000      -4.15716767E-02  -9.37398821E-02  -2.47698072E-02
  0.734375000      0.546875000      -5.00093997E-02 -0.120750010      -2.32069716E-02
  0.765625000      0.546875000      -6.05574735E-02 -0.153360292      -2.12572813E-02
  0.796875000      0.546875000      -7.21300021E-02 -0.193404257      -1.88285597E-02
  0.828125000      0.546875000      -8.23556185E-02 -0.240381658      -1.58529691E-02
  0.859375000      0.546875000      -8.78313258E-02 -0.289636135      -1.24057047E-02
  0.890625000      0.546875000      -8.48155320E-02 -0.330428421      -8.84620380E-03
  0.921875000      0.546875000      -7.02984110E-02 -0.343170285      -5.88851795E-03
  0.953125000      0.546875000      -4.40021567E-02 -0.294451237      -4.39671101E-03
  0.984375000      0.546875000      -1.40652237E-02 -0.131822884      -4.63537592E-03
   1.56250000E-02  0.578125000       1.12600776E-03   4.76320609E-02   2.54492788E-03
   4.68750000E-02  0.578125000       3.34981969E-03  0.111100778       2.47187424E-03
   7.81250000E-02  0.578125000       4.79307910E-03  0.148261458       2.09557521E-03
  0.109375000      0.578125000       4.84348089E-03  0.168491244       1.35108829E-03
  0.140625000      0.578125000       3.97727545E-03  0.179233193       2.27066121E-04
  0.171875000      0.578125000       2.84568476E-03  0.184556127      -1.26624922E-03
  0.203125000      0.578125000       1.87337841E-03  0.186111227      -3.11162346E-03
  0.234375000      0.578125000       1.23953132E-03  0.184447765      -5.27858455E-03
  0.265625000      0.578125000       9.74482857E-04  0.179693252      -7.72282295E-03
  0.296875000      0.578125000       1.03092042E-03  0.171890378      -1.03809079E-02
  0.328125000      0.578125000       1.32193801E-03  0.161106080      -1.31698959E-02
  0.359375000      0.578125000       1.73709402E-03  0.147468269      -1.59898456E-02
  0.390625000      0.578125000       2.15034490E-03  0.131185323      -1.87289193E-02
  0.421875000      0.578125000       2.42590625E-03  0.112560079      -2.12708004E-02
  0.453125000      0.578125000       2.42456305E-03   9.19971839E-02  -2.35039536E-02
  0.484375000      0.578125000       2.01104209E-03   6.99959397E-02  -2.53318399E-02
  0.515625000      0.578125000       1.06195628E-03   4.71218452E-02  -2.66824327E-02
  0.546875000      0.578125000      -5.23343449E-04   2.39511058E-02  -2.75158994E-02
  0.578125000      0.578125000      -2.80300062E-03   9.87506704E-04  -2.78291889E-02
  0.609375000      0.578125000      -5.77623257E-03  -2.13845037E-02  -2.77162008E-02
  0.640625000      0.578125000      -9.51289479E-03  -4.31196988E-02  -2.71853395E-02
  0.671875000      0.578125000      -1.42686646E-02  -6.45700917E-02  -2.62947250E-02
  0.703125000      0.578125000      -2.05819756E-02  -8.64646584E-02  -2.51221154E-02
  0.734375000      0.578125000      -2.91565843E-02 -0.111009926      -2.36853585E-02
  0.765625000      0.578125000      -4.04332317E-02 -0.141272873      -2.19405405E-02
  0.796875000      0.578125000      -5.39017282E-02 -0.180448040      -1.97924227E-02
  0.828125000      0.578125000      -6.74370229E-02 -0.229574591      -1.71200205E-02
  0.859375000      0.578125000      -7.73748457E-02 -0.285027653      -1.39028840E-02
  0.890625000      0.578125000      -7.92874396E-02 -0.336138546      -1.03946859E-02
  0.921875000      0.578125000      -6.91903681E-02 -0.362073302      -7.26170093E-03
  0.953125000      0.578125000      -4.55797128E-02 -0.325454503      -5.46531985E-03
  0.984375000      0.578125000      -1.52239697E-02 -0.161112010      -5.51393861E-03
   1.56250000E-02  0.609375000       1.40205503E-03   4.51037735E-02   1.66454678E-03
   4.68750000E-02  0.609375000       4.57012234E-03  0.108236909       1.63024198E-03
   7.81250000E-02  0.609375000       7.54845794E-03  0.146704108       1.31091755E-03
  0.109375000      0.609375000       9.38946381E-03  0.168158770       6.46193628E-04
  0.140625000      0.609375000       1.03566460E-02  0.179467991      -3.80140089E-04
  0.171875000      0.609375000       1.10199433E-02  0.184795082      -1.76408817E-03
  0.203125000      0.609375000       1.18037499E-02  0.186068624      -3.49360984E-03
  0.234375000      0.609375000       1.29006412E-02  0.184037626      -5.54558029E-03
  0.265625000      0.609375000       1.43358652E-02  0.178945780      -7.88106956E-03
  0.296875000      0.609375000       1.60370022E-02  0.170894682      -1.04409168E-02
  0.328125000      0.609375000       1.78800486E-02  0.159983397      -1.31450016E-02
  0.359375000      0.609375000       1.97126959E-02  0.146359429      -1.58947334E-02
  0.390625000      0.609375000       2.13667545E-02  0.130243003      -1.85783133E-02
  0.421875000      0.609375000       2.26671435E-02  0.111941740      -2.10784525E-02
  0.453125000      0.609375000       2.34410577E-02   9.18567926E-02  -2.32819114E-02
  0.484375000      0.609375000       2.35287175E-02   7.04741925E-02  -2.50899810E-02
  0.515625000      0.609375000       2.27964465E-02   4.83349413E-02  -2.64283530E-02
  0.546875000      0.609375000       2.11537760E-02   2.59739831E-02  -2.72546001E-02
  0.578125000      0.609375000       1.85794756E-02   3.82483331E-03  -2.75609791E-02
  0.609375000      0.609375000       1.51759181E-02  -1.78401694E-02  -2.74466723E-02
  0.640625000      0.609375000       1.09735597E-02  -3.87211516E-02  -2.69292574E-02
  0.671875000      0.609375000       5.75661566E-03  -5.89927360E-02  -2.60752775E-02
  0.703125000      0.609375000      -8.36412190E-04  -7.91329294E-02  -2.49310508E-02
  0.734375000      0.609375000      -9.40438081E-03 -0.101196639      -2.35683266E-02
  0.765625000      0.609375000      -2.08460111E-02 -0.128365681      -2.19562836E-02
  0.796875000      0.609375000      -3.54398750E-02 -0.165290937      -2.00380832E-02
  0.828125000      0.609375000      -5.16171083E-02 -0.215017557      -1.76556855E-02
  0.859375000      0.609375000      -6.56732842E-02 -0.275589466      -1.46972612E-02
  0.890625000      0.609375000      -7.25233406E-02 -0.336813271      -1.12952152E-02
  0.921875000      0.609375000      -6.71328008E-02 -0.376885831      -8.03479552E-03
  0.953125000      0.609375000      -4.66434732E-02 -0.354742050      -5.94237261E-03
  0.984375000      0.609375000      -1.62439253E-02 -0.192580104      -5.77972736E-03
   1.56250000E-02  0.640625000       1.57456088E-03   4.21268567E-02   9.69703600E-04
   4.68750000E-02  0.640625000       5.44058485E-03  0.104179256       9.73377668E-04
   7.81250000E-02  0.640625000       9.68640391E-03  0.143537670       7.23001314E-04
  0.109375000      0.640625000       1.31113902E-02  0.166060373       1.60966476E-04
  0.140625000      0.640625000       1.57896020E-02  0.177923724      -7.37693335E-04
  0.171875000      0.640625000       1.81917809E-02  0.183278590      -1.97974313E-03
  0.203125000      0.640625000       2.07135472E-02  0.184286565      -3.56221804E-03
  0.234375000      0.640625000       2.35414039E-02  0.181904331      -5.47006587E-03
  0.265625000      0.640625000       2.66854614E-02  0.176511377      -7.67063862E-03
  0.296875000      0.640625000       3.00437734E-02  0.168283105      -1.01094209E-02
  0.328125000      0.640625000       3.34531516E-02  0.157357395      -1.27092041E-02
  0.359375000      0.640625000       3.67189795E-02  0.143902496      -1.53727112E-02
  0.390625000      0.640625000       3.96323390E-02  0.128148019      -1.79882441E-02
  0.421875000      0.640625000       4.19822447E-02  0.110401213      -2.04377007E-02
  0.453125000      0.640625000       4.35675010E-02   9.10516605E-02  -2.26064250E-02
  0.484375000      0.640625000       4.42097783E-02   7.05611929E-02  -2.43937913E-02
  0.515625000      0.640625000       4.37671542E-02   4.94326875E-02  -2.57229879E-02
  0.546875000      0.640625000       4.21445072E-02   2.81494986E-02  -2.65479870E-02
  0.578125000      0.640625000       3.93027477E-02   7.07161380E-03  -2.68548504E-02
  0.609375000      0.640625000       3.53687555E-02  -1.37445442E-02  -2.67346092E-02
  0.640625000      0.640625000       3.04564945E-02  -3.36983316E-02  -2.62062345E-02
  0.671875000      0.640625000       2.45458130E-02  -5.28848469E-02  -2.53341142E-02
  0.703125000      0.640625000       1.75962076E-02  -7.16956258E-02  -2.41934247E-02
  0.734375000      0.640625000       9.12815332E-03  -9.15957838E-02  -2.28754543E-02
  0.765625000      0.640625000      -2.14840239E-03 -0.115246594      -2.13921424E-02
  0.796875000      0.640625000      -1.71997696E-02 -0.148763448      -1.96320824E-02
  0.828125000      0.640625000      -3.52377668E-02 -0.197328910      -1.74920559E-02
  0.859375000      0.640625000      -5.29093295E-02 -0.261549950      -1.47785330E-02
  0.890625000      0.640625000      -6.45924583E-02 -0.332319677      -1.14938524E-02
  0.921875000      0.640625000      -6.41388670E-02 -0.387224138      -8.11587647E-03
  0.953125000      0.640625000      -4.71896753E-02 -0.381843269      -5.71039692E-03
  0.984375000      0.640625000      -1.71223339E-02 -0.225946873      -5.30491443E-03
   1.56250000E-02  0.671875000       1.63390511E-03   3.89178917E-02   4.47741826E-04
   4.68750000E-02  0.671875000       5.91075420E-03   9.92443860E-02   4.86100267E-04
   7.81250000E-02  0.671875000       1.10940561E-02  0.139042839       3.15865705E-04
  0.109375000      0.671875000       1.58411264E-02  0.162383497      -1.17288066E-04
  0.140625000      0.671875000       2.00703815E-02  0.174694896      -8.52901489E-04
  0.171875000      0.671875000       2.41388902E-02  0.180040330      -1.91578106E-03
  0.203125000      0.671875000       2.83799134E-02  0.180767775      -3.31738126E-03
  0.234375000      0.671875000       3.29454988E-02  0.178037718      -5.05288597E-03
  0.265625000      0.671875000       3.78143787E-02  0.172375351      -7.09651131E-03
  0.296875000      0.671875000       4.28477749E-02  0.164039686      -9.39798262E-03
  0.328125000      0.671875000       4.78413329E-02  0.153211609      -1.18822427E-02
  0.359375000      0.671875000       5.25593869E-02  0.140078992      -1.44526064E-02
  0.390625000      0.671875000       5.67560047E-02  0.124876335      -1.69968605E-02
  0.421875000      0.671875000       6.01900443E-02  0.107903242      -1.93957202E-02
  0.453125000      0.671875000       6.26389533E-02   8.95286649E-02  -2.15328820E-02
  0.484375000      0.671875000       6.39131516E-02   7.01794028E-02  -2.33055837E-02
  0.515625000      0.671875000       6.38701618E-02   5.03099933E-02  -2.46342719E-02
  0.546875000      0.671875000       6.24248721E-02   3.03482618E-02  -2.54696049E-02
  0.578125000      0.671875000       5.95483072E-02   1.05976630E-02  -2.57950071E-02
  0.609375000      0.671875000       5.52271716E-02  -9.01036337E-03  -2.56493986E-02
  0.640625000      0.671875000       4.95698527E-02  -2.78588999E-02  -2.51271520E-02
  0.671875000      0.671875000       4.27593663E-02  -4.59999144E-02  -2.42448393E-02
  0.703125000      0.671875000       3.48756872E-02  -6.37447536E-02  -2.30828580E-02
  0.734375000      0.671875000       2.57990882E-02  -8.20000693E-02  -2.17245482E-02
  0.765625000      0.671875000       1.50038637E-02 -0.102769174      -2.02334728E-02
  0.796875000      0.671875000       5.06063458E-04 -0.131690964      -1.86589919E-02
  0.828125000      0.671875000      -1.85569786E-02 -0.177300259      -1.66962743E-02
  0.859375000      0.671875000      -3.91694382E-02 -0.243295133      -1.41756646E-02
  0.890625000      0.671875000      -5.54552563E-02 -0.322606742      -1.09684477E-02
  0.921875000      0.671875000      -6.01279512E-02 -0.392719805      -7.42441975E-03
  0.953125000      0.671875000      -4.71585244E-02 -0.406268567      -4.63816989E-03
  0.984375000      0.671875000      -1.78397577E-02 -0.260909975      -3.93352006E-03
   1.56250000E-02  0.703125000       1.56538852E-03   3.57177705E-02   7.69761537E-05
   4.68750000E-02  0.703125000       5.91218611E-03   9.38191265E-02   1.44386126E-04
   7.81250000E-02  0.703125000       1.16287395E-02  0.133566707       6.63051032E-05
  0.109375000      0.703125000       1.73790008E-02  0.157361537      -2.07309742E-04
  0.140625000      0.703125000       2.29696985E-02  0.169897348      -7.38724833E-04
  0.171875000      0.703125000       2.86276881E-02  0.175113469      -1.58086338E-03
  0.203125000      0.703125000       3.45825702E-02  0.175502867      -2.76653981E-03
  0.234375000      0.703125000       4.09135371E-02  0.172412455      -4.30402253E-03
  0.265625000      0.703125000       4.75438163E-02  0.166510060      -6.17441768E-03
  0.296875000      0.703125000       5.42867146E-02  0.158139348      -8.33034422E-03
  0.328125000      0.703125000       6.08943179E-02  0.147523105      -1.06971385E-02
  0.359375000      0.703125000       6.70925677E-02  0.134864628      -1.31770670E-02
  0.390625000      0.703125000       7.26040825E-02  0.120396480      -1.56561434E-02
  0.421875000      0.703125000       7.71644562E-02  0.104402378      -1.80129949E-02
  0.453125000      0.703125000       8.05365816E-02   8.72213915E-02  -2.01290026E-02
  0.484375000      0.703125000       8.25241953E-02   6.92364797E-02  -2.18986832E-02
  0.515625000      0.703125000       8.29834417E-02   5.08467183E-02  -2.32389607E-02
  0.546875000      0.703125000       8.18274170E-02   3.24212760E-02  -2.40958799E-02
  0.578125000      0.703125000       7.90114105E-02   1.42240878E-02  -2.44472437E-02
  0.609375000      0.703125000       7.44592249E-02  -3.75797716E-03  -2.42999271E-02
  0.640625000      0.703125000       6.82703927E-02  -2.12607831E-02  -2.37850845E-02
  0.671875000      0.703125000       6.06809407E-02  -3.81946936E-02  -2.28946842E-02
  0.703125000      0.703125000       5.18191680E-02  -5.48019782E-02  -2.17040218E-02
  0.734375000      0.703125000       4.17311601E-02  -7.17764944E-02  -2.02939902E-02
  0.765625000      0.703125000       3.02628465E-02  -9.07282904E-02  -1.87382307E-02
  0.796875000      0.703125000       1.66219790E-02 -0.115593120      -1.70869567E-02
  0.828125000      0.703125000      -1.77884148E-03 -0.155935079      -1.53477099E-02
  0.859375000      0.703125000      -2.44177077E-02 -0.221410736      -1.29438471E-02
  0.890625000      0.703125000      -4.49091494E-02 -0.307716489      -9.71873384E-03
  0.921875000      0.703125000      -5.48629463E-02 -0.392986953      -5.87828085E-03
  0.953125000      0.703125000      -4.63879257E-02 -0.427449852      -2.55780853E-03
  0.984375000      0.703125000      -1.83438770E-02 -0.297095209      -1.45022199E-03
   1.56250000E-02  0.734375000       1.33443088E-03   3.28167155E-02  -1.72202213E-04
   4.68750000E-02  0.734375000       5.32306917E-03   8.83820429E-02  -8.29143100E-05
   7.81250000E-02  0.734375000       1.10817356E-02  0.127525851      -5.25557844E-05
  0.109375000      0.734375000       1.74703430E-02  0.151261389      -1.28662810E-04
  0.140625000      0.734375000       2.42254026E-02  0.163650587      -4.08404041E-04
  0.171875000      0.734375000       3.14142928E-02  0.168513656      -9.85201099E-04
  0.203125000      0.734375000       3.91099751E-02  0.168454275      -1.92105246E-03
  0.234375000      0.734375000       4.72699590E-02  0.164974421      -3.23993969E-03
  0.265625000      0.734375000       5.57303801E-02  0.158864021      -4.92884824E-03
  0.296875000      0.734375000       6.42421916E-02  0.150539488      -6.94064703E-03
  0.328125000      0.734375000       7.25114346E-02  0.140256807      -9.19819809E-03
  0.359375000      0.734375000       8.02298263E-02  0.128226340      -1.16002597E-02
  0.390625000      0.734375000       8.70957375E-02  0.114670157      -1.40292477E-02
  0.421875000      0.734375000       9.28294584E-02   9.98475254E-02  -1.63604375E-02
  0.453125000      0.734375000       9.71860290E-02   8.40600133E-02  -1.84720736E-02
  0.484375000      0.734375000       9.99662802E-02   6.76414892E-02  -2.02553235E-02
  0.515625000      0.734375000      0.101024240       5.09346761E-02  -2.16229875E-02
  0.546875000      0.734375000      0.100265831       3.42564508E-02  -2.25156527E-02
  0.578125000      0.734375000       9.76289958E-02   1.78490020E-02  -2.29039416E-02
  0.609375000      0.734375000       9.30271000E-02   1.77705777E-03  -2.27854475E-02
  0.640625000      0.734375000       8.65579918E-02  -1.41332271E-02  -2.22775377E-02
  0.671875000      0.734375000       7.84259140E-02  -2.95971483E-02  -2.13817377E-02
  0.703125000      0.734375000       6.87498003E-02  -4.48590890E-02  -2.01592427E-02
  0.734375000      0.734375000       5.76573610E-02  -6.05374351E-02  -1.86845362E-02
  0.765625000      0.734375000       4.51939516E-02  -7.80352205E-02  -1.70302819E-02
  0.796875000      0.734375000       3.11011970E-02 -0.100553334      -1.52510749E-02
  0.828125000      0.734375000       1.39878634E-02 -0.135462731      -1.33533627E-02
  0.859375000      0.734375000      -8.48302338E-03 -0.196776584      -1.11500463E-02
  0.890625000      0.734375000      -3.25175598E-02 -0.287829041      -7.74523290E-03
  0.921875000      0.734375000      -4.78584282E-02 -0.387585044      -3.36616789E-03
  0.953125000      0.734375000      -4.45451513E-02 -0.444646090       7.79317692E-04
  0.984375000      0.734375000      -1.85261331E-02 -0.333967626       2.47797580E-03
   1.56250000E-02  0.765625000       8.49820266E-04   3.06307450E-02  -3.39037477E-04
   4.68750000E-02  0.765625000       3.89169622E-03   8.35336596E-02  -2.31523212E-04
   7.81250000E-02  0.765625000       9.11494344E-03  0.121388182      -6.49355497E-05
  0.109375000      0.765625000       1.57740526E-02  0.144347548       1.05342187E-04
  0.140625000      0.765625000       2.35363618E-02  0.156044006       1.30465443E-04
  0.171875000      0.765625000       3.22531909E-02  0.160212696      -1.36418588E-04
  0.203125000      0.765625000       4.17744480E-02  0.159538180      -7.93746673E-04
  0.234375000      0.765625000       5.18783480E-02  0.155628592      -1.88236823E-03
  0.265625000      0.765625000       6.22780658E-02  0.149353981      -3.39241512E-03
  0.296875000      0.765625000       7.26472437E-02  0.141175151      -5.27285459E-03
  0.328125000      0.765625000       8.26449618E-02  0.131362915      -7.44013395E-03
  0.359375000      0.765625000       9.19353142E-02  0.120121889      -9.78646055E-03
  0.390625000      0.765625000      0.100201793      0.107653737      -1.21885650E-02
  0.421875000      0.765625000      0.107158676       9.41853374E-02  -1.45171080E-02
  0.453125000      0.765625000      0.112560824       7.99753517E-02  -1.66464485E-02
  0.484375000      0.765625000      0.116211690       6.53062612E-02  -1.84640586E-02
  0.515625000      0.765625000      0.117967702       5.04660942E-02  -1.98785625E-02
  0.546875000      0.765625000      0.117736377       3.57236527E-02  -2.08254866E-02
  0.578125000      0.765625000      0.115465015       2.12975144E-02  -2.12697461E-02
  0.609375000      0.765625000      0.111117706       7.28389621E-03  -2.12043524E-02
  0.640625000      0.765625000      0.104652792      -6.70119654E-03  -2.06949152E-02
  0.671875000      0.765625000       9.61853862E-02  -2.04260927E-02  -1.98083892E-02
  0.703125000      0.765625000       8.59360322E-02  -3.41023020E-02  -1.85567327E-02
  0.734375000      0.765625000       7.40570575E-02  -4.83217277E-02  -1.70065016E-02
  0.765625000      0.765625000       6.06692247E-02  -6.43999875E-02  -1.52196791E-02
  0.796875000      0.765625000       4.57842201E-02  -8.52126479E-02  -1.32398680E-02
  0.828125000      0.765625000       2.89781690E-02 -0.116887465      -1.10659972E-02
  0.859375000      0.765625000       7.91109540E-03 -0.171818927      -8.61463882E-03
  0.890625000      0.765625000      -1.74914189E-02 -0.263356149      -5.00137266E-03
  0.921875000      0.765625000      -3.82354707E-02 -0.375980765       3.03242006E-04
  0.953125000      0.765625000      -4.10162769E-02 -0.456791520       5.78108849E-03
  0.984375000      0.765625000      -1.81841273E-02 -0.370681226       8.40722769E-03
   1.56250000E-02  0.796875000      -9.45784486E-05   2.98732240E-02  -4.85054392E-04
   4.68750000E-02  0.796875000       1.11716276E-03   8.00324082E-02  -3.35901510E-04
   7.81250000E-02  0.796875000       5.17291762E-03  0.115604684       1.86882789E-05
  0.109375000      0.796875000       1.18365474E-02  0.136802673       4.95861692E-04
  0.140625000      0.796875000       2.05747373E-02  0.147083193       8.80048552E-04
  0.171875000      0.796875000       3.09250765E-02  0.150102079       9.62046790E-04
  0.203125000      0.796875000       4.24458981E-02  0.148603961       6.00966974E-04
  0.234375000      0.796875000       5.46737202E-02  0.144230381      -2.59480788E-04
  0.265625000      0.796875000       6.71651438E-02  0.137862712      -1.60728558E-03
  0.296875000      0.796875000       7.95070976E-02  0.129959434      -3.38178268E-03
  0.328125000      0.796875000       9.13163349E-02  0.120778188      -5.48838917E-03
  0.359375000      0.796875000      0.102239989      0.110501140      -7.80962175E-03
  0.390625000      0.796875000      0.111958846       9.92991775E-02  -1.02146212E-02
  0.421875000      0.796875000      0.120192468       8.73602778E-02  -1.25684403E-02
  0.453125000      0.796875000      0.126705006       7.48968124E-02  -1.47411926E-02
  0.484375000      0.796875000      0.131310314       6.21393919E-02  -1.66166741E-02
  0.515625000      0.796875000      0.133874699       4.93225604E-02  -1.80996787E-02
  0.546875000      0.796875000      0.134316236       3.66658717E-02  -1.91212483E-02
  0.578125000      0.796875000      0.132600158       2.43503321E-02  -1.96415111E-02
  0.609375000      0.796875000      0.128719062       1.24657284E-02  -1.96501389E-02
  0.640625000      0.796875000      0.122533992       7.71836494E-04  -1.91637538E-02
  0.671875000      0.796875000      0.114129111      -1.10233501E-02  -1.82848275E-02
  0.703125000      0.796875000      0.103778362      -2.29028873E-02  -1.70075689E-02
  0.734375000      0.796875000       9.15936679E-02  -3.54569778E-02  -1.53748468E-02
  0.765625000      0.796875000       7.76912570E-02  -4.99757156E-02  -1.34227574E-02
  0.796875000      0.796875000       6.21613637E-02  -6.92251623E-02  -1.11594219E-02
  0.828125000      0.796875000       4.49528508E-02  -9.88655537E-02  -8.52748007E-03
  0.859375000      0.796875000       2.54213512E-02 -0.149249479      -5.34690917E-03
  0.890625000      0.796875000       7.34625850E-04 -0.235845476      -1.27338001E-03
  0.921875000      0.796875000      -2.44924817E-02 -0.357530951       5.48065500E-03
  0.953125000      0.796875000      -3.47148143E-02 -0.462249935       1.31432153E-02
  0.984375000      0.796875000      -1.69552490E-02 -0.405825138       1.73026249E-02
   1.56250000E-02  0.828125000      -1.68196915E-03   3.16468738E-02  -6.58517471E-04
   4.68750000E-02  0.828125000      -3.66592547E-03   7.90243745E-02  -4.79525421E-04
   7.81250000E-02  0.828125000      -1.61403813E-03  0.110497549       1.92534208E-04
  0.109375000      0.828125000       5.06862067E-03  0.128555834       1.06381497E-03
  0.140625000      0.828125000       1.50412675E-02  0.136611640       1.84930430E-03
  0.171875000      0.828125000       2.73143016E-02  0.137943357       2.30719172E-03
  0.203125000      0.828125000       4.11381498E-02  0.135412395       2.24263268E-03
  0.234375000      0.828125000       5.57468310E-02  0.130581781       1.58952246E-03
  0.265625000      0.828125000       7.05230534E-02  0.124242470       3.70942405E-04
  0.296875000      0.828125000       8.49745721E-02  0.116787702      -1.33574184E-03
  0.328125000      0.828125000       9.86917615E-02  0.108427644      -3.42040695E-03
  0.359375000      0.828125000      0.111322097       9.93041843E-02  -5.75335557E-03
  0.390625000      0.828125000      0.122559614       8.95480886E-02  -8.19496345E-03
  0.421875000      0.828125000      0.132142991       7.93039352E-02  -1.06043098E-02
  0.453125000      0.828125000      0.139857501       6.87362403E-02  -1.28473965E-02
  0.484375000      0.828125000      0.145537958       5.80243319E-02  -1.48047563E-02
  0.515625000      0.828125000      0.149070323       4.73504961E-02  -1.63778495E-02
  0.546875000      0.828125000      0.150391266       3.68841439E-02  -1.74936559E-02
  0.578125000      0.828125000      0.149485081       2.67618410E-02  -1.81069877E-02
  0.609375000      0.828125000      0.146372601       1.70539618E-02  -1.82004198E-02
  0.640625000      0.828125000      0.141065180       7.68084265E-03  -1.77810285E-02
  0.671875000      0.828125000      0.133402318      -1.86140137E-03  -1.68884210E-02
  0.703125000      0.828125000      0.123519629      -1.18298419E-02  -1.55998515E-02
  0.734375000      0.828125000      0.111736998      -2.25629546E-02  -1.38870813E-02
  0.765625000      0.828125000       9.80988890E-02  -3.53315286E-02  -1.17455851E-02
  0.796875000      0.828125000       8.26443061E-02  -5.28894886E-02  -9.11658444E-03
  0.828125000      0.828125000       6.53740242E-02  -8.07295740E-02  -5.83185861E-03
  0.859375000      0.828125000       4.59756628E-02 -0.128465310      -1.51941262E-03
  0.890625000      0.828125000       2.31841784E-02 -0.209163487       4.43577301E-03
  0.921875000      0.828125000      -4.18963796E-03 -0.331625998       1.26942918E-02
  0.953125000      0.828125000      -2.37207506E-02 -0.458416790       2.40327995E-02
  0.984375000      0.828125000      -1.41830761E-02 -0.436969280       3.08629759E-02
   1.56250000E-02  0.859375000      -4.45423508E-03   3.77795063E-02  -9.61559301E-04
   4.68750000E-02  0.859375000      -1.12886745E-02   8.17019343E-02  -6.96178176E-04
   7.81250000E-02  0.859375000      -1.18657863E-02  0.106335700       3.89659748E-04
  0.109375000      0.859375000      -5.05460845E-03  0.119213879       1.79390924E-03
  0.140625000      0.859375000       6.80587208E-03  0.124110296       3.03212786E-03
  0.171875000      0.859375000       2.16882918E-02  0.123279437       3.88462003E-03
  0.203125000      0.859375000       3.83242294E-02  0.119607866       4.09498345E-03
  0.234375000      0.859375000       5.56667820E-02  0.114428341       3.60649242E-03
  0.265625000      0.859375000       7.29669333E-02  0.108315349       2.46790424E-03
  0.296875000      0.859375000       8.96971449E-02  0.101531811       7.80794304E-04
  0.328125000      0.859375000      0.105455592       9.42095593E-02  -1.32597797E-03
  0.359375000      0.859375000      0.119915865       8.64360109E-02  -3.70946014E-03
  0.390625000      0.859375000      0.132805467       7.82956928E-02  -6.22124504E-03
  0.421875000      0.859375000      0.143898994       6.98876083E-02  -8.71488638E-03
  0.453125000      0.859375000      0.153017700       6.13284372E-02  -1.10528972E-02
  0.484375000      0.859375000      0.160031229       5.27475327E-02  -1.31132649E-02
  0.515625000      0.859375000      0.164858609       4.42766547E-02  -1.47948749E-02
  0.546875000      0.859375000      0.167467564       3.60364318E-02  -1.60212480E-02
  0.578125000      0.859375000      0.167871028       2.81195529E-02  -1.67421196E-02
  0.609375000      0.859375000      0.166118920       2.05667801E-02  -1.69326439E-02
  0.640625000      0.859375000      0.162275672       1.33231562E-02  -1.65899061E-02
  0.671875000      0.859375000      0.156326979       6.11066539E-03  -1.57259367E-02
  0.703125000      0.859375000      0.148093134      -1.68442412E-03  -1.43730147E-02
  0.734375000      0.859375000      0.137780130      -1.06138494E-02  -1.25882989E-02
  0.765625000      0.859375000      0.125644997      -2.15108991E-02  -1.02421660E-02
  0.796875000      0.859375000      0.111563891      -3.71806771E-02  -7.15839025E-03
  0.828125000      0.859375000       9.53934193E-02  -6.30068704E-02  -2.97852978E-03
  0.859375000      0.859375000       7.65900314E-02 -0.107998595       2.99222022E-03
  0.890625000      0.859375000       5.36991730E-02 -0.183963031       1.18236216E-02
  0.921875000      0.859375000       2.46586073E-02 -0.300429553       2.44207792E-02
  0.953125000      0.859375000      -4.43615112E-03 -0.441006422       4.03528959E-02
  0.984375000      0.859375000      -8.60546995E-03 -0.459764957       5.21009676E-02
   1.56250000E-02  0.890625000      -9.14790854E-03   5.13773859E-02  -1.78517168E-03
   4.68750000E-02  0.890625000      -2.27736067E-02   8.85543525E-02  -1.21734606E-03
   7.81250000E-02  0.890625000      -2.54173260E-02  0.102692559       5.72762045E-04
  0.109375000      0.890625000      -1.73924863E-02  0.108008668       2.68756854E-03
  0.140625000      0.890625000      -2.49075331E-03  0.108540446       4.41521453E-03
  0.171875000      0.890625000       1.61561985E-02  0.105307177       5.65378973E-03
  0.203125000      0.890625000       3.64113748E-02  0.100677259       6.09401055E-03
  0.234375000      0.890625000       5.69892377E-02   9.54287127E-02   5.70710143E-03
  0.265625000      0.890625000       7.71690458E-02   8.98278654E-02   4.58864635E-03
  0.296875000      0.890625000       9.64795798E-02   8.39745328E-02   2.86985561E-03
  0.328125000      0.890625000      0.114577740       7.79094398E-02   6.98737160E-04
  0.359375000      0.890625000      0.131194919       7.16609135E-02  -1.76949892E-03
  0.390625000      0.890625000      0.146114618       6.52662590E-02  -4.37888596E-03
  0.421875000      0.890625000      0.159165278       5.87795824E-02  -6.97858306E-03
  0.453125000      0.890625000      0.170219570       5.22714406E-02  -9.42860730E-03
  0.484375000      0.890625000      0.179195613       4.58235107E-02  -1.16053000E-02
  0.515625000      0.890625000      0.186057508       3.95198986E-02  -1.34058110E-02
  0.546875000      0.890625000      0.190813482       3.34361792E-02  -1.47510096E-02
  0.578125000      0.890625000      0.193510771       2.76260022E-02  -1.55862272E-02
  0.609375000      0.890625000      0.194225848       2.21030079E-02  -1.58794858E-02
  0.640625000      0.890625000      0.193047434       1.68127306E-02  -1.56167848E-02
  0.671875000      0.890625000      0.190041512       1.15780625E-02  -1.47936698E-02
  0.703125000      0.890625000      0.185155779       5.96808549E-03  -1.34014431E-02
  0.734375000      0.890625000      0.178083152      -8.82707536E-04  -1.14102419E-02
  0.765625000      0.890625000      0.168938473      -9.96694714E-03  -8.85720644E-03
  0.796875000      0.890625000      0.157881945      -2.35948469E-02  -5.19772107E-03
  0.828125000      0.890625000      0.144352213      -4.69038077E-02   2.29432131E-04
  0.859375000      0.890625000      0.126977503      -8.79384428E-02   8.63138027E-03
  0.890625000      0.890625000      0.102986686     -0.157159656       2.18256619E-02
  0.921875000      0.890625000       6.90968782E-02 -0.264323354       4.14428711E-02
  0.953125000      0.890625000       2.70716455E-02 -0.406015158       6.62388653E-02
  0.984375000      0.890625000       2.42180377E-03 -0.465956986       8.63231868E-02
   1.56250000E-02  0.921875000      -1.56991836E-02   7.62195736E-02  -4.32385039E-03
   4.68750000E-02  0.921875000      -3.58318686E-02   9.74591672E-02  -2.53465399E-03
   7.81250000E-02  0.921875000      -3.62309292E-02   9.68170315E-02   6.08115050E-04
  0.109375000      0.921875000      -2.32537352E-02   9.28676128E-02   3.71014210E-03
  0.140625000      0.921875000      -2.56713945E-03   8.80778208E-02   6.00749627E-03
  0.171875000      0.921875000       2.16292590E-02   8.29109848E-02   7.57509284E-03
  0.203125000      0.921875000       4.65501882E-02   7.78827667E-02   8.15386511E-03
  0.234375000      0.921875000       7.11736530E-02   7.30092451E-02   7.79276993E-03
  0.265625000      0.921875000       9.49705616E-02   6.82607815E-02   6.63629035E-03
  0.296875000      0.921875000      0.117602885       6.35922775E-02   4.84291045E-03
  0.328125000      0.921875000      0.138828933       5.89644909E-02   2.57667014E-03
  0.359375000      0.921875000      0.158464074       5.43538444E-02   2.31075228E-06
  0.390625000      0.921875000      0.176365077       4.97557968E-02  -2.71877088E-03
  0.421875000      0.921875000      0.192425504       4.51843701E-02  -5.43287350E-03
  0.453125000      0.921875000      0.206575811       4.06690016E-02  -7.99866579E-03
  0.484375000      0.921875000      0.218784288       3.62491682E-02  -1.02917766E-02
  0.515625000      0.921875000      0.229056835       3.19677107E-02  -1.22085037E-02
  0.546875000      0.921875000      0.237433821       2.78628841E-02  -1.36679690E-02
  0.578125000      0.921875000      0.243983507       2.39589289E-02  -1.46121141E-02
  0.609375000      0.921875000      0.248790622       2.02532224E-02  -1.50028169E-02
  0.640625000      0.921875000      0.251938760       1.66966133E-02  -1.48153491E-02
  0.671875000      0.921875000      0.253483415       1.31573472E-02  -1.40267517E-02
  0.703125000      0.921875000      0.253410816       9.34687443E-03  -1.25962393E-02
  0.734375000      0.921875000      0.251569808       4.64935694E-03  -1.04325879E-02
  0.765625000      0.921875000      0.247551709      -2.34205043E-03  -7.38286693E-03
  0.796875000      0.921875000      0.241074100      -1.36948992E-02  -2.94861151E-03
  0.828125000      0.921875000      0.231276631      -3.34896669E-02   4.26338054E-03
  0.859375000      0.921875000      0.215358853      -6.80771396E-02   1.61524899E-02
  0.890625000      0.921875000      0.188384548     -0.126076460       3.56251150E-02
  0.921875000      0.921875000      0.144335166     -0.217490837       6.56685829E-02
  0.953125000      0.921875000       8.11713561E-02 -0.347684085      0.105742499    
  0.984375000      0.921875000       2.25276034E-02 -0.441017002      0.141684040    
   1.56250000E-02  0.953125000      -1.63450595E-02  0.108258389      -1.19134840E-02
   4.68750000E-02  0.953125000      -2.66231298E-02   9.58184898E-02  -4.95232083E-03
   7.81250000E-02  0.953125000      -7.15020299E-03   7.93688223E-02   6.82419515E-04
  0.109375000      0.953125000       2.19273251E-02   6.82448074E-02   4.97300131E-03
  0.140625000      0.953125000       5.36135212E-02   6.03105165E-02   7.93343596E-03
  0.171875000      0.953125000       8.54799971E-02   5.45978323E-02   9.66539327E-03
  0.203125000      0.953125000      0.116705760       5.00324592E-02   1.02516431E-02
  0.234375000      0.953125000      0.146801740       4.61253077E-02   9.83510725E-03
  0.265625000      0.953125000      0.175500944       4.26366962E-02   8.58906563E-03
  0.296875000      0.953125000      0.202652723       3.94238532E-02   6.68987911E-03
  0.328125000      0.953125000      0.228158414       3.63964364E-02   4.31164308E-03
  0.359375000      0.953125000      0.251945943       3.34980264E-02   1.62438781E-03
  0.390625000      0.953125000      0.273961872       3.06965634E-02  -1.20797986E-03
  0.421875000      0.953125000      0.294171214       2.79781763E-02  -4.03089589E-03
  0.453125000      0.953125000      0.312559605       2.53425613E-02  -6.70309551E-03
  0.484375000      0.953125000      0.329135418       2.27983575E-02  -9.10052098E-03
  0.515625000      0.953125000      0.343930244       2.03585327E-02  -1.11195184E-02
  0.546875000      0.953125000      0.356996834       1.80355813E-02  -1.26784388E-02
  0.578125000      0.953125000      0.368403792       1.58358812E-02  -1.37169585E-02
  0.609375000      0.953125000      0.378225803       1.37522202E-02  -1.41920447E-02
  0.640625000      0.953125000      0.386527181       1.17516164E-02  -1.40693728E-02
  0.671875000      0.953125000      0.393335134       9.75129474E-03  -1.33070098E-02
  0.703125000      0.953125000      0.398597062       7.56287202E-03  -1.18252048E-02
  0.734375000      0.953125000      0.402125418       4.74253763E-03  -9.45001841E-03
  0.765625000      0.953125000      0.403546423       1.55190821E-04  -5.81064355E-03
  0.796875000      0.953125000      0.401825875      -8.00438318E-03   8.00920475E-07
  0.828125000      0.953125000      0.394527853      -2.20991522E-02   9.70861502E-03
  0.859375000      0.953125000      0.377130508      -4.61710878E-02   2.61230841E-02
  0.890625000      0.953125000      0.342372477      -8.62725675E-02   5.35062477E-02
  0.921875000      0.953125000      0.280309230     -0.151207447       9.70211700E-02
  0.953125000      0.953125000      0.181465566     -0.251987368      0.159433216    
  0.984375000      0.953125000       6.09354712E-02 -0.357563972      0.226843417    
   1.56250000E-02  0.984375000       6.22984618E-02   6.23003133E-02  -2.95721181E-02
   4.68750000E-02  0.984375000      0.169468045       4.48738746E-02  -4.31277696E-03
   7.81250000E-02  0.984375000      0.247315556       3.29793990E-02   4.19852324E-03
  0.109375000      0.984375000      0.306573123       2.62843985E-02   8.51506181E-03
  0.140625000      0.984375000      0.354996562       2.21456364E-02   1.10912966E-02
  0.171875000      0.984375000      0.396506190       1.93706919E-02   1.24539770E-02
  0.203125000      0.984375000      0.433197618       1.73271615E-02   1.27438391E-02
  0.234375000      0.984375000      0.466218889       1.56998169E-02   1.20900236E-02
  0.265625000      0.984375000      0.496242404       1.43283950E-02   1.06465723E-02
  0.296875000      0.984375000      0.523691058       1.31236939E-02   8.57797731E-03
  0.328125000      0.984375000      0.548844934       1.20322350E-02   6.05106819E-03
  0.359375000      0.984375000      0.571897089       1.10207740E-02   3.23102158E-03
  0.390625000      0.984375000      0.592987061       1.00688897E-02   2.78007123E-04
  0.421875000      0.984375000      0.612221956       9.16478410E-03  -2.65633175E-03
  0.453125000      0.984375000      0.629691422       8.30280688E-03  -5.43313520E-03
  0.484375000      0.984375000      0.645477951       7.48142740E-03  -7.93012604E-03
  0.515625000      0.984375000      0.659663200       6.70139119E-03  -1.00447703E-02
  0.546875000      0.984375000      0.672331035       5.96410688E-03  -1.16955182E-02
  0.578125000      0.984375000      0.683566928       5.26968436E-03  -1.28208632E-02
  0.609375000      0.984375000      0.693452895       4.61460184E-03  -1.33745074E-02
  0.640625000      0.984375000      0.702056050       3.98747297E-03  -1.33149792E-02
  0.671875000      0.984375000      0.709404349       3.36035970E-03  -1.25843305E-02
  0.703125000      0.984375000      0.715429783       2.66552949E-03  -1.10629220E-02
  0.734375000      0.984375000      0.719815850       1.72205106E-03  -8.45625624E-03
  0.765625000      0.984375000      0.721549749       1.45555241E-05  -3.96941649E-03
  0.796875000      0.984375000      0.718478739      -3.08158994E-03   3.44833848E-03
  0.828125000      0.984375000      0.707066774      -8.32491834E-03   1.56553872E-02
  0.859375000      0.984375000      0.681618512      -1.71163082E-02   3.62336822E-02
  0.890625000      0.984375000      0.632761598      -3.17322686E-02   7.05267861E-02
  0.921875000      0.984375000      0.545037389      -5.59826195E-02  0.125664473    
  0.953125000      0.984375000      0.392844826      -9.61999521E-02  0.208887130    
  0.984375000      0.984375000      0.148319870     -0.148316801      0.320563257    
