 VARIABLES="X","Y","U","V","P"
 ZONE F=POINT, I=          32 , J=          32
   1.56250000E-02   1.56250000E-02   3.72461916E-04  -3.74407624E-04   1.53568108E-02
   4.68750000E-02   1.56250000E-02   1.19567767E-03  -4.53356799E-04   1.53183183E-02
   7.81250000E-02   1.56250000E-02   1.86169427E-03  -2.17812820E-04   1.51881091E-02
  0.109375000       1.56250000E-02   1.97766256E-03   9.68306340E-05   1.49877407E-02
  0.140625000       1.56250000E-02   1.46513106E-03   4.10880748E-04   1.47345047E-02
  0.171875000       1.56250000E-02   3.40104511E-04   7.09561282E-04   1.44398939E-02
  0.203125000       1.56250000E-02  -1.37828011E-03   1.00451300E-03   1.41090434E-02
  0.234375000       1.56250000E-02  -3.69266234E-03   1.30587909E-03   1.37497336E-02
  0.265625000       1.56250000E-02  -6.61418680E-03   1.61201123E-03   1.33754164E-02
  0.296875000       1.56250000E-02  -1.01379296E-02   1.90846878E-03   1.30063239E-02
  0.328125000       1.56250000E-02  -1.42217316E-02   2.17244588E-03   1.26702692E-02
  0.359375000       1.56250000E-02  -1.87730510E-02   2.37634149E-03   1.24017969E-02
  0.390625000       1.56250000E-02  -2.36427356E-02   2.49112817E-03   1.22402459E-02
  0.421875000       1.56250000E-02  -2.86255088E-02   2.48967484E-03   1.22268377E-02
  0.453125000       1.56250000E-02  -3.34666446E-02   2.34963768E-03   1.24009289E-02
  0.484375000       1.56250000E-02  -3.78735550E-02   2.05547549E-03   1.27955545E-02
  0.515625000       1.56250000E-02  -4.15305123E-02   1.59958226E-03   1.34323649E-02
  0.546875000       1.56250000E-02  -4.41155396E-02   9.83307487E-04   1.43160932E-02
  0.578125000       1.56250000E-02  -4.53217998E-02   2.20449627E-04   1.54285356E-02
  0.609375000       1.56250000E-02  -4.49017361E-02  -6.43491920E-04   1.66982375E-02
  0.640625000       1.56250000E-02  -4.25960422E-02  -1.66572898E-03   1.79999061E-02
  0.671875000       1.56250000E-02  -3.82070765E-02  -2.72732368E-03   1.92218926E-02
  0.703125000       1.56250000E-02  -3.18014026E-02  -3.68294679E-03   2.02317964E-02
  0.734375000       1.56250000E-02  -2.37540677E-02  -4.36939253E-03   2.09033638E-02
  0.765625000       1.56250000E-02  -1.47805233E-02  -4.60939761E-03   2.11506374E-02
  0.796875000       1.56250000E-02  -5.94320521E-03  -4.23321174E-03   2.09644809E-02
  0.828125000       1.56250000E-02   1.41275278E-03  -3.12791462E-03   2.04444621E-02
  0.859375000       1.56250000E-02   5.97895496E-03  -1.44322915E-03   1.97677594E-02
  0.890625000       1.56250000E-02   7.26565626E-03   1.51844084E-04   1.91243794E-02
  0.921875000       1.56250000E-02   5.92456339E-03   1.18478062E-03   1.86598562E-02
  0.953125000       1.56250000E-02   3.23079317E-03   1.50466734E-03   1.84224360E-02
  0.984375000       1.56250000E-02   8.61996145E-04   8.60662840E-04   1.84040517E-02
   1.56250000E-02   4.68750000E-02   4.46563034E-04  -1.19802915E-03   1.53942350E-02
   4.68750000E-02   4.68750000E-02   1.15285406E-03  -1.16974651E-03   1.53508522E-02
   7.81250000E-02   4.68750000E-02   1.04465033E-03  -7.09284213E-05   1.52303288E-02
  0.109375000       4.68750000E-02  -4.66222875E-04   1.33346696E-03   1.50537733E-02
  0.140625000       4.68750000E-02  -3.52539564E-03   2.73498893E-03   1.48304319E-02
  0.171875000       4.68750000E-02  -8.09791405E-03   4.07256559E-03   1.45659335E-02
  0.203125000       4.68750000E-02  -1.41061954E-02   5.35836909E-03   1.42628569E-02
  0.234375000       4.68750000E-02  -2.14402936E-02   6.59142388E-03   1.39262443E-02
  0.265625000       4.68750000E-02  -2.99342610E-02   7.73368543E-03   1.35667101E-02
  0.296875000       4.68750000E-02  -3.93477306E-02   8.71660002E-03   1.32021215E-02
  0.328125000       4.68750000E-02  -4.93640751E-02   9.45793651E-03   1.28583899E-02
  0.359375000       4.68750000E-02  -5.96020781E-02   9.87448636E-03   1.25690671E-02
  0.390625000       4.68750000E-02  -6.96352497E-02   9.89091024E-03   1.23736802E-02
  0.421875000       4.68750000E-02  -7.90130794E-02   9.44615714E-03   1.23148477E-02
  0.453125000       4.68750000E-02  -8.72807726E-02   8.49800836E-03   1.24343708E-02
  0.484375000       4.68750000E-02  -9.39963460E-02   7.02571077E-03   1.27684996E-02
  0.515625000       4.68750000E-02  -9.87451971E-02   5.03108883E-03   1.33426785E-02
  0.546875000       4.68750000E-02 -0.101152390       2.53944378E-03   1.41661745E-02
  0.578125000       4.68750000E-02 -0.100890934      -3.96253716E-04   1.52278179E-02
  0.609375000       4.68750000E-02  -9.76218879E-02  -3.72232823E-03   1.64131038E-02
  0.640625000       4.68750000E-02  -9.11753625E-02  -7.34675303E-03   1.76528227E-02
  0.671875000       4.68750000E-02  -8.16788673E-02  -1.09406672E-02   1.88266020E-02
  0.703125000       4.68750000E-02  -6.94586486E-02  -1.41055677E-02   1.98025852E-02
  0.734375000       4.68750000E-02  -5.50826266E-02  -1.63811333E-02   2.04580948E-02
  0.765625000       4.68750000E-02  -3.94138955E-02  -1.72515083E-02   2.07117349E-02
  0.796875000       4.68750000E-02  -2.36596614E-02  -1.61943808E-02   2.05589421E-02
  0.828125000       4.68750000E-02  -9.37511120E-03  -1.28187444E-02   2.00953111E-02
  0.859375000       4.68750000E-02   1.58654805E-03  -7.29126064E-03   1.95063315E-02
  0.890625000       4.68750000E-02   7.42623303E-03  -1.13695569E-03   1.89618263E-02
  0.921875000       4.68750000E-02   7.94627331E-03   3.28464690E-03   1.85771100E-02
  0.953125000       4.68750000E-02   5.02299611E-03   5.01216296E-03   1.83835924E-02
  0.984375000       4.68750000E-02   1.50875619E-03   3.22822132E-03   1.83775928E-02
   1.56250000E-02   7.81250000E-02   6.60023288E-05  -1.71595544E-03   1.55317318E-02
   4.68750000E-02   7.81250000E-02  -5.41480840E-04  -7.62667391E-04   1.54614858E-02
   7.81250000E-02   7.81250000E-02  -2.91472767E-03   1.99023681E-03   1.53351910E-02
  0.109375000       7.81250000E-02  -7.35978503E-03   5.21538081E-03   1.51657686E-02
  0.140625000       7.81250000E-02  -1.38416933E-02   8.38177931E-03   1.49561185E-02
  0.171875000       7.81250000E-02  -2.22103950E-02   1.13552175E-02   1.47029553E-02
  0.203125000       7.81250000E-02  -3.22370566E-02   1.40996017E-02   1.44025981E-02
  0.234375000       7.81250000E-02  -4.36174534E-02   1.65544655E-02   1.40555454E-02
  0.265625000       7.81250000E-02  -5.59758209E-02   1.86137166E-02   1.36695141E-02
  0.296875000       7.81250000E-02  -6.88795149E-02   2.01455168E-02   1.32611934E-02
  0.328125000       7.81250000E-02  -8.18593353E-02   2.10180506E-02   1.28569454E-02
  0.359375000       7.81250000E-02  -9.44302082E-02   2.11171508E-02   1.24923419E-02
  0.390625000       7.81250000E-02 -0.106109947       2.03560051E-02   1.22103803E-02
  0.421875000       7.81250000E-02 -0.116435304       1.86798461E-02   1.20583270E-02
  0.453125000       7.81250000E-02 -0.124974832       1.60676446E-02   1.20833311E-02
  0.484375000       7.81250000E-02 -0.131338760       1.25318747E-02   1.23271719E-02
  0.515625000       7.81250000E-02 -0.135185704       8.11688788E-03   1.28205093E-02
  0.546875000       7.81250000E-02 -0.136225879       2.89669191E-03   1.35772498E-02
  0.578125000       7.81250000E-02 -0.134219080      -3.02691129E-03   1.45656951E-02
  0.609375000       7.81250000E-02 -0.129027754      -9.55831725E-03   1.57044809E-02
  0.640625000       7.81250000E-02 -0.120686024      -1.63066164E-02   1.69253536E-02
  0.671875000       7.81250000E-02 -0.109371513      -2.28007939E-02   1.81073342E-02
  0.703125000       7.81250000E-02  -9.53819603E-02  -2.84655318E-02   1.91171598E-02
  0.734375000       7.81250000E-02  -7.91804865E-02  -3.26100625E-02   1.98294446E-02
  0.765625000       7.81250000E-02  -6.14540875E-02  -3.44298184E-02   2.01569088E-02
  0.796875000       7.81250000E-02  -4.31759916E-02  -3.30608003E-02   2.00848747E-02
  0.828125000       7.81250000E-02  -2.56607905E-02  -2.77643315E-02   1.96959302E-02
  0.859375000       7.81250000E-02  -1.05761159E-02  -1.84038207E-02   1.91611741E-02
  0.890625000       7.81250000E-02   1.14670140E-04  -6.56615943E-03   1.86628066E-02
  0.921875000       7.81250000E-02   4.66607325E-03   3.63155501E-03   1.83046870E-02
  0.953125000       7.81250000E-02   3.92503571E-03   8.31900723E-03   1.81369521E-02
  0.984375000       7.81250000E-02   1.30922231E-03   6.04253262E-03   1.81303639E-02
   1.56250000E-02  0.109375000      -6.31544564E-04  -1.15592941E-03   1.57487597E-02
   4.68750000E-02  0.109375000      -3.33034969E-03   1.97122898E-03   1.56319290E-02
   7.81250000E-02  0.109375000      -8.72984156E-03   7.01555191E-03   1.54847167E-02
  0.109375000      0.109375000      -1.64881721E-02   1.23803318E-02   1.53040672E-02
  0.140625000      0.109375000      -2.62881294E-02   1.74861085E-02   1.50810182E-02
  0.171875000      0.109375000      -3.78243737E-02   2.21439078E-02   1.48037495E-02
  0.203125000      0.109375000      -5.07456958E-02   2.62477733E-02   1.44625325E-02
  0.234375000      0.109375000      -6.46389797E-02   2.96698101E-02   1.40541960E-02
  0.265625000      0.109375000      -7.90452212E-02   3.22539173E-02   1.35852378E-02
  0.296875000      0.109375000      -9.34844613E-02   3.38403843E-02   1.30735487E-02
  0.328125000      0.109375000     -0.107477941       3.42898741E-02   1.25488536E-02
  0.359375000      0.109375000     -0.120565206       3.34980600E-02   1.20518021E-02
  0.390625000      0.109375000     -0.132316962       3.14022824E-02   1.16315493E-02
  0.421875000      0.109375000     -0.142344654       2.79832035E-02   1.13419071E-02
  0.453125000      0.109375000     -0.150307208       2.32636109E-02   1.12362606E-02
  0.484375000      0.109375000     -0.155915156       1.73053313E-02   1.13616325E-02
  0.515625000      0.109375000     -0.158932030       1.02047706E-02   1.17524285E-02
  0.546875000      0.109375000     -0.159172982       2.08702986E-03   1.24244364E-02
  0.578125000      0.109375000     -0.156497985      -6.90269563E-03   1.33331530E-02
  0.609375000      0.109375000     -0.150871634      -1.65048875E-02   1.44450227E-02
  0.640625000      0.109375000     -0.142341420      -2.62379870E-02   1.56746637E-02
  0.671875000      0.109375000     -0.130989224      -3.55434902E-02   1.69065576E-02
  0.703125000      0.109375000     -0.116985440      -4.37249020E-02   1.80085003E-02
  0.734375000      0.109375000     -0.100627258      -4.99202758E-02   1.88513212E-02
  0.765625000      0.109375000      -8.23900104E-02  -5.30940369E-02   1.93365701E-02
  0.796875000      0.109375000      -6.29919022E-02  -5.20840548E-02   1.94288883E-02
  0.828125000      0.109375000      -4.34730463E-02  -4.57864851E-02   1.91817861E-02
  0.859375000      0.109375000      -2.52932757E-02  -3.36572379E-02   1.87369697E-02
  0.890625000      0.109375000      -1.04430765E-02  -1.68644898E-02   1.82747170E-02
  0.921875000      0.109375000      -1.16162235E-03   8.66129994E-05   1.79285891E-02
  0.953125000      0.109375000       1.72634679E-03   9.70683992E-03   1.77295413E-02
  0.984375000      0.109375000       8.20029352E-04   8.16825777E-03   1.76889561E-02
   1.56250000E-02  0.140625000      -1.50416326E-03   9.74044146E-04   1.59956589E-02
   4.68750000E-02  0.140625000      -6.55208481E-03   7.57515989E-03   1.58241391E-02
   7.81250000E-02  0.140625000      -1.49702057E-02   1.52152749E-02   1.56432074E-02
  0.109375000      0.140625000      -2.56819036E-02   2.26371828E-02   1.54266357E-02
  0.140625000      0.140625000      -3.81096303E-02   2.94441525E-02   1.51534090E-02
  0.171875000      0.140625000      -5.18584810E-02   3.54589820E-02   1.48052834E-02
  0.203125000      0.140625000      -6.65403903E-02   4.05249521E-02   1.43692326E-02
  0.234375000      0.140625000      -8.17324668E-02   4.44681868E-02   1.38413273E-02
  0.265625000      0.140625000      -9.69906449E-02   4.71114889E-02   1.32297873E-02
  0.296875000      0.140625000     -0.111873403       4.82977703E-02   1.25565222E-02
  0.328125000      0.140625000     -0.125960767       4.79077809E-02   1.18570728E-02
  0.359375000      0.140625000     -0.138867050       4.58695516E-02   1.11789173E-02
  0.390625000      0.140625000     -0.150248498       4.21611518E-02   1.05782365E-02
  0.421875000      0.140625000     -0.159807384       3.68091315E-02   1.01153404E-02
  0.453125000      0.140625000     -0.167292833       2.98846848E-02   9.84890480E-03
  0.484375000      0.140625000     -0.172499433       2.14982163E-02   9.82960500E-03
  0.515625000      0.140625000     -0.175264329       1.17931422E-02   1.00934105E-02
  0.546875000      0.140625000     -0.175464481       9.38905810E-04   1.06548760E-02
  0.578125000      0.140625000     -0.173017651      -1.08779185E-02   1.14879105E-02
  0.609375000      0.140625000     -0.167872339      -2.33038384E-02   1.25710489E-02
  0.640625000      0.140625000     -0.159993649      -3.58517207E-02   1.38237756E-02
  0.671875000      0.140625000     -0.149375081      -4.79056984E-02   1.51369255E-02
  0.703125000      0.140625000     -0.136065155      -5.86830042E-02   1.63815804E-02
  0.734375000      0.140625000     -0.120199673      -6.71938062E-02   1.74251422E-02
  0.765625000      0.140625000     -0.102049120      -7.22173452E-02   1.81549545E-02
  0.796875000      0.140625000      -8.20879862E-02  -7.23297745E-02   1.85073018E-02
  0.828125000      0.140625000      -6.10960238E-02  -6.60617650E-02   1.84939094E-02
  0.859375000      0.140625000      -4.03110757E-02  -5.23569249E-02   1.82113219E-02
  0.890625000      0.140625000      -2.16468535E-02  -3.16893235E-02   1.78147722E-02
  0.921875000      0.140625000      -7.76167447E-03  -8.26506224E-03   1.74486302E-02
  0.953125000      0.140625000      -8.96360842E-04   8.29555094E-03   1.71937868E-02
  0.984375000      0.140625000       2.98207131E-04   9.28314961E-03   1.70920789E-02
   1.56250000E-02  0.171875000      -2.35431478E-03   4.82655689E-03   1.61992759E-02
   4.68750000E-02  0.171875000      -9.54303332E-03   1.59459729E-02   1.59724578E-02
   7.81250000E-02  0.171875000      -2.04797778E-02   2.61849128E-02   1.57454442E-02
  0.109375000      0.171875000      -3.34450640E-02   3.53307836E-02   1.54663026E-02
  0.140625000      0.171875000      -4.76927310E-02   4.34130691E-02   1.51042975E-02
  0.171875000      0.171875000      -6.28016293E-02   5.03360108E-02   1.46383941E-02
  0.203125000      0.171875000      -7.84032270E-02   5.59209101E-02   1.40559953E-02
  0.234375000      0.171875000      -9.41180959E-02   5.99701256E-02   1.33558102E-02
  0.265625000      0.171875000     -0.109562762       6.23049848E-02   1.25505896E-02
  0.296875000      0.171875000     -0.124368578       6.27871528E-02   1.16682686E-02
  0.328125000      0.171875000     -0.138196260       6.13294952E-02   1.07513163E-02
  0.359375000      0.171875000     -0.150744081       5.78996167E-02   9.85428691E-03
  0.390625000      0.171875000     -0.161750615       5.25182486E-02   9.03986581E-03
  0.421875000      0.171875000     -0.170993760       4.52544652E-02   8.37380253E-03
  0.453125000      0.171875000     -0.178287089       3.62194069E-02   7.91885145E-03
  0.484375000      0.171875000     -0.183474958       2.55597681E-02   7.72825815E-03
  0.515625000      0.171875000     -0.186428398       1.34518575E-02   7.83913583E-03
  0.546875000      0.171875000     -0.187043428       9.70609253E-05   8.26583244E-03
  0.578125000      0.171875000     -0.185244203      -1.42810792E-02   9.00825579E-03
  0.609375000      0.171875000     -0.180955499      -2.93345936E-02   1.00546181E-02
  0.640625000      0.171875000     -0.174089938      -4.45663854E-02   1.13346064E-02
  0.671875000      0.171875000     -0.164568186      -5.93339354E-02   1.27485497E-02
  0.703125000      0.171875000     -0.152330041      -7.28069469E-02   1.41735794E-02
  0.734375000      0.171875000     -0.137358382      -8.39125961E-02   1.54752359E-02
  0.765625000      0.171875000     -0.119724244      -9.12901685E-02   1.65258273E-02
  0.796875000      0.171875000      -9.96618941E-02  -9.32884067E-02   1.72287896E-02
  0.828125000      0.171875000      -7.76899382E-02  -8.80757719E-02   1.75448358E-02
  0.859375000      0.171875000      -5.48066571E-02  -7.40202963E-02   1.75107587E-02
  0.890625000      0.171875000      -3.27992924E-02  -5.07068224E-02   1.72374994E-02
  0.921875000      0.171875000      -1.45937102E-02  -2.13475619E-02   1.68729201E-02
  0.953125000      0.171875000      -3.62154725E-03   3.53147835E-03   1.65393557E-02
  0.984375000      0.171875000      -1.77378737E-04   9.40084364E-03   1.63522996E-02
   1.56250000E-02  0.203125000      -3.03530507E-03   1.02100335E-02   1.62684023E-02
   4.68750000E-02  0.203125000      -1.18575003E-02   2.65597180E-02   1.59927513E-02
   7.81250000E-02  0.203125000      -2.45936904E-02   3.92293781E-02   1.57097299E-02
  0.109375000      0.203125000      -3.90562862E-02   4.97003496E-02   1.53452083E-02
  0.140625000      0.203125000      -5.43972813E-02   5.86194471E-02   1.48626622E-02
  0.171875000      0.203125000      -7.01995194E-02   6.60294518E-02   1.42417876E-02
  0.203125000      0.203125000      -8.61365125E-02   7.17563555E-02   1.34735871E-02
  0.234375000      0.203125000     -0.101890787       7.55959451E-02   1.25619937E-02
  0.265625000      0.203125000     -0.117152095       7.73792267E-02   1.15261069E-02
  0.296875000      0.203125000     -0.131629869       7.69926384E-02   1.04008131E-02
  0.328125000      0.203125000     -0.145062655       7.43826032E-02   9.23557580E-03
  0.359375000      0.203125000     -0.157221675       6.95533231E-02   8.09141714E-03
  0.390625000      0.203125000     -0.167909801       6.25608340E-02   7.03663379E-03
  0.421875000      0.203125000     -0.176957503       5.35056815E-02   6.14147168E-03
  0.453125000      0.203125000     -0.184217572       4.25255075E-02   5.47215762E-03
  0.484375000      0.203125000     -0.189560771       2.97892354E-02   5.08455653E-03
  0.515625000      0.203125000     -0.192873850       1.54935839E-02   5.01780026E-03
  0.546875000      0.203125000     -0.194061503      -1.37523515E-04   5.28794155E-03
  0.578125000      0.203125000     -0.193052575      -1.68507993E-02   5.91859035E-03
  0.609375000      0.203125000     -0.189769506      -3.43337357E-02   6.91353204E-03
  0.640625000      0.203125000     -0.184102461      -5.20981997E-02   8.21436383E-03
  0.671875000      0.203125000     -0.175916970      -6.95091337E-02   9.73350182E-03
  0.703125000      0.203125000     -0.165056020      -8.57322440E-02   1.13571733E-02
  0.734375000      0.203125000     -0.151357606      -9.96603817E-02   1.29520753E-02
  0.765625000      0.203125000     -0.134697974     -0.109840721       1.43774524E-02
  0.796875000      0.203125000     -0.115072012     -0.114432082       1.55034959E-02
  0.828125000      0.203125000      -9.27298516E-02 -0.111253247       1.62354037E-02
  0.859375000      0.203125000      -6.84031248E-02  -9.80606452E-02   1.65394656E-02
  0.890625000      0.203125000      -4.36784849E-02  -7.34067410E-02   1.64642595E-02
  0.921875000      0.203125000      -2.15467960E-02  -3.89933437E-02   1.61419455E-02
  0.953125000      0.203125000      -6.41976390E-03  -4.93031787E-03   1.57448351E-02
  0.984375000      0.203125000      -6.14458229E-04   8.60613026E-03   1.54496431E-02
   1.56250000E-02  0.234375000      -3.46190413E-03   1.67010333E-02   1.61187463E-02
   4.68750000E-02  0.234375000      -1.32829156E-02   3.86981219E-02   1.58042461E-02
   7.81250000E-02  0.234375000      -2.70693339E-02   5.35988510E-02   1.54596567E-02
  0.109375000      0.234375000      -4.23315242E-02   6.50420263E-02   1.49951186E-02
  0.140625000      0.234375000      -5.81534803E-02   7.44285062E-02   1.43721141E-02
  0.171875000      0.234375000      -7.41287917E-02   8.19874629E-02   1.35735739E-02
  0.203125000      0.234375000      -8.99752975E-02   8.75733495E-02   1.25959879E-02
  0.234375000      0.234375000     -0.105436638       9.09882784E-02   1.14499312E-02
  0.265625000      0.234375000     -0.120270722       9.20782909E-02   1.01616103E-02
  0.296875000      0.234375000     -0.134255409       9.07543600E-02   8.77300091E-03
  0.328125000      0.234375000     -0.147193015       8.69917870E-02   7.34012201E-03
  0.359375000      0.234375000     -0.158910453       8.08231831E-02   5.92983188E-03
  0.390625000      0.234375000     -0.169256508       7.23294765E-02   4.61535994E-03
  0.421875000      0.234375000     -0.178097486       6.16314039E-02   3.47111747E-03
  0.453125000      0.234375000     -0.185313612       4.88826856E-02   2.56695854E-03
  0.484375000      0.234375000     -0.190797478       3.42663974E-02   1.96212041E-03
  0.515625000      0.234375000     -0.194455057       1.79945417E-02   1.69910851E-03
  0.546875000      0.234375000     -0.196209475       3.10817966E-04   1.79767353E-03
  0.578125000      0.234375000     -0.196006656      -1.85042527E-02   2.29596905E-03
  0.609375000      0.234375000     -0.193785042      -3.81793082E-02   3.22062545E-03
  0.640625000      0.234375000     -0.189433903      -5.82663603E-02   4.52552596E-03
  0.671875000      0.234375000     -0.182780206      -7.81771988E-02   6.13704743E-03
  0.703125000      0.234375000     -0.173583180      -9.71208289E-02   7.95383099E-03
  0.734375000      0.234375000     -0.161546052     -0.114007719       9.84825380E-03
  0.765625000      0.234375000     -0.146356910     -0.127344236       1.16715552E-02
  0.796875000      0.234375000     -0.127772540     -0.135142565       1.32649215E-02
  0.828125000      0.234375000     -0.105765924     -0.134896666       1.44790048E-02
  0.859375000      0.234375000      -8.07737112E-02 -0.123742417       1.52038522E-02
  0.890625000      0.234375000      -5.41110747E-02  -9.91192907E-02   1.54093243E-02
  0.921875000      0.234375000      -2.86531802E-02  -6.08778149E-02   1.51858507E-02
  0.953125000      0.234375000      -9.50800721E-03  -1.73255559E-02   1.47396317E-02
  0.984375000      0.234375000      -1.15367654E-03   6.83541456E-03   1.43340211E-02
   1.56250000E-02  0.265625000      -3.61035718E-03   2.37672031E-02   1.56900994E-02
   4.68750000E-02  0.265625000      -1.37870200E-02   5.16161248E-02   1.53487707E-02
   7.81250000E-02  0.265625000      -2.79285237E-02   6.85944855E-02   1.49424449E-02
  0.109375000      0.265625000      -4.33795229E-02   8.07465911E-02   1.43726971E-02
  0.140625000      0.265625000      -5.91683276E-02   9.03234109E-02   1.36020081E-02
  0.171875000      0.265625000      -7.48936236E-02   9.77839231E-02   1.26178386E-02
  0.203125000      0.265625000      -9.03097987E-02  0.103032649       1.14228921E-02
  0.234375000      0.265625000     -0.105211489      0.105887607       1.00347325E-02
  0.265625000      0.265625000     -0.119411916      0.106211647       8.48669838E-03
  0.296875000      0.265625000     -0.132742226      0.103936739       6.82754256E-03
  0.328125000      0.265625000     -0.145052224       9.90601555E-02   5.11941826E-03
  0.359375000      0.265625000     -0.156209171       9.16344672E-02   3.43458494E-03
  0.390625000      0.265625000     -0.166095138       8.17572773E-02   1.85104541E-03
  0.421875000      0.265625000     -0.174605221       6.95630759E-02   4.47508879E-04
  0.453125000      0.265625000     -0.181646913       5.52182123E-02  -7.02055113E-04
  0.484375000      0.265625000     -0.187141448       3.89191955E-02  -1.53422728E-03
  0.515625000      0.265625000     -0.191026092       2.08939984E-02  -2.00199732E-03
  0.546875000      0.265625000     -0.193256289       1.40572223E-03  -2.08052201E-03
  0.578125000      0.265625000     -0.193807065      -1.92420911E-02  -1.72951072E-03
  0.609375000      0.265625000     -0.192646265      -4.08157520E-02  -8.94824043E-04
  0.640625000      0.265625000     -0.189679682      -6.29407167E-02   3.89069319E-04
  0.671875000      0.265625000     -0.184713140      -8.51176381E-02   2.06364412E-03
  0.703125000      0.265625000     -0.177438080     -0.106648616       4.04329551E-03
  0.734375000      0.265625000     -0.167436406     -0.126516625       6.21185452E-03
  0.765625000      0.265625000     -0.154217437     -0.143243104       8.42041057E-03
  0.796875000      0.265625000     -0.137302458     -0.154744476       1.04898056E-02
  0.828125000      0.265625000     -0.116378993     -0.158227950       1.22229122E-02
  0.859375000      0.265625000      -9.15631950E-02 -0.150223687       1.34338113E-02
  0.890625000      0.265625000      -6.38429299E-02 -0.127026528       1.40018295E-02
  0.921875000      0.265625000      -3.58417109E-02  -8.64359289E-02   1.39496159E-02
  0.953125000      0.265625000      -1.29501652E-02  -3.38106155E-02   1.34958094E-02
  0.984375000      0.265625000      -1.83449732E-03   3.84500134E-03   1.29758846E-02
   1.56250000E-02  0.296875000      -3.49815330E-03   3.08699496E-02   1.49570359E-02
   4.68750000E-02  0.296875000      -1.34442858E-02   6.46234304E-02   1.46016683E-02
   7.81250000E-02  0.296875000      -2.73296945E-02   8.36007446E-02   1.41383214E-02
  0.109375000      0.296875000      -4.24454138E-02   9.62951481E-02   1.34665444E-02
  0.140625000      0.296875000      -5.77659532E-02  0.105874218       1.25518693E-02
  0.171875000      0.296875000      -7.28837997E-02  0.113068610       1.13867251E-02
  0.203125000      0.296875000      -8.75779912E-02  0.117853276       9.97986179E-03
  0.234375000      0.296875000     -0.101681091      0.120069504       8.35550483E-03
  0.265625000      0.296875000     -0.115047172      0.119596779       6.55369041E-03
  0.296875000      0.296875000     -0.127545789      0.116383776       4.62951325E-03
  0.328125000      0.296875000     -0.139060512      0.110443592       2.65095942E-03
  0.359375000      0.296875000     -0.149487674      0.101843014       6.95581140E-04
  0.390625000      0.296875000     -0.158736080       9.06927586E-02  -1.15376851E-03
  0.421875000      0.296875000     -0.166728303       7.71408528E-02  -2.81376089E-03
  0.453125000      0.296875000     -0.173403621       6.13692328E-02  -4.20594774E-03
  0.484375000      0.296875000     -0.178721160       4.35924530E-02  -5.26235113E-03
  0.515625000      0.296875000     -0.182661504       2.40579061E-02  -5.93103608E-03
  0.546875000      0.296875000     -0.185224801       3.04710702E-03  -6.18151203E-03
  0.578125000      0.296875000     -0.186425313      -1.91211216E-02  -5.98304113E-03
  0.609375000      0.296875000     -0.186271518      -4.22412455E-02  -5.25490660E-03
  0.640625000      0.296875000     -0.184702128      -6.60423189E-02  -4.02152818E-03
  0.671875000      0.296875000     -0.181521326      -9.01559293E-02  -2.32610689E-03
  0.703125000      0.296875000     -0.176372528     -0.114028268      -2.35569853E-04
  0.734375000      0.296875000     -0.168734103     -0.136772826       2.15162430E-03
  0.765625000      0.296875000     -0.157949716     -0.156987786       4.69619222E-03
  0.796875000      0.296875000     -0.143309951     -0.172553897       7.21097924E-03
  0.828125000      0.296875000     -0.124209471     -0.180443600       9.46324132E-03
  0.859375000      0.296875000     -0.100419283     -0.176616773       1.11978417E-02
  0.890625000      0.296875000      -7.25500360E-02 -0.156227008       1.21976398E-02
  0.921875000      0.296875000      -4.28688005E-02 -0.114922792       1.23925395E-02
  0.953125000      0.296875000      -1.67308319E-02  -5.43585084E-02   1.19789299E-02
  0.984375000      0.296875000      -2.73338449E-03  -7.24730780E-04   1.13572292E-02
   1.56250000E-02  0.328125000      -3.16515542E-03   3.75280082E-02   1.39305964E-02
   4.68750000E-02  0.328125000      -1.23821255E-02   7.71168992E-02   1.35736205E-02
   7.81250000E-02  0.328125000      -2.54912823E-02   9.80898365E-02   1.30615514E-02
  0.109375000      0.328125000      -3.98280248E-02  0.111248098       1.22972038E-02
  0.140625000      0.328125000      -5.43117560E-02  0.120717227       1.12505443E-02
  0.171875000      0.328125000      -6.85156882E-02  0.127541602       9.91882011E-03
  0.203125000      0.328125000      -8.22309926E-02  0.131786823       8.31623934E-03
  0.234375000      0.328125000      -9.53157097E-02  0.133323759       6.47295360E-03
  0.265625000      0.328125000     -0.107652202      0.132048011       4.43504797E-03
  0.296875000      0.328125000     -0.119136617      0.127921283       2.26351526E-03
  0.328125000      0.328125000     -0.129676163      0.120968550       3.19515457E-05
  0.359375000      0.328125000     -0.139189139      0.111268498      -2.17676815E-03
  0.390625000      0.328125000     -0.147607341       9.89458263E-02  -4.27473336E-03
  0.421875000      0.328125000     -0.154880852       8.41666237E-02  -6.17387239E-03
  0.453125000      0.328125000     -0.160983950       6.71356544E-02  -7.79126259E-03
  0.484375000      0.328125000     -0.165919825       4.80934009E-02  -9.05461889E-03
  0.515625000      0.328125000     -0.169720605       2.73118224E-02  -9.90756322E-03
  0.546875000      0.328125000     -0.172440559       5.08965133E-03  -1.03143388E-02
  0.578125000      0.328125000     -0.174142212      -1.82491131E-02  -1.02613997E-02
  0.609375000      0.328125000     -0.174885333      -4.25125994E-02  -9.64954495E-03
  0.640625000      0.328125000     -0.174657881      -6.75576329E-02  -8.49561486E-03
  0.671875000      0.328125000     -0.173284233      -9.31862146E-02  -6.82834908E-03
  0.703125000      0.328125000     -0.170384556     -0.119039044      -4.69415821E-03
  0.734375000      0.328125000     -0.165357888     -0.144421250      -2.16809846E-03
  0.765625000      0.328125000     -0.157400772     -0.168076605       6.30547758E-04
  0.796875000      0.328125000     -0.145581678     -0.187921405       3.52132693E-03
  0.828125000      0.328125000     -0.128997356     -0.200760156       6.25242852E-03
  0.859375000      0.328125000     -0.107051097     -0.202037647       8.51264037E-03
  0.890625000      0.328125000      -7.99305812E-02 -0.185798332       9.98932030E-03
  0.921875000      0.328125000      -4.94612008E-02 -0.145505548       1.04989223E-02
  0.953125000      0.328125000      -2.07320228E-02  -7.86468834E-02   1.01734335E-02
  0.984375000      0.328125000      -3.85488081E-03  -7.31443986E-03   9.46271885E-03
   1.56250000E-02  0.359375000      -2.66171806E-03   4.33502942E-02   1.26530211E-02
   4.68750000E-02  0.359375000      -1.07502546E-02   8.85900557E-02   1.23057552E-02
   7.81250000E-02  0.359375000      -2.26524174E-02  0.111617714       1.17555298E-02
  0.109375000      0.359375000      -3.58402878E-02  0.125236198       1.09123550E-02
  0.140625000      0.359375000      -4.91786487E-02  0.134544820       9.75149591E-03
  0.171875000      0.359375000      -6.22086599E-02  0.140944228       8.27470236E-03
  0.203125000      0.359375000      -7.47221559E-02  0.144612178       6.50080340E-03
  0.234375000      0.359375000      -8.65926221E-02  0.145455807       4.46499884E-03
  0.265625000      0.359375000      -9.77215916E-02  0.143386662       2.21867720E-03
  0.296875000      0.359375000     -0.108023837      0.138377294      -1.71749620E-04
  0.328125000      0.359375000     -0.117423989      0.130462676      -2.62727169E-03
  0.359375000      0.359375000     -0.125857845      0.119733632      -5.05970651E-03
  0.390625000      0.359375000     -0.133277297      0.106332205      -7.37603195E-03
  0.421875000      0.359375000     -0.139658034       9.04492512E-02  -9.48348641E-03
  0.453125000      0.359375000     -0.145008415       7.23216757E-02  -1.12951081E-02
  0.484375000      0.359375000     -0.149375826       5.22257909E-02  -1.27352066E-02
  0.515625000      0.359375000     -0.152846277       3.04653198E-02  -1.37442369E-02
  0.546875000      0.359375000     -0.155532748       7.35649047E-03  -1.42825786E-02
  0.578125000      0.359375000     -0.157552376      -1.67816691E-02  -1.43552767E-02
  0.609375000      0.359375000     -0.159026533      -4.17508669E-02  -1.38598774E-02
  0.640625000      0.359375000     -0.160008743      -6.75538778E-02  -1.28085222E-02
  0.671875000      0.359375000     -0.160367340      -9.41954628E-02  -1.12175830E-02
  0.703125000      0.359375000     -0.159730941     -0.121557578      -9.11296159E-03
  0.734375000      0.359375000     -0.157452554     -0.149200812      -6.54236414E-03
  0.765625000      0.359375000     -0.152608782     -0.176092416      -3.59571166E-03
  0.796875000      0.359375000     -0.144060984     -0.200268552      -4.31493769E-04
  0.828125000      0.359375000     -0.130607158     -0.218448877       2.69901427E-03
  0.859375000      0.359375000     -0.111264028     -0.225637719       5.44741843E-03
  0.890625000      0.359375000      -8.57569575E-02 -0.214826763       7.41498824E-03
  0.921875000      0.359375000      -5.54030314E-02 -0.177302495       8.29284266E-03
  0.953125000      0.359375000      -2.48710923E-02 -0.106113777       8.10992718E-03
  0.984375000      0.359375000      -5.21396194E-03  -1.63843259E-02   7.34646386E-03
   1.56250000E-02  0.390625000      -2.04268913E-03   4.80508693E-02   1.11886337E-02
   4.68750000E-02  0.390625000      -8.70606489E-03   9.86330286E-02   1.08610382E-02
   7.81250000E-02  0.390625000      -1.90550629E-02  0.123817518       1.02846837E-02
  0.109375000      0.390625000      -3.07916794E-02  0.137954190       9.37924068E-03
  0.140625000      0.390625000      -4.27320898E-02  0.147101164       8.12584907E-03
  0.171875000      0.390625000      -5.43740988E-02  0.153058186       6.53039105E-03
  0.203125000      0.390625000      -6.55002594E-02  0.156139150       4.61552478E-03
  0.234375000      0.390625000      -7.59921744E-02  0.156295553       2.42053298E-03
  0.265625000      0.390625000      -8.57651308E-02  0.153456151       1.30508556E-06
  0.296875000      0.390625000      -9.47485566E-02  0.147603482      -2.57092388E-03
  0.328125000      0.390625000     -0.102881745      0.138782114      -5.21206995E-03
  0.359375000      0.390625000     -0.110115767      0.127096161      -7.82877859E-03
  0.390625000      0.390625000     -0.116419852      0.112708494      -1.03230448E-02
  0.421875000      0.390625000     -0.121791132       9.58409011E-02  -1.25977192E-02
  0.453125000      0.390625000     -0.126265988       7.67712742E-02  -1.45624876E-02
  0.484375000      0.390625000     -0.129929230       5.58225289E-02  -1.61395632E-02
  0.515625000      0.390625000     -0.132915467       3.33402120E-02  -1.72682144E-02
  0.546875000      0.390625000     -0.135394931       9.66152363E-03  -1.79071277E-02
  0.578125000      0.390625000     -0.137537152      -1.49119375E-02  -1.80740748E-02
  0.609375000      0.390625000     -0.139532179      -4.01395932E-02  -1.76850911E-02
  0.640625000      0.390625000     -0.141514704      -6.61897659E-02  -1.67493187E-02
  0.671875000      0.390625000     -0.143420428      -9.32856798E-02  -1.52741242E-02
  0.703125000      0.390625000     -0.144927725     -0.121587947      -1.32673569E-02
  0.734375000      0.390625000     -0.145390764     -0.150978386      -1.07485205E-02
  0.765625000      0.390625000     -0.143806323     -0.180736840      -7.77152460E-03
  0.796875000      0.390625000     -0.138852969     -0.209120378      -4.45895363E-03
  0.828125000      0.390625000     -0.129034832     -0.232865572      -1.04082469E-03
  0.859375000      0.390625000     -0.112966955     -0.246630162       2.12103268E-03
  0.890625000      0.390625000      -8.98764879E-02 -0.242431432       4.55997419E-03
  0.921875000      0.390625000      -6.05098903E-02 -0.209419131       5.84126497E-03
  0.953125000      0.390625000      -2.89858561E-02 -0.136054650       5.85859362E-03
  0.984375000      0.390625000      -6.74452074E-03  -2.83434838E-02   5.08582173E-03
   1.56250000E-02  0.421875000      -1.36552751E-03   5.14560342E-02   9.61344223E-03
   4.68750000E-02  0.421875000      -6.40957430E-03  0.106928676       9.31451656E-03
   7.81250000E-02  0.421875000      -1.49371242E-02  0.134391978       8.72532651E-03
  0.109375000      0.421875000      -2.49807462E-02  0.149155200       7.77614582E-03
  0.140625000      0.421875000      -3.53228748E-02  0.158180207       6.45441283E-03
  0.171875000      0.421875000      -4.54083011E-02  0.163706809       4.76992410E-03
  0.203125000      0.421875000      -5.50013818E-02  0.166212946       2.74841068E-03
  0.234375000      0.421875000      -6.39867857E-02  0.165705279       4.32297995E-04
  0.265625000      0.421875000      -7.22911954E-02  0.162132889      -2.11898331E-03
  0.296875000      0.421875000      -7.98582435E-02  0.155488908      -4.83017415E-03
  0.328125000      0.421875000      -8.66423845E-02  0.145827785      -7.61267357E-03
  0.359375000      0.421875000      -9.26103070E-02  0.133267760      -1.03683639E-02
  0.390625000      0.421875000      -9.77471322E-02  0.117994070      -1.29945632E-02
  0.421875000      0.421875000     -0.102066286      0.100262344      -1.53901288E-02
  0.453125000      0.421875000     -0.105621919       8.03966895E-02  -1.74621083E-02
  0.484375000      0.421875000     -0.108521268       5.87754026E-02  -1.91319846E-02
  0.515625000      0.421875000     -0.110931635       3.57986540E-02  -2.03402378E-02
  0.546875000      0.421875000     -0.113072507       1.18369702E-02  -2.10477859E-02
  0.578125000      0.421875000     -0.115174100      -1.28312325E-02  -2.12668851E-02
  0.609375000      0.421875000     -0.117481634      -3.79065350E-02  -2.09678598E-02
  0.640625000      0.421875000     -0.120196335      -6.37155175E-02  -2.01482698E-02
  0.671875000      0.421875000     -0.123352498      -9.06889290E-02  -1.88124292E-02
  0.703125000      0.421875000     -0.126733989     -0.119287670      -1.69559456E-02
  0.734375000      0.421875000     -0.129761934     -0.149780363      -1.45733226E-02
  0.765625000      0.421875000     -0.131411970     -0.181862846      -1.16800852E-02
  0.796875000      0.421875000     -0.130218118     -0.214136183      -8.35235417E-03
  0.828125000      0.421875000     -0.124403216     -0.243478626      -4.77912929E-03
  0.859375000      0.421875000     -0.112168580     -0.264316797      -1.30912219E-03
  0.890625000      0.421875000      -9.22081769E-02 -0.267794192       1.54907280E-03
  0.921875000      0.421875000      -6.46347851E-02 -0.240996063       3.24612320E-03
  0.953125000      0.421875000      -3.28948982E-02 -0.167742178       3.51771386E-03
  0.984375000      0.421875000      -8.35230108E-03  -4.34406660E-02   2.78144120E-03
   1.56250000E-02  0.453125000      -6.91658934E-04   5.35109155E-02   8.00513104E-03
   4.68750000E-02  0.453125000      -4.02401388E-03  0.113245264       7.74444779E-03
   7.81250000E-02  0.453125000      -1.05301728E-02  0.143104494       7.15711527E-03
  0.109375000      0.453125000      -1.86918247E-02  0.158644989       6.18416723E-03
  0.140625000      0.453125000      -2.72829887E-02  0.167622954       4.81988117E-03
  0.171875000      0.453125000      -3.56868654E-02  0.172755286       3.07789329E-03
  0.203125000      0.453125000      -4.36406545E-02  0.174716190       9.86366998E-04
  0.234375000      0.453125000      -5.10279089E-02  0.173582464      -1.41016813E-03
  0.265625000      0.453125000      -5.77865019E-02  0.169329241      -4.04988555E-03
  0.296875000      0.453125000      -6.38764128E-02  0.161962479      -6.85453974E-03
  0.328125000      0.453125000      -6.92706555E-02  0.151547462      -9.73196141E-03
  0.359375000      0.453125000      -7.39549994E-02  0.138216525      -1.25799589E-02
  0.390625000      0.453125000      -7.79323205E-02  0.122176260      -1.52917244E-02
  0.421875000      0.453125000      -8.12304169E-02  0.103714243      -1.77625343E-02
  0.453125000      0.453125000      -8.39127153E-02   8.31990540E-02  -1.98972058E-02
  0.484375000      0.453125000      -8.60906690E-02   6.10657074E-02  -2.16172189E-02
  0.515625000      0.453125000      -8.79357308E-02   3.77779119E-02  -2.28660628E-02
  0.546875000      0.453125000      -8.96867961E-02   1.37624377E-02  -2.36113984E-02
  0.578125000      0.453125000      -9.16508287E-02  -1.06796026E-02  -2.38444339E-02
  0.609375000      0.453125000      -9.40979123E-02  -3.52932885E-02  -2.36141831E-02
  0.640625000      0.453125000      -9.72480774E-02  -6.04547039E-02  -2.28976868E-02
  0.671875000      0.453125000     -0.101268232      -8.67651254E-02  -2.17042603E-02
  0.703125000      0.453125000     -0.106109142     -0.114981502      -2.00257991E-02
  0.734375000      0.453125000     -0.111343369     -0.145817474      -1.78393237E-02
  0.765625000      0.453125000     -0.116009220     -0.179503620      -1.51249487E-02
  0.796875000      0.453125000     -0.118555903     -0.215137124      -1.19069340E-02
  0.828125000      0.453125000     -0.116949625     -0.249894381      -8.31702165E-03
  0.859375000      0.453125000     -0.108969621     -0.278112292      -4.66401968E-03
  0.890625000      0.453125000      -9.27412957E-02 -0.290185213      -1.46701292E-03
  0.921875000      0.453125000      -6.76792488E-02 -0.271239400       6.32080017E-04
  0.953125000      0.453125000      -3.64410169E-02 -0.200476736       1.20011123E-03
  0.984375000      0.453125000      -9.94839799E-03  -6.17414825E-02   5.43790928E-04
   1.56250000E-02  0.484375000      -8.72378441E-05   5.42881787E-02   6.43341662E-03
   4.68750000E-02  0.484375000      -1.71600096E-03  0.117425680       6.22639433E-03
   7.81250000E-02  0.484375000      -6.05798326E-03  0.149769217       5.65621583E-03
  0.109375000      0.484375000      -1.21934898E-02  0.166275978       4.68009710E-03
  0.140625000      0.484375000      -1.89236663E-02  0.175314024       3.29996273E-03
  0.171875000      0.484375000      -2.55611259E-02  0.180108875       1.53291272E-03
  0.203125000      0.484375000      -3.18060443E-02  0.181567445      -5.91016200E-04
  0.234375000      0.484375000      -3.75359878E-02  0.179857373      -3.02638998E-03
  0.265625000      0.484375000      -4.27004471E-02  0.174988985      -5.71039552E-03
  0.296875000      0.484375000      -4.72792275E-02  0.166985273      -8.56321957E-03
  0.328125000      0.484375000      -5.12690023E-02  0.155924261      -1.14903804E-02
  0.359375000      0.484375000      -5.46804816E-02  0.141952202      -1.43867284E-02
  0.390625000      0.484375000      -5.75400256E-02  0.125294492      -1.71421338E-02
  0.421875000      0.484375000      -5.98941073E-02  0.106265016      -1.96487624E-02
  0.453125000      0.484375000      -6.18161969E-02   8.52687135E-02  -2.18092725E-02
  0.484375000      0.484375000      -6.34160340E-02   6.27886876E-02  -2.35448629E-02
  0.515625000      0.484375000      -6.48507774E-02   3.93481478E-02  -2.48014126E-02
  0.546875000      0.484375000      -6.63357526E-02   1.54401241E-02  -2.55516730E-02
  0.578125000      0.484375000      -6.81444034E-02  -8.57413746E-03  -2.57916451E-02
  0.609375000      0.484375000      -7.05621243E-02  -3.25247422E-02  -2.55987253E-02
  0.640625000      0.484375000      -7.38716647E-02  -5.67553528E-02  -2.49592178E-02
  0.671875000      0.484375000      -7.83436894E-02  -8.19649324E-02  -2.38901619E-02
  0.703125000      0.484375000      -8.41301084E-02 -0.109147638      -2.23885700E-02
  0.734375000      0.484375000      -9.10478830E-02 -0.139493123      -2.04250142E-02
  0.765625000      0.484375000      -9.83113199E-02 -0.173892975      -1.79526880E-02
  0.796875000      0.484375000     -0.104378574     -0.212128699      -1.49452314E-02
  0.828125000      0.484375000     -0.107006237     -0.251876980      -1.14666652E-02
  0.859375000      0.484375000     -0.103550255     -0.287562072      -7.76192918E-03
  0.890625000      0.484375000      -9.15315598E-02 -0.308979869      -4.32684645E-03
  0.921875000      0.484375000      -6.96008429E-02 -0.299435914      -1.86511502E-03
  0.953125000      0.484375000      -3.95153351E-02 -0.233603194      -9.76321287E-04
  0.984375000      0.484375000      -1.14664426E-02  -8.31562728E-02  -1.51499687E-03
   1.56250000E-02  0.515625000       4.32638510E-04   5.39416857E-02   4.96595912E-03
   4.68750000E-02  0.515625000       3.88783461E-04  0.119442567       4.81375633E-03
   7.81250000E-02  0.515625000      -1.75146363E-03  0.154232860       4.29001544E-03
  0.109375000      0.515625000      -5.74376434E-03  0.171939909       3.33045516E-03
  0.140625000      0.515625000      -1.05372500E-02  0.181175575       1.96188502E-03
  0.171875000      0.515625000      -1.53577086E-02  0.185709536       2.02431198E-04
  0.203125000      0.515625000      -1.98562555E-02  0.186717272      -1.91615731E-03
  0.234375000      0.515625000      -2.38961093E-02  0.184487104      -4.34913393E-03
  0.265625000      0.515625000      -2.74382383E-02  0.179078102      -7.03443587E-03
  0.296875000      0.515625000      -3.04855965E-02  0.170536637      -9.89240035E-03
  0.328125000      0.515625000      -3.30635086E-02  0.158956483      -1.28278388E-02
  0.359375000      0.515625000      -3.52136418E-02  0.144498408      -1.57340635E-02
  0.390625000      0.515625000      -3.69926170E-02  0.127403855      -1.84987411E-02
  0.421875000      0.515625000      -3.84725444E-02  0.108006284      -2.10115742E-02
  0.453125000      0.515625000      -3.97426933E-02   8.67353305E-02  -2.31731031E-02
  0.484375000      0.515625000      -4.09118719E-02   6.41053468E-02  -2.49035675E-02
  0.515625000      0.515625000      -4.21113446E-02   4.06783745E-02  -2.61499304E-02
  0.546875000      0.515625000      -4.34995964E-02   1.69941410E-02  -2.68888846E-02
  0.578125000      0.515625000      -4.52735424E-02  -6.53602555E-03  -2.71238610E-02
  0.609375000      0.515625000      -4.76853438E-02  -2.97250729E-02  -2.69457642E-02
  0.640625000      0.515625000      -5.10295965E-02  -5.28939739E-02  -2.63534710E-02
  0.671875000      0.515625000      -5.56363538E-02  -7.67410398E-02  -2.53755003E-02
  0.703125000      0.515625000      -6.18595183E-02 -0.102356017      -2.40234546E-02
  0.734375000      0.515625000      -6.98414743E-02 -0.131379515      -2.22744159E-02
  0.765625000      0.515625000      -7.91099519E-02 -0.165469572      -2.00678445E-02
  0.796875000      0.515625000      -8.82753432E-02 -0.205314800      -1.73354037E-02
  0.828125000      0.515625000      -9.49727744E-02 -0.249361634      -1.40706487E-02
  0.859375000      0.515625000      -9.61505175E-02 -0.292352170      -1.04364241E-02
  0.890625000      0.515625000      -8.86902437E-02 -0.323666096      -6.87250635E-03
  0.921875000      0.515625000      -7.04110861E-02 -0.324957758      -4.10787109E-03
  0.953125000      0.515625000      -4.20621298E-02 -0.266514778      -2.89318571E-03
  0.984375000      0.515625000      -1.28663275E-02 -0.107488900      -3.28396540E-03
   1.56250000E-02  0.546875000       9.08966002E-04   5.25993854E-02   3.67171247E-03
   4.68750000E-02  0.546875000       2.28033797E-03  0.119455978       3.55253974E-03
   7.81250000E-02  0.546875000       2.18897406E-03  0.156450227       3.08161695E-03
  0.109375000      0.546875000       3.69462126E-04  0.175534874       2.18583690E-03
  0.140625000      0.546875000      -2.40896409E-03  0.185155004       8.58859858E-04
  0.171875000      0.546875000      -5.38375648E-03  0.189530239      -8.60973203E-04
  0.203125000      0.546875000      -8.12315010E-03  0.190141976      -2.93653831E-03
  0.234375000      0.546875000      -1.04590021E-02  0.187448159      -5.32682380E-03
  0.265625000      0.546875000      -1.23622129E-02  0.181574836      -7.97256082E-03
  0.296875000      0.546875000      -1.38605554E-02  0.172600061      -1.07960580E-02
  0.328125000      0.546875000      -1.50112491E-02  0.160637587      -1.37032121E-02
  0.359375000      0.546875000      -1.58911347E-02  0.145864040      -1.65873785E-02
  0.390625000      0.546875000      -1.65921338E-02  0.128535062      -1.93353295E-02
  0.421875000      0.546875000      -1.72181763E-02  0.108997390      -2.18351148E-02
  0.453125000      0.546875000      -1.78820305E-02   8.76934603E-02  -2.39852238E-02
  0.484375000      0.546875000      -1.87009908E-02   6.51490986E-02  -2.57039666E-02
  0.515625000      0.546875000      -1.97906867E-02   4.19358425E-02  -2.69371867E-02
  0.546875000      0.546875000      -2.12579183E-02   1.86025165E-02  -2.76622642E-02
  0.578125000      0.546875000      -2.32053511E-02  -4.41420125E-03  -2.78870687E-02
  0.609375000      0.546875000      -2.57896353E-02  -2.68432759E-02  -2.77112834E-02
  0.640625000      0.546875000      -2.92432383E-02  -4.89713624E-02  -2.71402020E-02
  0.671875000      0.546875000      -3.38742658E-02  -7.14200437E-02  -2.62133684E-02
  0.703125000      0.546875000      -4.01745848E-02  -9.51482505E-02  -2.49665082E-02
  0.734375000      0.546875000      -4.86299172E-02 -0.122145146      -2.33943500E-02
  0.765625000      0.546875000      -5.92069253E-02 -0.154854000      -2.14373879E-02
  0.796875000      0.546875000      -7.08678067E-02 -0.195100024      -1.90016106E-02
  0.828125000      0.546875000      -8.12825412E-02 -0.242460579      -1.60159953E-02
  0.859375000      0.546875000      -8.70430917E-02 -0.292311788      -1.25509175E-02
  0.890625000      0.546875000      -8.43640119E-02 -0.333843380      -8.96172319E-03
  0.921875000      0.546875000      -7.01622441E-02 -0.347259700      -5.96392155E-03
  0.953125000      0.546875000      -4.40697484E-02 -0.298653275      -4.43331711E-03
  0.984375000      0.546875000      -1.41301854E-02 -0.134485275      -4.65292297E-03
   1.56250000E-02  0.578125000       1.30203099E-03   5.03879264E-02   2.57761078E-03
   4.68750000E-02  0.578125000       3.90644884E-03  0.117690787       2.49953941E-03
   7.81250000E-02  0.578125000       5.68309892E-03  0.156529784       2.07945751E-03
  0.109375000      0.578125000       5.92536107E-03  0.177033454       1.25041371E-03
  0.140625000      0.578125000       5.14458027E-03  0.187218338       7.66286939E-06
  0.171875000      0.578125000       4.04338166E-03  0.191547871      -1.62411435E-03
  0.203125000      0.578125000       3.08381813E-03  0.191830784      -3.61593859E-03
  0.234375000      0.578125000       2.46037496E-03  0.188728631      -5.92417689E-03
  0.265625000      0.578125000       2.20831484E-03  0.182461947      -8.49203579E-03
  0.296875000      0.578125000       2.27975566E-03  0.173154116      -1.12453084E-02
  0.328125000      0.578125000       2.58452725E-03  0.160945117      -1.40926819E-02
  0.359375000      0.578125000       3.00793140E-03  0.146029428      -1.69291645E-02
  0.390625000      0.578125000       3.41963326E-03  0.128675520      -1.96419470E-02
  0.421875000      0.578125000       3.68021056E-03  0.109238401      -2.21182741E-02
  0.453125000      0.578125000       3.64821823E-03   8.81631821E-02  -2.42546722E-02
  0.484375000      0.578125000       3.18907900E-03   6.59708530E-02  -2.59664878E-02
  0.515625000      0.578125000       2.18550698E-03   4.32190225E-02  -2.71960162E-02
  0.546875000      0.578125000       5.47926640E-04   2.04340909E-02  -2.79169716E-02
  0.578125000      0.578125000      -1.76418654E-03  -1.97784044E-03  -2.81376187E-02
  0.609375000      0.578125000      -4.75665648E-03  -2.36957744E-02  -2.79622450E-02
  0.640625000      0.578125000      -8.52795504E-03  -4.48878258E-02  -2.73959618E-02
  0.671875000      0.578125000      -1.33078229E-02  -6.60872608E-02  -2.64799334E-02
  0.703125000      0.578125000      -1.96030922E-02  -8.78805965E-02  -2.52906717E-02
  0.734375000      0.578125000      -2.81268172E-02 -0.112429395      -2.38416530E-02
  0.765625000      0.578125000      -3.93302441E-02 -0.142785400      -2.20844187E-02
  0.796875000      0.578125000      -5.27594686E-02 -0.182075009      -1.99249294E-02
  0.828125000      0.578125000      -6.63646311E-02 -0.231462628      -1.72409210E-02
  0.859375000      0.578125000      -7.65005350E-02 -0.287410706      -1.40085900E-02
  0.890625000      0.578125000      -7.87067115E-02 -0.339215368      -1.04771778E-02
  0.921875000      0.578125000      -6.89244717E-02 -0.365870357      -7.31172226E-03
  0.953125000      0.578125000      -4.55529802E-02 -0.329505861      -5.48110204E-03
  0.984375000      0.578125000      -1.52547685E-02 -0.163870186      -5.51037351E-03
   1.56250000E-02  0.609375000       1.59495533E-03   4.74905483E-02   1.69326889E-03
   4.68750000E-02  0.609375000       5.21063339E-03  0.114367351       1.65854336E-03
   7.81250000E-02  0.609375000       8.63266643E-03  0.154654294       1.30282505E-03
  0.109375000      0.609375000       1.07772835E-02  0.176522940       5.61721157E-04
  0.140625000      0.609375000       1.19178202E-02  0.187371641      -5.74459729E-04
  0.171875000      0.609375000       1.26681011E-02  0.191750139      -2.08991906E-03
  0.203125000      0.609375000       1.34907942E-02  0.191772431      -3.96058522E-03
  0.234375000      0.609375000       1.45970192E-02  0.188313693      -6.15081657E-03
  0.265625000      0.609375000       1.60195082E-02  0.181718215      -8.60942155E-03
  0.296875000      0.609375000       1.76872816E-02  0.172172338      -1.12662194E-02
  0.328125000      0.609375000       1.94748081E-02  0.159849733      -1.40322670E-02
  0.359375000      0.609375000       2.12274436E-02  0.144964725      -1.68033633E-02
  0.390625000      0.609375000       2.27752775E-02  0.127796799      -1.94661375E-02
  0.421875000      0.609375000       2.39433870E-02  0.108704075      -2.19062734E-02
  0.453125000      0.609375000       2.45623924E-02   8.81250948E-02  -2.40180921E-02
  0.484375000      0.609375000       2.44810972E-02   6.65625185E-02  -2.57143546E-02
  0.515625000      0.609375000       2.35814601E-02   4.45420556E-02  -2.69346721E-02
  0.546875000      0.609375000       2.17960291E-02   2.25438569E-02  -2.76506618E-02
  0.578125000      0.609375000       1.91204697E-02   9.08316113E-04  -2.78668329E-02
  0.609375000      0.609375000       1.56619363E-02  -2.01239623E-02  -2.76874788E-02
  0.640625000      0.609375000       1.14652831E-02  -4.04857099E-02  -2.71257833E-02
  0.671875000      0.609375000       6.28683809E-03  -6.05258495E-02  -2.62491256E-02
  0.703125000      0.609375000      -2.56942585E-04  -8.05983916E-02  -2.50845905E-02
  0.734375000      0.609375000      -8.73873942E-03 -0.102702081      -2.37067826E-02
  0.765625000      0.609375000      -2.00387910E-02 -0.130005777      -2.20730398E-02
  0.796875000      0.609375000      -3.44831124E-02 -0.166978166      -2.01355927E-02
  0.828125000      0.609375000      -5.06071672E-02 -0.216827840      -1.77341364E-02
  0.859375000      0.609375000      -6.47598729E-02 -0.277754992      -1.47567280E-02
  0.890625000      0.609375000      -7.18447864E-02 -0.339578658      -1.13324784E-02
  0.921875000      0.609375000      -6.67556971E-02 -0.380377650      -8.04410689E-03
  0.953125000      0.609375000      -4.65303734E-02 -0.358595252      -5.92142902E-03
  0.984375000      0.609375000      -1.62422564E-02 -0.195367366      -5.73960692E-03
   1.56250000E-02  0.640625000       1.77755032E-03   4.41175811E-02   1.01443834E-03
   4.68750000E-02  0.640625000       6.14529662E-03  0.109755971       1.02214469E-03
   7.81250000E-02  0.640625000       1.09365694E-02  0.151051790       7.43144949E-04
  0.109375000      0.640625000       1.47760380E-02  0.174141765       1.14184324E-04
  0.140625000      0.640625000       1.77219883E-02  0.185668290      -8.84921872E-04
  0.171875000      0.640625000       2.02786103E-02  0.190150559      -2.25094100E-03
  0.203125000      0.640625000       2.28776038E-02  0.189956561      -3.96958832E-03
  0.234375000      0.640625000       2.57262662E-02  0.186183289      -6.01377897E-03
  0.265625000      0.640625000       2.88444757E-02  0.179318815      -8.33878759E-03
  0.296875000      0.640625000       3.21336687E-02  0.169627637      -1.08788423E-02
  0.328125000      0.640625000       3.54311056E-02  0.157323837      -1.35474307E-02
  0.359375000      0.640625000       3.85422073E-02  0.142642170      -1.62410326E-02
  0.390625000      0.640625000       4.12595607E-02  0.125869721      -1.88456662E-02
  0.421875000      0.640625000       4.33768257E-02  0.107360989      -2.12454908E-02
  0.453125000      0.640625000       4.47021611E-02   8.75381753E-02  -2.33326796E-02
  0.484375000      0.640625000       4.50725928E-02   6.68733194E-02  -2.50172950E-02
  0.515625000      0.640625000       4.43677530E-02   4.58471775E-02  -2.62355562E-02
  0.546875000      0.640625000       4.25191969E-02   2.48825401E-02  -2.69545466E-02
  0.578125000      0.640625000       3.95194776E-02   4.25322726E-03  -2.71717459E-02
  0.609375000      0.640625000       3.55016403E-02  -1.59854405E-02  -2.69913562E-02
  0.640625000      0.640625000       3.05840373E-02  -3.55039239E-02  -2.64168549E-02
  0.671875000      0.640625000       2.47247200E-02  -5.44646904E-02  -2.55122911E-02
  0.703125000      0.640625000       1.78440325E-02  -7.32306466E-02  -2.43440792E-02
  0.734375000      0.640625000       9.48577933E-03  -9.32260230E-02  -2.29984093E-02
  0.765625000      0.640625000      -1.61742792E-03 -0.117075525      -2.14853548E-02
  0.796875000      0.640625000      -1.64528582E-02 -0.150626332      -1.96996555E-02
  0.828125000      0.640625000      -3.43269631E-02 -0.199179858      -1.75276697E-02
  0.859375000      0.640625000      -5.19887730E-02 -0.263587415      -1.47855170E-02
  0.890625000      0.640625000      -6.38383329E-02 -0.334811330      -1.14740590E-02
  0.921875000      0.640625000      -6.36646301E-02 -0.390407979      -8.06873757E-03
  0.953125000      0.640625000      -4.69968691E-02 -0.385458767      -5.63543569E-03
  0.984375000      0.640625000      -1.70898549E-02 -0.228699952      -5.21096028E-03
   1.56250000E-02  0.671875000       1.84085150E-03   4.04985175E-02   5.25483047E-04
   4.68750000E-02  0.671875000       6.66120369E-03  0.104185537       5.72119898E-04
   7.81250000E-02  0.671875000       1.24821635E-02  0.146008790       3.81501071E-04
  0.109375000      0.671875000       1.77521389E-02  0.170074940      -1.07750195E-04
  0.140625000      0.671875000       2.23487616E-02  0.182193547      -9.32875031E-04
  0.171875000      0.671875000       2.66501456E-02  0.186770156      -2.11096508E-03
  0.203125000      0.671875000       3.10210660E-02  0.186372072      -3.64345242E-03
  0.234375000      0.671875000       3.56347412E-02  0.182312787      -5.51410438E-03
  0.265625000      0.671875000       4.04812098E-02  0.175234258      -7.68509787E-03
  0.296875000      0.671875000       4.54269275E-02  0.165488929      -1.00945532E-02
  0.328125000      0.671875000       5.02702370E-02  0.153335065      -1.26574803E-02
  0.359375000      0.671875000       5.47784269E-02  0.139026001      -1.52701568E-02
  0.390625000      0.671875000       5.87109029E-02  0.122850887      -1.78172458E-02
  0.421875000      0.671875000       6.18360564E-02  0.105152108      -2.01808475E-02
  0.453125000      0.671875000       6.39463067E-02   8.63254666E-02  -2.22505368E-02
  0.484375000      0.671875000       6.48724958E-02   6.68022782E-02  -2.39331964E-02
  0.515625000      0.671875000       6.44945875E-02   4.70124260E-02  -2.51610279E-02
  0.546875000      0.671875000       6.27425835E-02   2.73277890E-02  -2.58959159E-02
  0.578125000      0.671875000       5.95885441E-02   7.97023252E-03  -2.61280760E-02
  0.609375000      0.671875000       5.51374778E-02  -1.12262843E-02  -2.59408802E-02
  0.640625000      0.671875000       4.95194197E-02  -2.97212191E-02  -2.53611505E-02
  0.671875000      0.671875000       4.27880138E-02  -4.76514250E-02  -2.44354773E-02
  0.703125000      0.671875000       3.49880531E-02  -6.53588921E-02  -2.32358482E-02
  0.734375000      0.671875000       2.60004774E-02  -8.37484449E-02  -2.18399074E-02
  0.765625000      0.671875000       1.53221665E-02 -0.104768962      -2.03076173E-02
  0.796875000      0.671875000       1.05594844E-03 -0.133829504      -1.86868832E-02
  0.828125000      0.671875000      -1.77489854E-02 -0.179296792      -1.66848581E-02
  0.859375000      0.671875000      -3.82562317E-02 -0.245301396      -1.41212605E-02
  0.890625000      0.671875000      -5.46372272E-02 -0.324867547      -1.08781457E-02
  0.921875000      0.671875000      -5.95649630E-02 -0.395599157      -7.30348891E-03
  0.953125000      0.671875000      -4.68902588E-02 -0.409612060      -4.48974362E-03
  0.984375000      0.671875000      -1.77776385E-02 -0.263568342      -3.76599026E-03
   1.56250000E-02  0.703125000       1.77152350E-03   3.68851870E-02   2.01470742E-04
   4.68750000E-02  0.703125000       6.69253711E-03   9.80553925E-02   2.81040266E-04
   7.81250000E-02  0.703125000       1.31277665E-02  0.139880657       1.91138941E-04
  0.109375000      0.703125000       1.95036642E-02  0.164555788      -1.26101397E-04
  0.140625000      0.703125000       2.55640130E-02  0.177055478      -7.33774970E-04
  0.171875000      0.703125000       3.15436460E-02  0.181628615      -1.68034015E-03
  0.203125000      0.703125000       3.76967788E-02  0.180993021      -2.99060857E-03
  0.234375000      0.703125000       4.41216752E-02  0.176658988      -4.66223247E-03
  0.265625000      0.703125000       5.07529825E-02  0.169418275      -6.66416762E-03
  0.296875000      0.703125000       5.74106351E-02  0.159711644      -8.93680006E-03
  0.328125000      0.703125000       6.38517737E-02  0.147839785      -1.13946544E-02
  0.359375000      0.703125000       6.98085427E-02  0.134069517      -1.39319710E-02
  0.390625000      0.703125000       7.50130489E-02  0.118684284      -1.64306127E-02
  0.421875000      0.703125000       7.92153478E-02  0.102005258      -1.87695306E-02
  0.453125000      0.703125000       8.21985304E-02   8.43924284E-02  -2.08349172E-02
  0.484375000      0.703125000       8.37918743E-02   6.62284344E-02  -2.25298218E-02
  0.515625000      0.703125000       8.38802978E-02   4.78871875E-02  -2.37819664E-02
  0.546875000      0.703125000       8.24072957E-02   2.96880901E-02  -2.45485567E-02
  0.578125000      0.703125000       7.93635398E-02   1.18164197E-02  -2.48175301E-02
  0.609375000      0.703125000       7.46758208E-02  -5.92624070E-03  -2.46052109E-02
  0.640625000      0.703125000       6.84243441E-02  -2.31454074E-02  -2.40354892E-02
  0.671875000      0.703125000       6.08341694E-02  -3.99003848E-02  -2.30944492E-02
  0.703125000      0.703125000       5.20111322E-02  -5.64826801E-02  -2.18557846E-02
  0.734375000      0.703125000       4.19790000E-02  -7.36017525E-02  -2.03964710E-02
  0.765625000      0.703125000       3.05804946E-02  -9.28367376E-02  -1.87870488E-02
  0.796875000      0.703125000       1.70651879E-02 -0.117979236      -1.70778707E-02
  0.828125000      0.703125000      -1.08743506E-03 -0.158189684      -1.52710266E-02
  0.859375000      0.703125000      -2.35090889E-02 -0.223480865      -1.28134405E-02
  0.890625000      0.703125000      -4.40295115E-02 -0.309788823      -9.54128802E-03
  0.921875000      0.703125000      -5.42141907E-02 -0.395568401      -5.66339260E-03
  0.953125000      0.703125000      -4.60459739E-02 -0.430489302      -2.31343368E-03
  0.984375000      0.703125000      -1.82528067E-02 -0.299600273      -1.18614710E-03
   1.56250000E-02  0.734375000       1.53781124E-03   3.35745066E-02   9.59333920E-06
   4.68750000E-02  0.734375000       6.12331741E-03   9.18565392E-02   1.14273345E-04
   7.81250000E-02  0.734375000       1.26673579E-02  0.133097023       1.41344091E-04
  0.109375000      0.734375000       1.97725389E-02  0.157855600       3.61078855E-05
  0.140625000      0.734375000       2.70980988E-02  0.170367971      -3.03476088E-04
  0.171875000      0.734375000       3.47063988E-02  0.174727857      -9.71082889E-04
  0.203125000      0.734375000       4.26851101E-02  0.173763514      -2.02361424E-03
  0.234375000      0.734375000       5.10054454E-02  0.169147044      -3.47537221E-03
  0.265625000      0.734375000       5.95129877E-02  0.161797434      -5.30085247E-03
  0.296875000      0.734375000       6.79657161E-02  0.152230382      -7.43969064E-03
  0.328125000      0.734375000       7.60767907E-02  0.140779078      -9.80268419E-03
  0.359375000      0.734375000       8.35475028E-02  0.127714530      -1.22793280E-02
  0.390625000      0.734375000       9.00898501E-02  0.113305151      -1.47466697E-02
  0.421875000      0.734375000       9.54430252E-02   9.78420451E-02  -1.70791484E-02
  0.453125000      0.734375000       9.93864462E-02   8.16420019E-02  -1.91586129E-02
  0.484375000      0.734375000      0.101749867       6.50343969E-02  -2.08835434E-02
  0.515625000      0.734375000      0.102418497       4.83354703E-02  -2.21763700E-02
  0.546875000      0.734375000      0.101328745       3.18126455E-02  -2.29878128E-02
  0.578125000      0.734375000       9.84424055E-02   1.56307463E-02  -2.32973676E-02
  0.609375000      0.734375000       9.36610252E-02  -2.63939262E-04  -2.31085718E-02
  0.640625000      0.734375000       8.70723873E-02  -1.59612503E-02  -2.25393642E-02
  0.671875000      0.734375000       7.88878947E-02  -3.13047022E-02  -2.15837359E-02
  0.703125000      0.734375000       6.92076609E-02  -4.65711206E-02  -2.03016084E-02
  0.734375000      0.734375000       5.81300259E-02  -6.24008253E-02  -1.87640563E-02
  0.765625000      0.734375000       4.56795059E-02  -8.01872462E-02  -1.70405712E-02
  0.796875000      0.734375000       3.16078067E-02 -0.103041738      -1.51837151E-02
  0.828125000      0.734375000       1.46551924E-02 -0.138023406      -1.31979994E-02
  0.859375000      0.734375000      -7.57347047E-03 -0.198999643      -1.09289214E-02
  0.890625000      0.734375000      -3.15744355E-02 -0.289752662      -7.46191759E-03
  0.921875000      0.734375000      -4.71232012E-02 -0.389876068      -3.03332368E-03
  0.953125000      0.734375000      -4.41294387E-02 -0.447349280       1.14615983E-03
  0.984375000      0.734375000      -1.84064005E-02 -0.336261719       2.86546908E-03
   1.56250000E-02  0.765625000       1.05254317E-03   3.09823696E-02  -9.19219310E-05
   4.68750000E-02  0.765625000       4.71113669E-03   8.62005353E-02   3.30018920E-05
   7.81250000E-02  0.765625000       1.07663069E-02  0.126149341       2.03871488E-04
  0.109375000      0.765625000       1.82107575E-02  0.150249422       3.62522696E-04
  0.140625000      0.765625000       2.66385786E-02  0.162217215       3.48335307E-04
  0.171875000      0.765625000       3.58805694E-02  0.166025966       7.68121754E-06
  0.203125000      0.765625000       4.57867309E-02  0.164579868      -7.56524969E-04
  0.234375000      0.765625000       5.61393499E-02  0.159659162      -1.97637826E-03
  0.265625000      0.765625000       6.66563958E-02  0.152264506      -3.62874055E-03
  0.296875000      0.765625000       7.70176202E-02  0.142955512      -5.64783951E-03
  0.328125000      0.765625000       8.68908614E-02  0.132077917      -7.93644972E-03
  0.359375000      0.765625000       9.59528610E-02  0.119893059      -1.03759859E-02
  0.390625000      0.765625000      0.103904530      0.106643945      -1.28364731E-02
  0.421875000      0.765625000      0.110482804       9.25838500E-02  -1.51864719E-02
  0.453125000      0.765625000      0.115469873       7.79818743E-02  -1.73027217E-02
  0.484375000      0.765625000      0.118699484       6.31132722E-02  -1.90787558E-02
  0.515625000      0.765625000      0.120058186       4.82402667E-02  -2.04315558E-02
  0.546875000      0.765625000      0.119477935       3.35877910E-02  -2.13053916E-02
  0.578125000      0.765625000      0.116914332       1.93142723E-02  -2.16721296E-02
  0.609375000      0.765625000      0.112309217       5.44648059E-03  -2.15267539E-02
  0.640625000      0.765625000      0.105672263      -8.43990035E-03  -2.09614187E-02
  0.671875000      0.765625000       9.71361026E-02  -2.21005008E-02  -2.00031362E-02
  0.703125000      0.765625000       8.68509859E-02  -3.58064361E-02  -1.86789371E-02
  0.734375000      0.765625000       7.49417245E-02  -5.01765460E-02  -1.70511082E-02
  0.765625000      0.765625000       6.15100935E-02  -6.65289089E-02  -1.51785156E-02
  0.796875000      0.765625000       4.65655699E-02  -8.76850933E-02  -1.31028183E-02
  0.828125000      0.765625000       2.97308397E-02 -0.119595729      -1.08227311E-02
  0.859375000      0.765625000       8.82106647E-03 -0.174293637      -8.25871713E-03
  0.890625000      0.765625000      -1.64748691E-02 -0.265168011      -4.59199678E-03
  0.921875000      0.765625000      -3.74081582E-02 -0.377986044       7.84377859E-04
  0.953125000      0.765625000      -4.05259617E-02 -0.459123433       6.30193902E-03
  0.984375000      0.765625000      -1.80363432E-02 -0.372707635       8.94905813E-03
   1.56250000E-02  0.796875000       1.07575543E-04   2.98199803E-02  -1.65270234E-04
   4.68750000E-02  0.796875000       1.95314270E-03   8.18535835E-02   1.53231485E-06
   7.81250000E-02  0.796875000       6.86355401E-03  0.119524837       3.63676838E-04
  0.109375000      0.796875000       1.43512925E-02  0.141935885       8.52843747E-04
  0.140625000      0.796875000       2.38420032E-02  0.152606726       1.22317951E-03
  0.171875000      0.796875000       3.48317884E-02  0.155400038       1.25181873E-03
  0.203125000      0.796875000       4.68574464E-02  0.153270796       7.95036845E-04
  0.234375000      0.796875000       5.94445765E-02  0.148027301      -1.95154644E-04
  0.265625000      0.796875000       7.21473843E-02  0.140677691      -1.69197586E-03
  0.296875000      0.796875000       8.45568627E-02  0.131775305      -3.61798145E-03
  0.328125000      0.796875000       9.62995738E-02  0.121648252      -5.86294150E-03
  0.359375000      0.796875000      0.107037969      0.110530466      -8.29688925E-03
  0.390625000      0.796875000      0.116473585       9.86289605E-02  -1.07808355E-02
  0.421875000      0.796875000      0.124351583       8.61532837E-02  -1.31764850E-02
  0.453125000      0.796875000      0.130465433       7.33226836E-02  -1.53551754E-02
  0.484375000      0.796875000      0.134659767       6.03595600E-02  -1.72056165E-02
  0.515625000      0.796875000      0.136830062       4.74755019E-02  -1.86398290E-02
  0.546875000      0.796875000      0.136918008       3.48544493E-02  -1.95967779E-02
  0.578125000      0.796875000      0.134904087       2.26335954E-02  -2.00435184E-02
  0.609375000      0.796875000      0.130789846       1.08537320E-02  -1.99750010E-02
  0.640625000      0.796875000      0.124416940      -8.31456040E-04  -1.94134302E-02
  0.671875000      0.796875000      0.115854904      -1.26063125E-02  -1.84582099E-02
  0.703125000      0.796875000      0.105378076      -2.45357696E-02  -1.70974471E-02
  0.734375000      0.796875000       9.30791050E-02  -3.72377485E-02  -1.53725352E-02
  0.765625000      0.796875000       7.90534914E-02  -5.20110838E-02  -1.33172674E-02
  0.796875000      0.796875000       6.33801296E-02  -7.15877265E-02  -1.09381843E-02
  0.828125000      0.796875000       4.60217372E-02 -0.101504818      -8.17868020E-03
  0.859375000      0.796875000       2.63981707E-02 -0.151858196      -4.86595463E-03
  0.890625000      0.796875000       1.75820151E-03 -0.237676427      -6.84974308E-04
  0.921875000      0.796875000      -2.35586595E-02 -0.359237850       6.15411531E-03
  0.953125000      0.796875000      -3.41524333E-02 -0.464171410       1.38538145E-02
  0.984375000      0.796875000      -1.67817920E-02 -0.407530069       1.80319156E-02
   1.56250000E-02  0.828125000      -1.51382759E-03   3.12234331E-02  -2.72239326E-04
   4.68750000E-02  0.828125000      -2.92761321E-03   8.00119191E-02  -6.78542565E-05
   7.81250000E-02  0.828125000       2.95666978E-05  0.113491483       6.35579694E-04
  0.109375000      0.828125000       7.61916209E-03  0.132884219       1.53051317E-03
  0.140625000      0.828125000       1.83969252E-02  0.141382247       2.33165617E-03
  0.171875000      0.828125000       3.14281732E-02  0.142596349       2.75857258E-03
  0.203125000      0.828125000       4.58941683E-02  0.139576912       2.60904431E-03
  0.234375000      0.828125000       6.09925985E-02  0.134031609       1.82616641E-03
  0.265625000      0.828125000       7.60948360E-02  0.126866758       4.50193533E-04
  0.296875000      0.828125000       9.07101557E-02  0.118562490      -1.42223225E-03
  0.328125000      0.828125000      0.104439341      0.109392837      -3.66317900E-03
  0.359375000      0.828125000      0.116947420       9.95454192E-02  -6.12873957E-03
  0.390625000      0.828125000      0.127951860       8.91818851E-02  -8.66981503E-03
  0.421875000      0.828125000      0.137219205       7.84642547E-02  -1.11409938E-02
  0.453125000      0.828125000      0.144565344       6.75616935E-02  -1.34084597E-02
  0.484375000      0.828125000      0.149855912       5.66458032E-02  -1.53566860E-02
  0.515625000      0.828125000      0.153004944       4.58797701E-02  -1.68934613E-02
  0.546875000      0.828125000      0.153971449       3.54048125E-02  -1.79529358E-02
  0.578125000      0.828125000      0.152753204       2.53234301E-02  -1.84964389E-02
  0.609375000      0.828125000      0.149371207       1.56669393E-02  -1.85111538E-02
  0.640625000      0.828125000      0.143805742       6.29908452E-03  -1.80050172E-02
  0.671875000      0.828125000      0.135928124      -3.29337711E-03  -1.70343611E-02
  0.703125000      0.828125000      0.125880599      -1.33222006E-02  -1.56509168E-02
  0.734375000      0.828125000      0.113923118      -2.41945926E-02  -1.38308257E-02
  0.765625000      0.828125000      0.100085631      -3.71930003E-02  -1.15670059E-02
  0.796875000      0.828125000       8.43967497E-02  -5.50478473E-02  -8.79879110E-03
  0.828125000      0.828125000       6.68565184E-02  -8.31529424E-02  -5.35818841E-03
  0.859375000      0.828125000       4.71798033E-02 -0.130919337      -8.78226594E-04
  0.890625000      0.828125000       2.42825113E-02 -0.211089998       5.24584204E-03
  0.921875000      0.828125000      -3.20525514E-03 -0.333033442       1.35707837E-02
  0.953125000      0.828125000      -2.31077820E-02 -0.459894478       2.49604732E-02
  0.984375000      0.828125000      -1.39906332E-02 -0.438308090       3.18092853E-02
   1.56250000E-02  0.859375000      -4.32735635E-03   3.70612442E-02  -4.95017797E-04
   4.68750000E-02  0.859375000      -1.07063046E-02   8.19590688E-02  -2.03569653E-04
   7.81250000E-02  0.859375000      -1.04669463E-02  0.108338684       9.35501186E-04
  0.109375000      0.859375000      -2.63937796E-03  0.122610152       2.39235908E-03
  0.140625000      0.859375000       1.01732872E-02  0.128055796       3.67094576E-03
  0.171875000      0.859375000       2.59099007E-02  0.127145022       4.51418478E-03
  0.203125000      0.859375000       4.33354750E-02  0.123127781       4.64622770E-03
  0.234375000      0.859375000       6.13089874E-02  0.117401779       4.02423413E-03
  0.265625000      0.859375000       7.90617689E-02  0.110637039       2.71721371E-03
  0.296875000      0.859375000       9.60651785E-02  0.103171796       8.48547032E-04
  0.328125000      0.859375000      0.111927837       9.51928645E-02  -1.43309927E-03
  0.359375000      0.859375000      0.126342446       8.68265107E-02  -3.96902952E-03
  0.390625000      0.859375000      0.139061928       7.81829059E-02  -6.60019275E-03
  0.421875000      0.859375000      0.149890348       6.93751425E-02  -9.17471200E-03
  0.453125000      0.859375000      0.158680245       6.05234765E-02  -1.15544852E-02
  0.484375000      0.859375000      0.165331781       5.17510884E-02  -1.36206765E-02
  0.515625000      0.859375000      0.169791132       4.31751348E-02  -1.52777769E-02
  0.546875000      0.859375000      0.172047228       3.48952971E-02  -1.64559297E-02
  0.578125000      0.859375000      0.172126383       2.69795451E-02  -1.71111152E-02
  0.609375000      0.859375000      0.170082733       1.94427371E-02  -1.72232985E-02
  0.640625000      0.859375000      0.165974125       1.22021846E-02  -1.67924426E-02
  0.671875000      0.859375000      0.159743026       4.91540367E-03  -1.58323720E-02
  0.703125000      0.859375000      0.151249439      -2.98853288E-03  -1.43854395E-02
  0.734375000      0.859375000      0.140705138      -1.20272078E-02  -1.24783684E-02
  0.765625000      0.859375000      0.128292829      -2.31137425E-02  -9.98928212E-03
  0.796875000      0.859375000      0.113884583      -3.90359238E-02  -6.73955586E-03
  0.828125000      0.859375000       9.73379090E-02  -6.50869906E-02  -2.37161620E-03
  0.859375000      0.859375000       7.81288892E-02 -0.110111803       3.80095188E-03
  0.890625000      0.859375000       5.48746400E-02 -0.185761243       1.28255524E-02
  0.921875000      0.859375000       2.56159306E-02 -0.301633298       2.55700201E-02
  0.953125000      0.859375000      -3.78231425E-03 -0.442012787       4.15207706E-02
  0.984375000      0.859375000      -8.40010680E-03 -0.460705817       5.32863736E-02
   1.56250000E-02  0.890625000      -9.11273994E-03   5.04973456E-02  -1.21908984E-03
   4.68750000E-02  0.890625000      -2.24780459E-02   8.82579610E-02  -6.22661435E-04
   7.81250000E-02  0.890625000      -2.44540684E-02  0.103765473       1.24246581E-03
  0.109375000      0.890625000      -1.54276071E-02  0.110317409       3.43872933E-03
  0.140625000      0.890625000       5.96962869E-04  0.111498609       5.20863431E-03
  0.171875000      0.890625000       2.02974156E-02  0.108252317       6.47841534E-03
  0.203125000      0.890625000       4.14656736E-02  0.103414685       6.83573959E-03
  0.234375000      0.890625000       6.28026500E-02   9.77942869E-02   6.30577467E-03
  0.265625000      0.890625000       8.35580081E-02   9.17289257E-02   5.00466581E-03
  0.296875000      0.890625000      0.103252828       8.53772610E-02   3.08705680E-03
  0.328125000      0.890625000      0.121552706       7.88235888E-02   7.22296361E-04
  0.359375000      0.890625000      0.138208449       7.21271187E-02  -1.91749958E-03
  0.390625000      0.890625000      0.153029829       6.53456151E-02  -4.66490351E-03
  0.421875000      0.890625000      0.165875375       5.85445985E-02  -7.36299483E-03
  0.453125000      0.890625000      0.176648930       5.17980158E-02  -9.87061020E-03
  0.484375000      0.890625000      0.185298353       4.51837070E-02  -1.20667452E-02
  0.515625000      0.890625000      0.191813707       3.87760252E-02  -1.38536543E-02
  0.546875000      0.890625000      0.196223408       3.26363966E-02  -1.51584279E-02
  0.578125000      0.890625000      0.198587805       2.68018469E-02  -1.59324184E-02
  0.609375000      0.890625000      0.198988989       2.12686490E-02  -1.61484592E-02
  0.640625000      0.890625000      0.197513580       1.59645472E-02  -1.57955904E-02
  0.671875000      0.890625000      0.194212586       1.06876632E-02  -1.48702655E-02
  0.703125000      0.890625000      0.188984856       4.96108364E-03  -1.33609734E-02
  0.734375000      0.890625000      0.181579858      -2.02923827E-03  -1.12572480E-02
  0.765625000      0.890625000      0.172111571      -1.12354988E-02  -8.53898656E-03
  0.796875000      0.890625000      0.160656661      -2.50585359E-02  -4.68312111E-03
  0.828125000      0.890625000      0.146664292      -4.85364571E-02   9.67537286E-04
  0.859375000      0.890625000      0.128781155      -8.95850509E-02   9.60816070E-03
  0.890625000      0.890625000      0.104297325     -0.158568323       2.30252724E-02
  0.921875000      0.890625000       7.00052157E-02 -0.265296578       4.28046435E-02
  0.953125000      0.890625000       2.76498366E-02 -0.406618714       6.76679462E-02
  0.984375000      0.890625000       2.63098627E-03 -0.466483325       8.77504870E-02
   1.56250000E-02  0.921875000      -1.58212334E-02   7.54267275E-02  -3.64914350E-03
   4.68750000E-02  0.921875000      -3.60095501E-02   9.68715101E-02  -1.82859064E-03
   7.81250000E-02  0.921875000      -3.60103250E-02   9.71158817E-02   1.41405140E-03
  0.109375000      0.921875000      -2.21806206E-02   9.40966457E-02   4.62421216E-03
  0.140625000      0.921875000      -3.30510084E-04   8.98293778E-02   6.97143795E-03
  0.171875000      0.921875000       2.50534974E-02   8.48214030E-02   8.58621486E-03
  0.203125000      0.921875000       5.09940013E-02   7.97219053E-02   9.07529984E-03
  0.234375000      0.921875000       7.64810294E-02   7.46500567E-02   8.55820999E-03
  0.265625000      0.921875000      0.100959614       6.96290135E-02   7.20301829E-03
  0.296875000      0.921875000      0.124081820       6.46532252E-02   5.19335130E-03
  0.328125000      0.921875000      0.145612389       5.97136989E-02   2.71569379E-03
  0.359375000      0.921875000      0.165384352       5.48090413E-02  -4.76135065E-05
  0.390625000      0.921875000      0.183279142       4.99500334E-02  -2.92321108E-03
  0.421875000      0.921875000      0.199218571       4.51599173E-02  -5.75099327E-03
  0.453125000      0.921875000      0.213162243       4.04717661E-02  -8.38814117E-03
  0.484375000      0.921875000      0.225106001       3.59239206E-02  -1.07125761E-02
  0.515625000      0.921875000      0.235079750       3.15541625E-02  -1.26254046E-02
  0.546875000      0.921875000      0.243142709       2.73927804E-02  -1.40516851E-02
  0.578125000      0.921875000      0.249375969       2.34542508E-02  -1.49391871E-02
  0.609375000      0.921875000      0.253870815       1.97255239E-02  -1.52544677E-02
  0.640625000      0.921875000      0.256711066       1.61466356E-02  -1.49756502E-02
  0.671875000      0.921875000      0.257945567       1.25740469E-02  -1.40802991E-02
  0.703125000      0.921875000      0.257543087       8.70482437E-03  -1.25251412E-02
  0.734375000      0.921875000      0.255293012       3.87949916E-03  -1.02114957E-02
  0.765625000      0.921875000      0.250845253      -3.23366420E-03  -7.02156033E-03
  0.796875000      0.921875000      0.243950769      -1.47199333E-02  -2.35280022E-03
  0.828125000      0.921875000      0.233662754      -3.46076414E-02   5.11553092E-03
  0.859375000      0.921875000      0.217188835      -6.91739619E-02   1.72732212E-02
  0.890625000      0.921875000      0.189660966     -0.126988769       3.69908251E-02
  0.921875000      0.921875000      0.145143807     -0.218090951       6.72066808E-02
  0.953125000      0.921875000       8.16275924E-02 -0.347978622      0.107350931    
  0.984375000      0.921875000       2.26810742E-02 -0.441180706      0.143292248    
   1.56250000E-02  0.953125000      -1.65782869E-02  0.107821226      -1.11814104E-02
   4.68750000E-02  0.953125000      -2.72481032E-02   9.53233615E-02  -4.18310240E-03
   7.81250000E-02  0.953125000      -7.84772448E-03   7.92500973E-02   1.58481509E-03
  0.109375000      0.953125000       2.16649175E-02   6.86040521E-02   6.01272844E-03
  0.140625000      0.953125000       5.41572794E-02   6.09620027E-02   9.07127932E-03
  0.171875000      0.953125000       8.69867206E-02   5.54572493E-02   1.08217858E-02
  0.203125000      0.953125000      0.119184867       5.09300381E-02   1.13172308E-02
  0.234375000      0.953125000      0.150148928       4.69754562E-02   1.07342890E-02
  0.265625000      0.953125000      0.179575264       4.33862694E-02   9.27604735E-03
  0.296875000      0.953125000      0.207298160       4.00419347E-02   7.14623649E-03
  0.328125000      0.953125000      0.233217657       3.68696153E-02   4.54222737E-03
  0.359375000      0.953125000      0.257270634       3.38263512E-02   1.65212003E-03
  0.390625000      0.953125000      0.279419690       3.08900308E-02  -1.34795718E-03
  0.421875000      0.953125000      0.299650252       2.80535333E-02  -4.29686997E-03
  0.453125000      0.953125000      0.317970037       2.53200065E-02  -7.05160154E-03
  0.484375000      0.953125000      0.334409416       2.26989165E-02  -9.49018728E-03
  0.515625000      0.953125000      0.349019796       2.02018972E-02  -1.15135312E-02
  0.546875000      0.953125000      0.361870348       1.78382583E-02  -1.30457031E-02
  0.578125000      0.953125000      0.373041868       1.56100430E-02  -1.40319727E-02
  0.609375000      0.953125000      0.382616520       1.35051915E-02  -1.44338729E-02
  0.640625000      0.953125000      0.390661418       1.14852749E-02  -1.42196715E-02
  0.671875000      0.953125000      0.397201955       9.46200360E-03  -1.33476444E-02
  0.703125000      0.953125000      0.402179539       7.24115595E-03  -1.17354477E-02
  0.734375000      0.953125000      0.405399501       4.37000534E-03  -9.20430664E-03
  0.765625000      0.953125000      0.406453788      -3.37041100E-04  -5.37685724E-03
  0.796875000      0.953125000      0.404285371      -8.56375974E-03   6.64875784E-04
  0.828125000      0.953125000      0.396475703      -2.26804093E-02   1.06367432E-02
  0.859375000      0.953125000      0.378537834      -4.67081070E-02   2.73251683E-02
  0.890625000      0.953125000      0.343273580      -8.66852179E-02   5.49515933E-02
  0.921875000      0.953125000      0.280806929     -0.151436567       9.86306518E-02
  0.953125000      0.953125000      0.181697220     -0.252034724      0.161100686    
  0.984375000      0.953125000       6.10023364E-02 -0.357507288      0.228495955    
   1.56250000E-02  0.984375000       6.21967763E-02   6.21984564E-02  -2.88774148E-02
   4.68750000E-02  0.984375000      0.169096678       4.47056927E-02  -3.57895624E-03
   7.81250000E-02  0.984375000      0.246674031       3.28771137E-02   5.09621436E-03
  0.109375000      0.984375000      0.305834413       2.62894351E-02   9.59574152E-03
  0.140625000      0.984375000      0.354359895       2.22428031E-02   1.22929858E-02
  0.171875000      0.984375000      0.396143019       1.95473246E-02   1.36808744E-02
  0.203125000      0.984375000      0.433226228       1.75426453E-02   1.38857700E-02
  0.234375000      0.984375000      0.466686845       1.59239732E-02   1.30658010E-02
  0.265625000      0.984375000      0.497146219       1.45403724E-02   1.14066405E-02
  0.296875000      0.984375000      0.524992704       1.33098355E-02   9.10159294E-03
  0.328125000      0.984375000      0.550484896       1.21846655E-02   6.34167762E-03
  0.359375000      0.984375000      0.573804617       1.11362096E-02   3.31074046E-03
  0.390625000      0.984375000      0.595088482       1.01475958E-02   1.81638214E-04
  0.421875000      0.984375000      0.614446700       9.20969155E-03  -2.88706878E-03
  0.453125000      0.984375000      0.631976366       8.31840001E-03  -5.75439259E-03
  0.484375000      0.984375000      0.647769690       7.47288391E-03  -8.29983130E-03
  0.515625000      0.984375000      0.661918759       6.67398330E-03  -1.04251243E-02
  0.546875000      0.984375000      0.674517393       5.92245394E-03  -1.20542319E-02
  0.578125000      0.984375000      0.685659289       5.21740876E-03  -1.31310504E-02
  0.609375000      0.984375000      0.695432425       4.55408450E-03  -1.36137307E-02
  0.640625000      0.984375000      0.703907132       3.91952461E-03  -1.34632327E-02
  0.671875000      0.984375000      0.711111307       3.28422803E-03  -1.26216533E-02
  0.703125000      0.984375000      0.716973543       2.57834909E-03  -1.09659722E-02
  0.734375000      0.984375000      0.721166849       1.61636574E-03  -8.19344819E-03
  0.765625000      0.984375000      0.722651899      -1.28707383E-04  -3.48946219E-03
  0.796875000      0.984375000      0.719279170      -3.24013014E-03   4.13699681E-03
  0.828125000      0.984375000      0.707552791      -8.48081801E-03   1.65930614E-02
  0.859375000      0.984375000      0.681815684      -1.72493216E-02   3.74283865E-02
  0.890625000      0.984375000      0.632737041      -3.18210237E-02   7.19454885E-02
  0.921875000      0.984375000      0.544893503      -5.60131669E-02  0.127230793    
  0.953125000      0.984375000      0.392695695      -9.61746573E-02  0.210500956    
  0.984375000      0.984375000      0.148257956     -0.148255005      0.322145969    
