 VARIABLES="X","Y","U","V","P"
 ZONE F=POINT, I=          32 , J=          32
   1.56250000E-02   1.56250000E-02   1.87822254E-04  -1.89832863E-04   1.28102163E-02
   4.68750000E-02   1.56250000E-02   4.96940338E-04  -1.23984486E-04   1.27740940E-02
   7.81250000E-02   1.56250000E-02   5.57343476E-04   5.82571702E-05   1.26898922E-02
  0.109375000       1.56250000E-02   2.56835861E-04   2.37053464E-04   1.25728277E-02
  0.140625000       1.56250000E-02  -3.84618208E-04   3.99379409E-04   1.24314241E-02
  0.171875000       1.56250000E-02  -1.35193451E-03   5.63147943E-04   1.22698005E-02
  0.203125000       1.56250000E-02  -2.66255205E-03   7.42962875E-04   1.20920800E-02
  0.234375000       1.56250000E-02  -4.35142592E-03   9.41731734E-04   1.19044809E-02
  0.265625000       1.56250000E-02  -6.45010173E-03   1.15313684E-03   1.17166378E-02
  0.296875000       1.56250000E-02  -8.97155516E-03   1.36490702E-03   1.15421880E-02
  0.328125000       1.56250000E-02  -1.18999993E-02   1.56053610E-03   1.13990745E-02
  0.359375000       1.56250000E-02  -1.51832122E-02   1.72007200E-03   1.13094021E-02
  0.390625000       1.56250000E-02  -1.87266581E-02   1.82111771E-03   1.12986946E-02
  0.421875000       1.56250000E-02  -2.23902725E-02   1.84052286E-03   1.13942549E-02
  0.453125000       1.56250000E-02  -2.59892382E-02   1.75666867E-03   1.16226673E-02
  0.484375000       1.56250000E-02  -2.92994045E-02   1.55180425E-03   1.20064681E-02
  0.515625000       1.56250000E-02  -3.20670158E-02   1.21405616E-03   1.25601096E-02
  0.546875000       1.56250000E-02  -3.40222716E-02   7.39265524E-04   1.32853724E-02
  0.578125000       1.56250000E-02  -3.48990262E-02   1.35257855E-04   1.41662359E-02
  0.609375000       1.56250000E-02  -3.44813243E-02  -5.55590610E-04   1.51441190E-02
  0.640625000       1.56250000E-02  -3.25709656E-02  -1.35785609E-03   1.61295161E-02
  0.671875000       1.56250000E-02  -2.90347058E-02  -2.18197005E-03   1.70385260E-02
  0.703125000       1.56250000E-02  -2.39473302E-02  -2.90941540E-03   1.77746508E-02
  0.734375000       1.56250000E-02  -1.76379718E-02  -3.40433721E-03   1.82494968E-02
  0.765625000       1.56250000E-02  -1.07127447E-02  -3.52556934E-03   1.84080955E-02
  0.796875000       1.56250000E-02  -4.03657835E-03  -3.15544475E-03   1.82535108E-02
  0.828125000       1.56250000E-02   1.36352808E-03  -2.24957592E-03   1.78648345E-02
  0.859375000       1.56250000E-02   4.60578222E-03  -9.97570110E-04   1.73691232E-02
  0.890625000       1.56250000E-02   5.44855651E-03   1.49980944E-04   1.69000998E-02
  0.921875000       1.56250000E-02   4.39970847E-03   8.94147612E-04   1.65574476E-02
  0.953125000       1.56250000E-02   2.38297763E-03   1.11796148E-03   1.63800288E-02
  0.984375000       1.56250000E-02   6.31365168E-04   6.29946706E-04   1.63655709E-02
   1.56250000E-02   4.68750000E-02   9.63630737E-05  -4.78762318E-04   1.28462948E-02
   4.68750000E-02   4.68750000E-02  -2.74105842E-05  -3.12398333E-05   1.28069520E-02
   7.81250000E-02   4.68750000E-02  -9.02558502E-04   7.68184487E-04   1.27312280E-02
  0.109375000       4.68750000E-02  -2.63904082E-03   1.55233766E-03   1.26282414E-02
  0.140625000       4.68750000E-02  -5.21454168E-03   2.28968356E-03   1.25026740E-02
  0.171875000       4.68750000E-02  -8.62306077E-03   3.03784665E-03   1.23572955E-02
  0.203125000       4.68750000E-02  -1.28879286E-02   3.83357354E-03   1.21953879E-02
  0.234375000       4.68750000E-02  -1.80259421E-02   4.66859760E-03   1.20221367E-02
  0.265625000       4.68750000E-02  -2.40099430E-02   5.50040230E-03   1.18455905E-02
  0.296875000       4.68750000E-02  -3.07453871E-02   6.26692362E-03   1.16774328E-02
  0.328125000       4.68750000E-02  -3.80616039E-02   6.89652702E-03   1.15336459E-02
  0.359375000       4.68750000E-02  -4.57143560E-02   7.31432158E-03   1.14347767E-02
  0.390625000       4.68750000E-02  -5.33963479E-02   7.44741596E-03   1.14055080E-02
  0.421875000       4.68750000E-02  -6.07529581E-02   7.23024504E-03   1.14732310E-02
  0.453125000       4.68750000E-02  -6.74007386E-02   6.60996232E-03   1.16655976E-02
  0.484375000       4.68750000E-02  -7.29467645E-02   5.55117382E-03   1.20071331E-02
  0.515625000       4.68750000E-02  -7.70076960E-02   4.03961167E-03   1.25150401E-02
  0.546875000       4.68750000E-02  -7.92276859E-02   2.08494393E-03   1.31948274E-02
  0.578125000       4.68750000E-02  -7.92900920E-02  -2.75934057E-04   1.40371257E-02
  0.609375000       4.68750000E-02  -7.68996179E-02  -2.95816129E-03   1.49578471E-02
  0.640625000       4.68750000E-02  -7.18900710E-02  -5.88180777E-03   1.58980973E-02
  0.671875000       4.68750000E-02  -6.43200800E-02  -8.77199229E-03   1.67707875E-02
  0.703125000       4.68750000E-02  -5.44546023E-02  -1.12810023E-02   1.74807571E-02
  0.734375000       4.68750000E-02  -4.27986346E-02  -1.30077144E-02   1.79424770E-02
  0.765625000       4.68750000E-02  -3.01331729E-02  -1.35231940E-02   1.81043167E-02
  0.796875000       4.68750000E-02  -1.75385103E-02  -1.24393851E-02   1.79727580E-02
  0.828125000       4.68750000E-02  -6.36140164E-03  -9.55376495E-03   1.76241212E-02
  0.859375000       4.68750000E-02   1.88743486E-03  -5.19536249E-03   1.71921905E-02
  0.890625000       4.68750000E-02   6.02882775E-03  -6.47131063E-04   1.67909246E-02
  0.921875000       4.68750000E-02   6.19357685E-03   2.56482954E-03   1.65020432E-02
  0.953125000       4.68750000E-02   3.85203259E-03   3.79523076E-03   1.63529292E-02
  0.984375000       4.68750000E-02   1.14494853E-03   2.40286719E-03   1.63468383E-02
   1.56250000E-02   7.81250000E-02  -2.31162761E-04  -3.49466165E-04   1.29342135E-02
   4.68750000E-02   7.81250000E-02  -1.37287774E-03   1.09259272E-03   1.28768329E-02
   7.81250000E-02   7.81250000E-02  -3.84392729E-03   2.97697354E-03   1.27990171E-02
  0.109375000       7.81250000E-02  -7.55757466E-03   4.78045223E-03   1.27020320E-02
  0.140625000       7.81250000E-02  -1.24322502E-02   6.49901666E-03   1.25847068E-02
  0.171875000       7.81250000E-02  -1.84378363E-02   8.23053718E-03   1.24460794E-02
  0.203125000       7.81250000E-02  -2.55495850E-02   1.00062229E-02   1.22867916E-02
  0.234375000       7.81250000E-02  -3.36946920E-02   1.17687266E-02   1.21097527E-02
  0.265625000       7.81250000E-02  -4.27224115E-02   1.34026976E-02   1.19208805E-02
  0.296875000       7.81250000E-02  -5.23983128E-02   1.47678219E-02   1.17300935E-02
  0.328125000       7.81250000E-02  -6.24143630E-02   1.57209150E-02   1.15523692E-02
  0.359375000       7.81250000E-02  -7.24067986E-02   1.61292776E-02   1.14083495E-02
  0.390625000       7.81250000E-02  -8.19767267E-02   1.58795770E-02   1.13240741E-02
  0.421875000       7.81250000E-02  -9.07105654E-02   1.48845986E-02   1.13295605E-02
  0.453125000       7.81250000E-02  -9.81988534E-02   1.30883325E-02   1.14561524E-02
  0.484375000       7.81250000E-02 -0.104052603       1.04695316E-02   1.17327627E-02
  0.515625000       7.81250000E-02 -0.107917324       7.04384502E-03   1.21812038E-02
  0.546875000       7.81250000E-02 -0.109485403       2.86530890E-03   1.28109772E-02
  0.578125000       7.81250000E-02 -0.108512178      -1.97129091E-03   1.36120841E-02
  0.609375000       7.81250000E-02 -0.104807392      -7.36325374E-03   1.45012243E-02
  0.640625000       7.81250000E-02  -9.83110741E-02  -1.29889371E-02   1.54312812E-02
  0.671875000       7.81250000E-02  -8.91391486E-02  -1.84143931E-02   1.63130313E-02
  0.703125000       7.81250000E-02  -7.75480270E-02  -2.31040232E-02   1.70489773E-02
  0.734375000       7.81250000E-02  -6.39703423E-02  -2.64282301E-02   1.75499544E-02
  0.765625000       7.81250000E-02  -4.90612835E-02  -2.76879258E-02   1.77585408E-02
  0.796875000       7.81250000E-02  -3.37473974E-02  -2.61944979E-02   1.76735260E-02
  0.828125000       7.81250000E-02  -1.92634817E-02  -2.14712713E-02   1.73640884E-02
  0.859375000       7.81250000E-02  -7.12256506E-03  -1.36792678E-02   1.69572830E-02
  0.890625000       7.81250000E-02   1.01495325E-03  -4.45369445E-03   1.65798534E-02
  0.921875000       7.81250000E-02   4.13221354E-03   3.07801086E-03   1.63058192E-02
  0.953125000       7.81250000E-02   3.26283975E-03   6.48178440E-03   1.61702000E-02
  0.984375000       7.81250000E-02   1.06643757E-03   4.61038109E-03   1.61636509E-02
   1.56250000E-02  0.109375000      -6.80996396E-04   5.57113148E-04   1.30490297E-02
   4.68750000E-02  0.109375000      -3.13435588E-03   3.76856094E-03   1.29648540E-02
   7.81250000E-02  0.109375000      -7.50083383E-03   7.12479651E-03   1.28775928E-02
  0.109375000      0.109375000      -1.33664403E-02   1.01985475E-02   1.27776144E-02
  0.140625000      0.109375000      -2.05306541E-02   1.31070465E-02   1.26564661E-02
  0.171875000      0.109375000      -2.88999435E-02   1.59853697E-02   1.25083141E-02
  0.203125000      0.109375000      -3.83736007E-02   1.88257098E-02   1.23302173E-02
  0.234375000      0.109375000      -4.87838723E-02   2.14946158E-02   1.21222800E-02
  0.265625000      0.109375000      -5.98831922E-02   2.37950534E-02   1.18884249E-02
  0.296875000      0.109375000      -7.13559836E-02   2.55166739E-02   1.16377110E-02
  0.328125000      0.109375000      -8.28389600E-02   2.64649633E-02   1.13856914E-02
  0.359375000      0.109375000      -9.39424410E-02   2.64763162E-02   1.11551257E-02
  0.390625000      0.109375000     -0.104269706       2.54260972E-02   1.09756440E-02
  0.421875000      0.109375000     -0.113433801       2.32333913E-02   1.08819678E-02
  0.453125000      0.109375000     -0.121071443       1.98635720E-02   1.09107886E-02
  0.484375000      0.109375000     -0.126854002       1.53291235E-02   1.10964775E-02
  0.515625000      0.109375000     -0.130495489       9.68902279E-03   1.14660449E-02
  0.546875000      0.109375000     -0.131756097       3.04706162E-03   1.20342523E-02
  0.578125000      0.109375000     -0.130435377      -4.44941502E-03   1.27775753E-02
  0.609375000      0.109375000     -0.126421839      -1.26068555E-02   1.36511968E-02
  0.640625000      0.109375000     -0.119693965      -2.09741406E-02   1.45936171E-02
  0.671875000      0.109375000     -0.110295497      -2.90054828E-02   1.55186765E-02
  0.703125000      0.109375000      -9.83798355E-02  -3.60269174E-02   1.63274482E-02
  0.734375000      0.109375000      -8.42414200E-02  -4.12298180E-02   1.69249326E-02
  0.765625000      0.109375000      -6.83602244E-02  -4.36859578E-02   1.72423460E-02
  0.796875000      0.109375000      -5.14604375E-02  -4.24202383E-02   1.72614716E-02
  0.828125000      0.109375000      -3.45836207E-02  -3.66168246E-02   1.70317683E-02
  0.859375000      0.109375000      -1.91660561E-02  -2.61029787E-02   1.66654140E-02
  0.890625000      0.109375000      -7.04592420E-03  -1.22984564E-02   1.62964556E-02
  0.921875000      0.109375000      -2.10317085E-05   7.69873848E-04   1.60126910E-02
  0.953125000      0.109375000       1.76133937E-03   7.86629133E-03   1.58559289E-02
  0.984375000      0.109375000       7.50755484E-04   6.42388221E-03   1.58251524E-02
   1.56250000E-02  0.140625000      -1.17632002E-03   2.40877480E-03   1.31560471E-02
   4.68750000E-02  0.140625000      -5.01295738E-03   8.19420628E-03   1.30417021E-02
   7.81250000E-02  0.140625000      -1.12682134E-02   1.33070070E-02   1.29392296E-02
  0.109375000      0.140625000      -1.91487111E-02   1.77490450E-02   1.28255924E-02
  0.140625000      0.140625000      -2.83141434E-02   2.18734872E-02   1.26844691E-02
  0.171875000      0.140625000      -3.85989919E-02   2.58612540E-02   1.25050135E-02
  0.203125000      0.140625000      -4.98390645E-02   2.96528451E-02   1.22806905E-02
  0.234375000      0.140625000      -6.18089437E-02   3.30382064E-02   1.20091001E-02
  0.265625000      0.140625000      -7.42197335E-02   3.57535779E-02   1.16930474E-02
  0.296875000      0.140625000      -8.67375582E-02   3.75423059E-02   1.13421287E-02
  0.328125000      0.140625000      -9.90046561E-02   3.81845310E-02   1.09741967E-02
  0.359375000      0.140625000     -0.110657588       3.75097916E-02   1.06159039E-02
  0.390625000      0.140625000     -0.121341735       3.54020745E-02   1.03019793E-02
  0.421875000      0.140625000     -0.130722508       3.18015069E-02   1.00729093E-02
  0.453125000      0.140625000     -0.138493329       2.67040506E-02   9.97124519E-03
  0.484375000      0.140625000     -0.144381151       2.01596748E-02   1.00367311E-02
  0.515625000      0.140625000     -0.148149580       1.22691551E-02   1.03007033E-02
  0.546875000      0.140625000     -0.149600625       3.17913806E-03   1.07802935E-02
  0.578125000      0.140625000     -0.148576930      -6.92600477E-03   1.14618447E-02
  0.609375000      0.140625000     -0.144962281      -1.77594852E-02   1.23147648E-02
  0.640625000      0.140625000     -0.138677984      -2.88359486E-02   1.32805016E-02
  0.671875000      0.140625000     -0.129695863      -3.95279080E-02   1.42759578E-02
  0.703125000      0.140625000     -0.118065521      -4.90555316E-02   1.52016729E-02
  0.734375000      0.140625000     -0.103942811      -5.64686954E-02   1.59559827E-02
  0.765625000      0.140625000      -8.76327902E-02  -6.06458187E-02   1.64549053E-02
  0.796875000      0.140625000      -6.96555972E-02  -6.03458025E-02   1.66553780E-02
  0.828125000      0.140625000      -5.08451238E-02  -5.43876886E-02   1.65751856E-02
  0.859375000      0.140625000      -3.24912183E-02  -4.21131551E-02   1.62978992E-02
  0.890625000      0.140625000      -1.64973382E-02  -2.44120881E-02   1.59487538E-02
  0.921875000      0.140625000      -5.23480028E-03  -5.41379675E-03   1.56385247E-02
  0.953125000      0.140625000      -1.70293381E-04   7.19321473E-03   1.54298954E-02
  0.984375000      0.140625000       3.78842931E-04   7.55003281E-03   1.53527465E-02
   1.56250000E-02  0.171875000      -1.65178184E-03   5.23117464E-03   1.32117905E-02
   4.68750000E-02  0.171875000      -6.76520914E-03   1.43090859E-02   1.30678564E-02
   7.81250000E-02  0.171875000      -1.46808969E-02   2.13491339E-02   1.29450597E-02
  0.109375000      0.171875000      -2.42460836E-02   2.71392595E-02   1.28059536E-02
  0.140625000      0.171875000      -3.49932387E-02   3.23833637E-02   1.26267048E-02
  0.171875000      0.171875000      -4.66990322E-02   3.73306051E-02   1.23920310E-02
  0.203125000      0.171875000      -5.91635145E-02   4.18779664E-02   1.20924124E-02
  0.234375000      0.171875000      -7.21430182E-02   4.57539335E-02   1.17238294E-02
  0.265625000      0.171875000      -8.53498876E-02   4.86486815E-02   1.12890843E-02
  0.296875000      0.171875000      -9.84700769E-02   5.02801910E-02   1.07996156E-02
  0.328125000      0.171875000     -0.111180574       5.04210517E-02   1.02768019E-02
  0.359375000      0.171875000     -0.123162627       4.89068404E-02   9.75217670E-03
  0.390625000      0.171875000     -0.134110868       4.56376299E-02   9.26621445E-03
  0.421875000      0.171875000     -0.143739104       4.05765176E-02   8.86549708E-03
  0.453125000      0.171875000     -0.151783556       3.37469205E-02   8.59853439E-03
  0.484375000      0.171875000     -0.158004791       2.52291169E-02   8.51047132E-03
  0.515625000      0.171875000     -0.162189350       1.51561759E-02   8.63704085E-03
  0.546875000      0.171875000     -0.164152354       3.70946364E-03   8.99832882E-03
  0.578125000      0.171875000     -0.163742989      -8.88670329E-03   9.59626585E-03
  0.609375000      0.171875000     -0.160829782      -2.23249234E-02   1.04164286E-02
  0.640625000      0.171875000     -0.155293524      -3.60905975E-02   1.14077963E-02
  0.671875000      0.171875000     -0.147046164      -4.95037138E-02   1.24927331E-02
  0.703125000      0.171875000     -0.136045322      -6.17133901E-02   1.35730021E-02
  0.734375000      0.171875000     -0.122315466      -7.16673657E-02   1.45406649E-02
  0.765625000      0.171875000     -0.105988964      -7.80889913E-02   1.52944643E-02
  0.796875000      0.171875000      -8.73781070E-02  -7.94971585E-02   1.57608204E-02
  0.828125000      0.171875000      -6.70936108E-02  -7.43387192E-02   1.59156043E-02
  0.859375000      0.171875000      -4.62324843E-02  -6.13852292E-02   1.57990344E-02
  0.890625000      0.171875000      -2.66488269E-02  -4.07260731E-02   1.55115724E-02
  0.921875000      0.171875000      -1.11324526E-02  -1.58874989E-02   1.51776569E-02
  0.953125000      0.171875000      -2.40563462E-03   3.86669650E-03   1.48948729E-02
  0.984375000      0.171875000      -5.77850005E-06   7.91996159E-03   1.47512741E-02
   1.56250000E-02  0.203125000      -2.05065729E-03   8.92791431E-03   1.31693687E-02
   4.68750000E-02  0.203125000      -8.20392556E-03   2.18662955E-02   1.29988734E-02
   7.81250000E-02  0.203125000      -1.74212940E-02   3.09111550E-02   1.28510604E-02
  0.109375000      0.203125000      -2.82536224E-02   3.79616395E-02   1.26748402E-02
  0.140625000      0.203125000      -4.01317850E-02   4.41742241E-02   1.24399522E-02
  0.171875000      0.203125000      -5.27936444E-02   4.98966463E-02   1.21275354E-02
  0.203125000      0.203125000      -6.60274327E-02   5.50010391E-02   1.17259240E-02
  0.234375000      0.203125000      -7.95974582E-02   5.91730773E-02   1.12303626E-02
  0.265625000      0.203125000      -9.32402164E-02   6.20738640E-02   1.06445709E-02
  0.296875000      0.203125000     -0.106677502       6.34092912E-02   9.98258870E-03
  0.328125000      0.203125000     -0.119628802       6.29526749E-02   9.26989317E-03
  0.359375000      0.203125000     -0.131819487       6.05489239E-02   8.54323618E-03
  0.390625000      0.203125000     -0.142985463       5.61125576E-02   7.84901809E-03
  0.421875000      0.203125000     -0.152875274       4.96239141E-02   7.24007003E-03
  0.453125000      0.203125000     -0.161251068       4.11252305E-02   6.77120080E-03
  0.484375000      0.203125000     -0.167890072       3.07172667E-02   6.49358705E-03
  0.515625000      0.203125000     -0.172587514       1.85565054E-02   6.44847844E-03
  0.546875000      0.203125000     -0.175162375       4.85328306E-03   6.66057831E-03
  0.578125000      0.203125000     -0.175466791      -1.01297749E-02   7.14525720E-03
  0.609375000      0.203125000     -0.173370510      -2.60866582E-02   7.91367702E-03
  0.640625000      0.203125000     -0.168740883      -4.24913578E-02   8.92409123E-03
  0.671875000      0.203125000     -0.161447346      -5.86419478E-02   1.01065990E-02
  0.703125000      0.203125000     -0.151367188      -7.36559033E-02   1.13665052E-02
  0.734375000      0.203125000     -0.138399944      -8.64233077E-02   1.25914551E-02
  0.765625000      0.203125000     -0.122506216      -9.55561846E-02   1.36632938E-02
  0.796875000      0.203125000     -0.103784330      -9.93670225E-02   1.44754741E-02
  0.828125000      0.203125000      -8.26037973E-02  -9.59393680E-02   1.49549413E-02
  0.859375000      0.203125000      -5.98253831E-02  -8.34304988E-02   1.50854513E-02
  0.890625000      0.203125000      -3.71494628E-02  -6.09474406E-02   1.49243101E-02
  0.921875000      0.203125000      -1.75496247E-02  -3.07898447E-02   1.45957088E-02
  0.953125000      0.203125000      -4.87491023E-03  -2.64024013E-03   1.42441615E-02
  0.984375000      0.203125000      -3.82982427E-04   7.52843544E-03   1.40077723E-02
   1.56250000E-02  0.234375000      -2.33156304E-03   1.33045278E-02   1.29852537E-02
   4.68750000E-02  0.234375000      -9.20679700E-03   3.05056646E-02   1.27927912E-02
   7.81250000E-02  0.234375000      -1.93066765E-02   4.15755436E-02   1.26161147E-02
  0.109375000      0.234375000      -3.09654959E-02   4.97757792E-02   1.23927556E-02
  0.140625000      0.234375000      -4.35367078E-02   5.67980744E-02   1.20874606E-02
  0.171875000      0.234375000      -5.67334890E-02   6.31216317E-02   1.16786901E-02
  0.203125000      0.234375000      -7.03467354E-02   6.86151758E-02   1.11533049E-02
  0.234375000      0.234375000      -8.41615573E-02   7.29380324E-02   1.05063999E-02
  0.265625000      0.234375000      -9.79468375E-02   7.57335350E-02   9.74307396E-03
  0.296875000      0.234375000     -0.111462578       7.67016485E-02   8.88024643E-03
  0.328125000      0.234375000     -0.124467447       7.56178796E-02   7.94760324E-03
  0.359375000      0.234375000     -0.136723191       7.23337904E-02   6.98714145E-03
  0.390625000      0.234375000     -0.147996441       6.67725801E-02   6.05129497E-03
  0.421875000      0.234375000     -0.158059761       5.89242987E-02   5.19951154E-03
  0.453125000      0.234375000     -0.166692942       4.88423333E-02   4.49360488E-03
  0.484375000      0.234375000     -0.173685983       3.66415009E-02   3.99196474E-03
  0.515625000      0.234375000     -0.178844526       2.24977881E-02   3.74301756E-03
  0.546875000      0.234375000     -0.181997642       6.64926879E-03   3.77831399E-03
  0.578125000      0.234375000     -0.183008566      -1.06017627E-02   4.11953684E-03
  0.609375000      0.234375000     -0.181767136      -2.89447680E-02   4.81297635E-03
  0.640625000      0.234375000     -0.178151131      -4.78726327E-02   5.82709396E-03
  0.671875000      0.234375000     -0.172003359      -6.66973144E-02   7.10167084E-03
  0.703125000      0.234375000     -0.163132608      -8.45484883E-02   8.54839012E-03
  0.734375000      0.234375000     -0.151321262     -0.100308090       1.00539122E-02
  0.765625000      0.234375000     -0.136360288     -0.112526596       1.14865042E-02
  0.796875000      0.234375000     -0.118128449     -0.119352400       1.27081927E-02
  0.828125000      0.234375000      -9.67364162E-02 -0.118529990       1.35944765E-02
  0.859375000      0.234375000      -7.27690011E-02 -0.107590288       1.40629634E-02
  0.890625000      0.234375000      -4.76830453E-02  -8.45549852E-02   1.41088255E-02
  0.921875000      0.234375000      -2.44173110E-02  -5.00539467E-02   1.38325030E-02
  0.953125000      0.234375000      -7.71792931E-03  -1.27566941E-02   1.34165045E-02
  0.984375000      0.234375000      -8.56859901E-04   6.28624251E-03   1.30784800E-02
   1.56250000E-02  0.265625000      -2.47126236E-03   1.81019511E-02   1.26261665E-02
   4.68750000E-02  0.265625000      -9.71277244E-03   3.98129448E-02   1.24173723E-02
   7.81250000E-02  0.265625000      -2.02606209E-02   5.29031157E-02   1.22093484E-02
  0.109375000      0.265625000      -3.23140621E-02   6.21486157E-02   1.19314520E-02
  0.140625000      0.265625000      -4.51665744E-02   6.98385611E-02   1.15450062E-02
  0.171875000      0.265625000      -5.85135445E-02   7.66163543E-02   1.10265044E-02
  0.203125000      0.265625000      -7.21544921E-02   8.23682994E-02   1.03617581E-02
  0.234375000      0.265625000      -8.58988687E-02   8.67402330E-02   9.54595208E-03
  0.265625000      0.265625000      -9.95477438E-02   8.93642455E-02   8.58564116E-03
  0.296875000      0.265625000     -0.112895362       8.99357647E-02   7.50058936E-03
  0.328125000      0.265625000     -0.125732884       8.82302523E-02   6.32459112E-03
  0.359375000      0.265625000     -0.137850538       8.41013193E-02   5.10489661E-03
  0.390625000      0.265625000     -0.149038881       7.74752721E-02   3.90019012E-03
  0.421875000      0.265625000     -0.159090519       6.83469027E-02   2.77709030E-03
  0.453125000      0.265625000     -0.167803600       5.67775071E-02   1.80531526E-03
  0.484375000      0.265625000     -0.174986988       4.28949893E-02   1.05171802E-03
  0.515625000      0.265625000     -0.180467188       2.68954467E-02   5.73458849E-04
  0.546875000      0.265625000     -0.184095263       9.04488657E-03   4.11073794E-04
  0.578125000      0.265625000     -0.185751200      -1.03191938E-02   5.85693633E-04
  0.609375000      0.265625000     -0.185360432      -3.08493394E-02   1.18003634E-03
  0.640625000      0.265625000     -0.182833552      -5.21021858E-02   2.17516534E-03
  0.671875000      0.265625000     -0.178001374      -7.34406114E-02   3.52206687E-03
  0.703125000      0.265625000     -0.170618683      -9.40532759E-02   5.14182914E-03
  0.734375000      0.265625000     -0.160361454     -0.112868339       6.92499150E-03
  0.765625000      0.265625000     -0.146855801     -0.128431216       8.73237569E-03
  0.796875000      0.265625000     -0.129757285     -0.138778090       1.04004992E-02
  0.828125000      0.265625000     -0.108902067     -0.141353041       1.17561808E-02
  0.859375000      0.265625000      -8.45653266E-02 -0.133074179       1.26463370E-02
  0.890625000      0.265625000      -5.78930676E-02 -0.110833138       1.29879685E-02
  0.921875000      0.265625000      -3.16232182E-02  -7.33159706E-02   1.28313322E-02
  0.953125000      0.265625000      -1.09825032E-02  -2.68398523E-02   1.23831695E-02
  0.984375000      0.265625000      -1.45309535E-03   3.97438603E-03   1.19317062E-02
   1.56250000E-02  0.296875000      -2.46336451E-03   2.30314918E-02   1.20742032E-02
   4.68750000E-02  0.296875000      -9.71119199E-03   4.93614450E-02   1.18553108E-02
   7.81250000E-02  0.296875000      -2.02844013E-02   6.44637123E-02   1.16151609E-02
  0.109375000      0.296875000      -3.23245414E-02   7.46708065E-02   1.12784766E-02
  0.140625000      0.296875000      -4.50761616E-02   8.29113722E-02   1.08046457E-02
  0.171875000      0.296875000      -5.82176670E-02   9.00250077E-02   1.01688216E-02
  0.203125000      0.296875000      -7.15571493E-02   9.59355310E-02   9.35593713E-03
  0.234375000      0.296875000      -8.49269181E-02  0.100285366       8.36127345E-03
  0.265625000      0.296875000      -9.81564820E-02  0.102698676       7.19270483E-03
  0.296875000      0.296875000     -0.111068882      0.102865428       5.87265799E-03
  0.328125000      0.296875000     -0.123481758      0.100557856       4.43891855E-03
  0.359375000      0.296875000     -0.135208756       9.56277549E-02   2.94405711E-03
  0.390625000      0.296875000     -0.146061569       8.80015343E-02   1.45332213E-03
  0.421875000      0.296875000     -0.155853689       7.76776150E-02   4.10667853E-05
  0.453125000      0.296875000     -0.164406121       6.47266284E-02  -1.21432578E-03
  0.484375000      0.296875000     -0.171555072       4.92930487E-02  -2.23670155E-03
  0.515625000      0.296875000     -0.177159488       3.15968543E-02  -2.95941508E-03
  0.546875000      0.296875000     -0.181106955       1.19334031E-02  -3.33272200E-03
  0.578125000      0.296875000     -0.183315948      -9.32935160E-03  -3.33072362E-03
  0.609375000      0.296875000     -0.183749557      -3.17841545E-02  -2.85848253E-03
  0.640625000      0.296875000     -0.182352602      -5.50805181E-02  -1.90960499E-03
  0.671875000      0.296875000     -0.178968459      -7.86696002E-02  -5.22462884E-04
  0.703125000      0.296875000     -0.173318982     -0.101849258       1.23587425E-03
  0.734375000      0.296875000     -0.164989412     -0.123653769       3.26541718E-03
  0.765625000      0.296875000     -0.153449476     -0.142687768       5.42801898E-03
  0.796875000      0.296875000     -0.138130248     -0.156937435       7.54466746E-03
  0.828125000      0.296875000     -0.118579581     -0.163599312       9.40186437E-03
  0.859375000      0.296875000      -9.47326422E-02 -0.159012690       1.07775880E-02
  0.890625000      0.296875000      -6.73679188E-02 -0.138933837       1.14996033E-02
  0.921875000      0.296875000      -3.88981029E-02  -9.99580398E-02   1.15406560E-02
  0.953125000      0.296875000      -1.46586299E-02  -4.50816825E-02   1.11031514E-02
  0.984375000      0.296875000      -2.24754051E-03   2.72313249E-04   1.05411708E-02
   1.56250000E-02  0.328125000      -2.31534499E-03   2.78055426E-02   1.13292634E-02
   4.68750000E-02  0.328125000      -9.23017599E-03   5.87397441E-02   1.11067342E-02
   7.81250000E-02  0.328125000      -1.94352083E-02   7.58528858E-02   1.08354706E-02
  0.109375000      0.328125000      -3.10867615E-02   8.69638920E-02   1.04390001E-02
  0.140625000      0.328125000      -4.33875173E-02   9.56630707E-02   9.87621397E-03
  0.171875000      0.328125000      -5.59955984E-02  0.103017628       9.12140682E-03
  0.203125000      0.328125000      -6.87242895E-02  0.109008543       8.15875828E-03
  0.234375000      0.328125000      -8.14252198E-02  0.113283500       6.98351394E-03
  0.265625000      0.328125000      -9.39521566E-02  0.115460612       5.60467597E-03
  0.296875000      0.328125000     -0.106152594      0.115222998       4.04713117E-03
  0.328125000      0.328125000     -0.117866993      0.112337127       2.35256576E-03
  0.359375000      0.328125000     -0.128930330      0.106650956       5.78938110E-04
  0.390625000      0.328125000     -0.139175653       9.80906785E-02  -1.20163942E-03
  0.421875000      0.328125000     -0.148439884       8.66605416E-02  -2.90667289E-03
  0.453125000      0.328125000     -0.156572163       7.24450797E-02  -4.44866810E-03
  0.484375000      0.328125000     -0.163443208       5.56115359E-02  -5.74188819E-03
  0.515625000      0.328125000     -0.168953657       3.64099145E-02  -6.71008555E-03
  0.546875000      0.328125000     -0.173038766       1.51688959E-02  -7.29444018E-03
  0.578125000      0.328125000     -0.175667539      -7.71226268E-03  -7.46102910E-03
  0.609375000      0.328125000     -0.176846355      -3.17753926E-02  -7.12501165E-03
  0.640625000      0.328125000     -0.176564544      -5.67562021E-02  -6.24868926E-03
  0.671875000      0.328125000     -0.174701557      -8.22309256E-02  -4.86102886E-03
  0.703125000      0.328125000     -0.170970529     -0.107660085      -3.01555963E-03
  0.734375000      0.328125000     -0.164886668     -0.132249758      -7.97209970E-04
  0.765625000      0.328125000     -0.155776471     -0.154737011       1.66674820E-03
  0.796875000      0.328125000     -0.142848834     -0.173131824       4.19494882E-03
  0.828125000      0.328125000     -0.125352293     -0.184450448       6.54716138E-03
  0.859375000      0.328125000     -0.102854237     -0.184506252       8.44091736E-03
  0.890625000      0.328125000      -7.57153034E-02 -0.167944789       9.61032882E-03
  0.921875000      0.328125000      -4.59263176E-02 -0.129207656       9.92574636E-03
  0.953125000      0.328125000      -1.86486915E-02  -6.73515648E-02   9.54553019E-03
  0.984375000      0.328125000      -3.27184284E-03  -5.24806650E-03   8.87968391E-03
   1.56250000E-02  0.359375000      -2.04539206E-03   3.21621522E-02   1.04087163E-02
   4.68750000E-02  0.359375000      -8.32698122E-03   6.75704777E-02   1.01889223E-02
   7.81250000E-02  0.359375000      -1.78112462E-02   8.67021233E-02   9.88931209E-03
  0.109375000      0.359375000      -2.87381690E-02   9.86852422E-02   9.43529047E-03
  0.140625000      0.359375000      -4.02745456E-02  0.107772969       8.78654979E-03
  0.171875000      0.359375000      -5.20528704E-02  0.115290761       7.91703351E-03
  0.203125000      0.359375000      -6.38866574E-02  0.121297419       6.81027770E-03
  0.234375000      0.359375000      -7.56430030E-02  0.125454605       5.46139525E-03
  0.265625000      0.359375000      -8.71969014E-02  0.127376303       3.88029963E-03
  0.296875000      0.359375000      -9.84179974E-02  0.126737982       2.09413236E-03
  0.328125000      0.359375000     -0.109168455      0.123299055       1.48369974E-04
  0.359375000      0.359375000     -0.119304821      0.116903305      -1.89363246E-03
  0.390625000      0.359375000     -0.128682852      0.107478164      -3.95279098E-03
  0.421875000      0.359375000     -0.137165189       9.50374156E-02  -5.93833206E-03
  0.453125000      0.359375000     -0.144631669       7.96853751E-02  -7.75362039E-03
  0.484375000      0.359375000     -0.150990546       6.16195463E-02  -9.30355396E-03
  0.515625000      0.359375000     -0.156188160       4.11277860E-02  -1.05028395E-02
  0.546875000      0.359375000     -0.160213307       1.85780525E-02  -1.12842834E-02
  0.578125000      0.359375000     -0.163092464      -5.59811108E-03  -1.16061633E-02
  0.609375000      0.359375000     -0.164883673      -3.09057273E-02  -1.14075756E-02
  0.640625000      0.359375000     -0.165635809      -5.71434014E-02  -1.06237577E-02
  0.671875000      0.359375000     -0.165288448      -8.40436667E-02  -9.27654374E-03
  0.703125000      0.359375000     -0.163575143     -0.111282945      -7.40558142E-03
  0.734375000      0.359375000     -0.159968644     -0.138310134      -5.07617649E-03
  0.765625000      0.359375000     -0.153672278     -0.164077654      -2.39483127E-03
  0.796875000      0.359375000     -0.143680871     -0.186706156       4.69713676E-04
  0.828125000      0.359375000     -0.128936678     -0.203114182       3.26827727E-03
  0.859375000      0.359375000     -0.108615801     -0.208660096       5.67323901E-03
  0.890625000      0.359375000      -8.26178119E-02 -0.196927577       7.32899737E-03
  0.921875000      0.359375000      -5.24381772E-02 -0.160194099       7.98586942E-03
  0.953125000      0.359375000      -2.28754226E-02  -9.32067633E-02   7.71718379E-03
  0.984375000      0.359375000      -4.56299307E-03  -1.30835073E-02   6.97629666E-03
   1.56250000E-02  0.390625000      -1.67968089E-03   3.58836986E-02   9.34470445E-03
   4.68750000E-02  0.390625000      -7.08060339E-03   7.55237341E-02   9.13370308E-03
   7.81250000E-02  0.390625000      -1.55413654E-02   9.66861397E-02   8.81026406E-03
  0.109375000      0.390625000      -2.54524220E-02  0.109532982       8.30409769E-03
  0.140625000      0.390625000      -3.59525345E-02  0.118957616       7.57685257E-03
  0.171875000      0.390625000      -4.66426983E-02  0.126573145       6.60269801E-03
  0.203125000      0.390625000      -5.73310554E-02  0.132538751       5.36470395E-03
  0.234375000      0.390625000      -6.78968430E-02  0.136540234       3.85778723E-03
  0.265625000      0.390625000      -7.82346725E-02  0.138190553       2.09256657E-03
  0.296875000      0.390625000      -8.82362723E-02  0.137157798       9.81861740E-05
  0.328125000      0.390625000      -9.77865905E-02  0.133194238      -2.07631127E-03
  0.359375000      0.390625000     -0.106765650      0.126140118      -4.36233217E-03
  0.390625000      0.390625000     -0.115053922      0.115925938      -6.67398470E-03
  0.421875000      0.390625000     -0.122540869      0.102578208      -8.91241897E-03
  0.453125000      0.390625000     -0.129136324       8.62260684E-02  -1.09722205E-02
  0.484375000      0.390625000     -0.134783745       6.71042800E-02  -1.27495574E-02
  0.515625000      0.390625000     -0.139472276       4.55473885E-02  -1.41511932E-02
  0.546875000      0.390625000     -0.143243387       2.19714791E-02  -1.51030933E-02
  0.578125000      0.390625000     -0.146185085      -3.15556326E-03  -1.55574614E-02
  0.609375000      0.390625000     -0.148413315      -2.93154866E-02  -1.54833887E-02
  0.640625000      0.390625000     -0.150049493      -5.63337505E-02  -1.48014333E-02
  0.671875000      0.390625000     -0.151119560      -8.41207206E-02  -1.35299098E-02
  0.703125000      0.390625000     -0.151412964     -0.112617470      -1.16963126E-02
  0.734375000      0.390625000     -0.150398016     -0.141590178      -9.34395753E-03
  0.765625000      0.390625000     -0.147185802     -0.170300663      -6.55031111E-03
  0.796875000      0.390625000     -0.140573442     -0.197082624      -3.45646776E-03
  0.828125000      0.390625000     -0.129195884     -0.218856335      -3.00043757E-04
  0.859375000      0.390625000     -0.111818731     -0.230613947       2.56756670E-03
  0.890625000      0.390625000      -8.78420621E-02 -0.224947333       4.71456908E-03
  0.921875000      0.390625000      -5.82014918E-02 -0.191994324       5.76431584E-03
  0.953125000      0.390625000      -2.71883719E-02 -0.121982768       5.66813815E-03
  0.984375000      0.390625000      -6.08104980E-03  -2.37278342E-02   4.89381235E-03
   1.56250000E-02  0.421875000      -1.25017820E-03   3.88106629E-02   8.17982946E-03
   4.68750000E-02  0.421875000      -5.58601739E-03   8.23272765E-02   7.98329338E-03
   7.81250000E-02  0.421875000      -1.27771264E-02  0.105528370       7.64232874E-03
  0.109375000      0.421875000      -2.14302484E-02  0.119250417       7.09253177E-03
  0.140625000      0.421875000      -3.06684300E-02  0.128976136       6.29850756E-03
  0.171875000      0.421875000      -4.00560014E-02  0.136632726       5.23527386E-03
  0.203125000      0.421875000      -4.93898690E-02  0.142504871       3.88571154E-03
  0.234375000      0.421875000      -5.85584268E-02  0.146315247       2.24450603E-03
  0.265625000      0.421875000      -6.74756393E-02  0.147680685       3.22736276E-04
  0.296875000      0.421875000      -7.60568529E-02  0.146263719      -1.84879662E-03
  0.328125000      0.421875000      -8.42127353E-02  0.141810477      -4.21794271E-03
  0.359375000      0.421875000      -9.18503180E-02  0.134158611      -6.71134610E-03
  0.390625000      0.421875000      -9.88778919E-02  0.123242810      -9.23680142E-03
  0.421875000      0.421875000     -0.105213009      0.109103560      -1.16879083E-02
  0.453125000      0.421875000     -0.110793509       9.18967277E-02  -1.39511246E-02
  0.484375000      0.421875000     -0.115591459       7.18982220E-02  -1.59147717E-02
  0.515625000      0.421875000     -0.119628280       4.94966730E-02  -1.74789801E-02
  0.546875000      0.421875000     -0.122987032       2.51681618E-02  -1.85649656E-02
  0.578125000      0.421875000     -0.125813633      -5.69796888E-04  -1.91221312E-02
  0.609375000      0.421875000     -0.128281772      -2.71926783E-02  -1.91465635E-02
  0.640625000      0.421875000     -0.130592689      -5.44991270E-02  -1.85628664E-02
  0.671875000      0.421875000     -0.132884040      -8.25852528E-02  -1.73902661E-02
  0.703125000      0.421875000     -0.135043502     -0.111692816      -1.56482272E-02
  0.734375000      0.421875000     -0.136587471     -0.141979843      -1.33590885E-02
  0.765625000      0.421875000     -0.136581779     -0.173124000      -1.05663091E-02
  0.796875000      0.421875000     -0.133655101     -0.203794375      -7.37036113E-03
  0.828125000      0.421875000     -0.126141384     -0.231032848      -3.97624169E-03
  0.859375000      0.421875000     -0.112380415     -0.249573410      -7.33119959E-04
  0.890625000      0.421875000      -9.12364125E-02 -0.251107126       1.87370088E-03
  0.921875000      0.421875000      -6.30214363E-02 -0.223689318       3.34612350E-03
  0.953125000      0.421875000      -3.13902721E-02 -0.152931809       3.48449615E-03
  0.984375000      0.421875000      -7.73374550E-03  -3.75426859E-02   2.72458559E-03
   1.56250000E-02  0.453125000      -7.93247891E-04   4.08518165E-02   6.96193986E-03
   4.68750000E-02  0.453125000      -3.94988293E-03   8.77737477E-02   6.78534340E-03
   7.81250000E-02  0.453125000      -9.68608819E-03  0.113004714       6.43501803E-03
  0.109375000      0.453125000      -1.68909505E-02  0.127629176       5.85315283E-03
  0.140625000      0.453125000      -2.46907324E-02  0.137634665       5.00805350E-03
  0.171875000      0.453125000      -3.26095559E-02  0.145282626       3.87628167E-03
  0.203125000      0.453125000      -4.04267982E-02  0.151011169       2.44084746E-03
  0.234375000      0.453125000      -4.80369255E-02  0.154596001       6.96187722E-04
  0.265625000      0.453125000      -5.53733706E-02  0.155665249      -1.34649163E-03
  0.296875000      0.453125000      -6.23776838E-02  0.153879374      -3.65532096E-03
  0.328125000      0.453125000      -6.89903051E-02  0.148980558      -6.17574761E-03
  0.359375000      0.453125000      -7.51501918E-02  0.140805155      -8.83053709E-03
  0.390625000      0.453125000      -8.07983577E-02  0.129292279      -1.15220938E-02
  0.421875000      0.453125000      -8.58838558E-02  0.114495270      -1.41373975E-02
  0.453125000      0.453125000      -9.03727114E-02   9.65944082E-02  -1.65556651E-02
  0.484375000      0.453125000      -9.42599997E-02   7.59045705E-02  -1.86582729E-02
  0.515625000      0.453125000      -9.75854471E-02   5.28696105E-02  -2.03397684E-02
  0.546875000      0.453125000     -0.100450531       2.80339755E-02  -2.15181280E-02
  0.578125000      0.453125000     -0.103029594       1.98274385E-03  -2.21416764E-02
  0.609375000      0.453125000     -0.105552927      -2.47432012E-02  -2.22335421E-02
  0.640625000      0.453125000     -0.108304001      -5.18779978E-02  -2.17326153E-02
  0.671875000      0.453125000     -0.111537114      -7.96749443E-02  -2.06658896E-02
  0.703125000      0.453125000     -0.115287006     -0.108688101      -1.90519467E-02
  0.734375000      0.453125000     -0.119188279     -0.139534682      -1.68972686E-02
  0.765625000      0.453125000     -0.122332200     -0.172427088      -1.42111974E-02
  0.796875000      0.453125000     -0.123228177     -0.206518859      -1.10449437E-02
  0.828125000      0.453125000     -0.119926676     -0.239121065      -7.55181629E-03
  0.859375000      0.453125000     -0.110330105     -0.264840811      -4.05077916E-03
  0.890625000      0.453125000      -9.27305222E-02 -0.274581909      -1.05042767E-03
  0.921875000      0.453125000      -6.67514727E-02 -0.254407674       8.47235322E-04
  0.953125000      0.453125000      -3.52882855E-02 -0.185307294       1.27396034E-03
  0.984375000      0.453125000      -9.41770058E-03  -5.46940714E-02   5.76632970E-04
   1.56250000E-02  0.484375000      -3.49427864E-04   4.19927947E-02   5.73868956E-03
   4.68750000E-02  0.484375000      -2.28756154E-03   9.17239934E-02   5.58819296E-03
   7.81250000E-02  0.484375000      -6.44522393E-03  0.118945286       5.23854466E-03
  0.109375000      0.484375000      -1.20639801E-02  0.134510756       4.63894475E-03
  0.140625000      0.484375000      -1.82992164E-02  0.144788802       3.76198790E-03
  0.171875000      0.484375000      -2.46333964E-02  0.152384877       2.58645252E-03
  0.203125000      0.484375000      -3.08214333E-02  0.157920629       1.09581824E-03
  0.234375000      0.484375000      -3.67599353E-02  0.161244810      -7.15844508E-04
  0.265625000      0.484375000      -4.24015671E-02  0.162007302      -2.83766584E-03
  0.296875000      0.484375000      -4.77164239E-02  0.159872144      -5.23751043E-03
  0.328125000      0.484375000      -5.26788980E-02  0.154580891      -7.85952620E-03
  0.359375000      0.484375000      -5.72652407E-02  0.145970732      -1.06238853E-02
  0.390625000      0.484375000      -6.14551567E-02  0.133985311      -1.34290094E-02
  0.421875000      0.484375000      -6.52352795E-02  0.118688360      -1.61566716E-02
  0.453125000      0.484375000      -6.86043873E-02  0.100278884      -1.86800845E-02
  0.484375000      0.484375000      -7.15810508E-02   7.91020393E-02  -2.08746009E-02
  0.515625000      0.484375000      -7.42149428E-02   5.56473583E-02  -2.26298869E-02
  0.546875000      0.484375000      -7.66031370E-02   3.05229519E-02  -2.38614790E-02
  0.578125000      0.484375000      -7.89104104E-02   4.39108722E-03  -2.45188531E-02
  0.609375000      0.484375000      -8.13834146E-02  -2.21465491E-02  -2.46436708E-02
  0.640625000      0.484375000      -8.43628049E-02  -4.87375185E-02  -2.42002122E-02
  0.671875000      0.484375000      -8.82191062E-02  -7.57209361E-02  -2.32288763E-02
  0.703125000      0.484375000      -9.31727663E-02 -0.103934705      -2.17559189E-02
  0.734375000      0.484375000      -9.90583971E-02 -0.134498179      -1.97809990E-02
  0.765625000      0.484375000     -0.105093770     -0.168281883      -1.72849726E-02
  0.796875000      0.484375000     -0.109750845     -0.205109015      -1.42674726E-02
  0.828125000      0.484375000     -0.110833377     -0.242748201      -1.08159669E-02
  0.859375000      0.484375000     -0.105800517     -0.275841773      -7.19236862E-03
  0.890625000      0.484375000      -9.23353136E-02 -0.294644713      -3.89396446E-03
  0.921875000      0.484375000      -6.93065822E-02 -0.283351898      -1.59838377E-03
  0.953125000      0.484375000      -3.87334302E-02 -0.218398929      -8.46643699E-04
  0.984375000      0.484375000      -1.10472506E-02  -7.51589537E-02  -1.43776939E-03
   1.56250000E-02  0.515625000       3.91616813E-05   4.23018560E-02   4.55155037E-03
   4.68750000E-02  0.515625000      -7.17240269E-04   9.41070393E-02   4.43778466E-03
   7.81250000E-02  0.515625000      -3.23412661E-03  0.123234957       4.09961352E-03
  0.109375000      0.515625000      -7.18108332E-03  0.139786512       3.49883409E-03
  0.140625000      0.515625000      -1.17753865E-02  0.150344431       2.61200988E-03
  0.171875000      0.515625000      -1.64590739E-02  0.157851547       1.42084958E-03
  0.203125000      0.515625000      -2.09548362E-02  0.163145125      -9.06297282E-05
  0.234375000      0.515625000      -2.51563750E-02  0.166170806      -1.92890782E-03
  0.265625000      0.515625000      -2.90340073E-02  0.166614056      -4.08412004E-03
  0.296875000      0.515625000      -3.25876437E-02  0.164150089      -6.52492419E-03
  0.328125000      0.515625000      -3.58286686E-02  0.158524811      -9.19556804E-03
  0.359375000      0.515625000      -3.87748070E-02  0.149579123      -1.20152868E-02
  0.390625000      0.515625000      -4.14497331E-02  0.137262166      -1.48804095E-02
  0.421875000      0.515625000      -4.38840985E-02  0.121646062      -1.76693965E-02
  0.453125000      0.515625000      -4.61171232E-02  0.102942213      -2.02511474E-02
  0.484375000      0.515625000      -4.81992736E-02   8.15145075E-02  -2.24961694E-02
  0.515625000      0.515625000      -5.01967072E-02   5.78808039E-02  -2.42896341E-02
  0.546875000      0.515625000      -5.21986336E-02   3.26915607E-02  -2.55442690E-02
  0.578125000      0.515625000      -5.43300472E-02   6.67042285E-03  -2.62102373E-02
  0.609375000      0.515625000      -5.67829609E-02  -1.94931515E-02  -2.63402723E-02
  0.640625000      0.515625000      -5.98897152E-02  -4.53000143E-02  -2.59260330E-02
  0.671875000      0.515625000      -6.41047657E-02  -7.10839182E-02  -2.50262767E-02
  0.703125000      0.515625000      -6.98391944E-02  -9.78816152E-02  -2.36833282E-02
  0.734375000      0.515625000      -7.72013068E-02 -0.127302215      -2.19013672E-02
  0.765625000      0.515625000      -8.56684893E-02 -0.160974383      -1.96442436E-02
  0.796875000      0.515625000      -9.38076228E-02 -0.199619591      -1.68656819E-02
  0.828125000      0.515625000      -9.92479920E-02 -0.241714135      -1.35805588E-02
  0.859375000      0.515625000      -9.90121812E-02 -0.282144010      -9.97147150E-03
  0.890625000      0.515625000      -9.01366919E-02 -0.310682744      -6.48895092E-03
  0.921875000      0.515625000      -7.06678554E-02 -0.309811175      -3.85001488E-03
  0.953125000      0.515625000      -4.16371301E-02 -0.251543432      -2.75829714E-03
  0.984375000      0.515625000      -1.25657693E-02  -9.87719893E-02  -3.20714992E-03
   1.56250000E-02  0.546875000       3.86410829E-04   4.18754518E-02   3.44566116E-03
   4.68750000E-02  0.546875000       6.88129338E-04   9.49865356E-02   3.35878343E-03
   7.81250000E-02  0.546875000      -2.44634342E-04  0.125804186       3.05768102E-03
  0.109375000      0.546875000      -2.47423723E-03  0.143394381       2.47399206E-03
  0.140625000      0.546875000      -5.39636984E-03  0.154255539       1.60106609E-03
  0.171875000      0.546875000      -8.41012970E-03  0.161642909       4.24935366E-04
  0.203125000      0.546875000      -1.11969849E-02  0.166644216      -1.07064843E-03
  0.234375000      0.546875000      -1.36415111E-02  0.169328570      -2.89302599E-03
  0.265625000      0.546875000      -1.57281384E-02  0.169434220      -5.03411191E-03
  0.296875000      0.546875000      -1.74859725E-02  0.166657656      -7.46456999E-03
  0.328125000      0.546875000      -1.89644843E-02  0.160755098      -1.01303635E-02
  0.359375000      0.546875000      -2.02249307E-02  0.151574999      -1.29517522E-02
  0.390625000      0.546875000      -2.13377178E-02  0.139073968      -1.58251133E-02
  0.421875000      0.546875000      -2.23813429E-02  0.123331711      -1.86278671E-02
  0.453125000      0.546875000      -2.34414935E-02  0.104567826      -2.12267153E-02
  0.484375000      0.546875000      -2.46102903E-02   8.31558257E-02  -2.34889444E-02
  0.515625000      0.546875000      -2.59867311E-02   5.96267506E-02  -2.52959169E-02
  0.546875000      0.546875000      -2.76775584E-02   3.46489400E-02  -2.65567470E-02
  0.578125000      0.546875000      -2.97888778E-02   8.96355510E-03  -2.72190869E-02
  0.609375000      0.546875000      -3.23978290E-02  -1.67191774E-02  -2.73385253E-02
  0.640625000      0.546875000      -3.57180461E-02  -4.16438989E-02  -2.69308686E-02
  0.671875000      0.546875000      -4.01985683E-02  -6.60429448E-02  -2.60745548E-02
  0.703125000      0.546875000      -4.63802852E-02  -9.10060108E-02  -2.48335619E-02
  0.734375000      0.546875000      -5.46681508E-02 -0.118528038      -2.32269187E-02
  0.765625000      0.546875000      -6.49438798E-02 -0.151006162      -2.12173332E-02
  0.796875000      0.546875000      -7.60681033E-02 -0.190325052      -1.87271927E-02
  0.828125000      0.546875000      -8.56292173E-02 -0.236007750      -1.57013386E-02
  0.859375000      0.546875000      -9.02477577E-02 -0.283468127      -1.22282151E-02
  0.890625000      0.546875000      -8.62784088E-02 -0.322203875      -8.67895037E-03
  0.921875000      0.546875000      -7.08737224E-02 -0.333164006      -5.76932495E-03
  0.953125000      0.546875000      -4.39676121E-02 -0.284127891      -4.34261141E-03
  0.984375000      0.546875000      -1.39444955E-02 -0.125282466      -4.62133903E-03
   1.56250000E-02  0.578125000       6.86576299E-04   4.08018827E-02   2.45677214E-03
   4.68750000E-02  0.578125000       1.91848306E-03   9.45254266E-02   2.39390531E-03
   7.81250000E-02  0.578125000       2.40532123E-03  0.126710832       2.12055771E-03
  0.109375000      0.578125000       1.80736603E-03  0.145316288       1.58523745E-03
  0.140625000      0.578125000       5.56784216E-04  0.156509250       7.60163879E-04
  0.171875000      0.578125000      -7.95867236E-04  0.163760856      -3.67855449E-04
  0.203125000      0.578125000      -1.89513969E-03  0.168420300      -1.80981937E-03
  0.234375000      0.578125000      -2.60110246E-03  0.170713693      -3.57335107E-03
  0.265625000      0.578125000      -2.90592154E-03  0.170453995      -5.65306004E-03
  0.296875000      0.578125000      -2.86575430E-03  0.167371422      -8.02295841E-03
  0.328125000      0.578125000      -2.56788381E-03  0.161239758      -1.06323808E-02
  0.359375000      0.578125000      -2.11743289E-03  0.151919335      -1.34045752E-02
  0.390625000      0.578125000      -1.63214118E-03  0.139376447      -1.62382144E-02
  0.421875000      0.578125000      -1.23955891E-03  0.123698980      -1.90120637E-02
  0.453125000      0.578125000      -1.07438653E-03  0.105112776      -2.15929896E-02
  0.484375000      0.578125000      -1.27542776E-03   8.39957967E-02  -2.38471068E-02
  0.515625000      0.578125000      -1.98270567E-03   6.08829260E-02  -2.56532654E-02
  0.546875000      0.578125000      -3.33658233E-03   3.64469886E-02  -2.69171055E-02
  0.578125000      0.578125000      -5.47736511E-03   1.14242798E-02  -2.75818575E-02
  0.609375000      0.578125000      -8.45219474E-03  -1.35920476E-02  -2.76848916E-02
  0.640625000      0.578125000      -1.22619458E-02  -3.76391411E-02  -2.72752270E-02
  0.671875000      0.578125000      -1.71516705E-02  -6.06771521E-02  -2.64406838E-02
  0.703125000      0.578125000      -2.36653853E-02  -8.36771727E-02  -2.52690148E-02
  0.734375000      0.578125000      -3.24229971E-02 -0.108812824      -2.37979610E-02
  0.765625000      0.578125000      -4.38101031E-02 -0.139060229      -2.20060870E-02
  0.796875000      0.578125000      -5.72348349E-02 -0.177723736      -1.98083967E-02
  0.828125000      0.578125000      -7.04671443E-02 -0.225817248      -1.70917492E-02
  0.859375000      0.578125000      -7.98170865E-02 -0.279691637      -1.38447117E-02
  0.890625000      0.578125000      -8.09332132E-02 -0.328834951      -1.03322733E-02
  0.921875000      0.578125000      -6.99979439E-02 -0.352874160      -7.22788787E-03
  0.953125000      0.578125000      -4.57329750E-02 -0.315590084      -5.48273511E-03
  0.984375000      0.578125000      -1.51750240E-02 -0.154402465      -5.56964381E-03
   1.56250000E-02  0.609375000       9.15232522E-04   3.91995981E-02   1.59975444E-03
   4.68750000E-02  0.609375000       2.90843355E-03   9.29017812E-02   1.56397442E-03
   7.81250000E-02  0.609375000       4.63060476E-03  0.126125276       1.32912851E-03
  0.109375000      0.609375000       5.51238935E-03  0.145619094       8.48604133E-04
  0.140625000      0.609375000       5.83634246E-03  0.157135904       9.56775912E-05
  0.171875000      0.609375000       6.09363802E-03  0.164234549      -9.46789514E-04
  0.203125000      0.609375000       6.64603291E-03  0.168500960      -2.29403120E-03
  0.234375000      0.609375000       7.64899096E-03  0.170346171      -3.95695539E-03
  0.265625000      0.609375000       9.10457037E-03  0.169683531      -5.93395857E-03
  0.296875000      0.609375000       1.09288506E-02  0.166292578      -8.20319634E-03
  0.328125000      0.609375000       1.29936263E-02  0.159972936      -1.07176686E-02
  0.359375000      0.609375000       1.51463393E-02  0.150601119      -1.34034753E-02
  0.390625000      0.609375000       1.72190126E-02  0.138155133      -1.61612052E-02
  0.421875000      0.609375000       1.90332383E-02  0.122731328      -1.88707188E-02
  0.453125000      0.609375000       2.04047412E-02  0.104560181      -2.13992447E-02
  0.484375000      0.609375000       2.11493652E-02   8.40191245E-02  -2.36127209E-02
  0.515625000      0.609375000       2.10920870E-02   6.16358221E-02  -2.53895409E-02
  0.546875000      0.609375000       2.00819559E-02   3.80669013E-02  -2.66353879E-02
  0.578125000      0.609375000       1.80135146E-02   1.40195563E-02  -2.72967033E-02
  0.609375000      0.609375000       1.47822555E-02  -9.97787155E-03  -2.73698680E-02
  0.640625000      0.609375000       1.03589492E-02  -3.30190584E-02  -2.70108841E-02
  0.671875000      0.609375000       4.77439398E-03  -5.48234098E-02  -2.62195282E-02
  0.703125000      0.609375000      -2.20706640E-03  -7.60373324E-02  -2.50937566E-02
  0.734375000      0.609375000      -1.11904182E-02  -9.87139642E-02  -2.37092711E-02
  0.765625000      0.609375000      -2.30534375E-02 -0.125911549      -2.20742114E-02
  0.796875000      0.609375000      -3.79835255E-02 -0.162520230      -2.01313421E-02
  0.828125000      0.609375000      -5.42393327E-02 -0.211535186      -1.77277531E-02
  0.859375000      0.609375000      -6.80160746E-02 -0.270849466      -1.47546725E-02
  0.890625000      0.609375000      -7.42645040E-02 -0.330314904      -1.13519076E-02
  0.921875000      0.609375000      -6.81168213E-02 -0.368479431      -8.11325479E-03
  0.953125000      0.609375000      -4.69565429E-02 -0.345412314      -6.06339518E-03
  0.984375000      0.609375000      -1.62591785E-02 -0.185837507      -5.93740959E-03
   1.56250000E-02  0.640625000       1.05906709E-03   3.72247919E-02   8.78350518E-04
   4.68750000E-02  0.640625000       3.60511243E-03   9.03364196E-02   8.69365875E-04
   7.81250000E-02  0.640625000       6.32512569E-03  0.124248073       6.83585531E-04
  0.109375000      0.640625000       8.48940946E-03  0.144450963       2.79253494E-04
  0.140625000      0.640625000       1.02548208E-02  0.156216979      -3.74235882E-04
  0.171875000      0.640625000       1.20433923E-02  0.163111925      -1.30086381E-03
  0.203125000      0.640625000       1.41976997E-02  0.166923538      -2.52189953E-03
  0.234375000      0.640625000       1.68703739E-02  0.168257147      -4.05313447E-03
  0.265625000      0.640625000       2.00501624E-02  0.167148873      -5.89741860E-03
  0.296875000      0.640625000       2.36228649E-02  0.163444221      -8.03709589E-03
  0.328125000      0.640625000       2.74177957E-02  0.156977385      -1.04287555E-02
  0.359375000      0.640625000       3.12338304E-02  0.147644907      -1.30013004E-02
  0.390625000      0.640625000       3.48524153E-02  0.135437489      -1.56574007E-02
  0.421875000      0.640625000       3.80450115E-02  0.120459102      -1.82783883E-02
  0.453125000      0.640625000       4.05795649E-02  0.102942012      -2.07325947E-02
  0.484375000      0.640625000       4.22286168E-02   8.32572877E-02  -2.28867512E-02
  0.515625000      0.640625000       4.27807793E-02   6.19139485E-02  -2.46197097E-02
  0.546875000      0.640625000       4.20556292E-02   3.95324901E-02  -2.58369166E-02
  0.578125000      0.640625000       3.99166904E-02   1.67670082E-02  -2.64826696E-02
  0.609375000      0.640625000       3.62854004E-02  -5.85966278E-03  -2.65452918E-02
  0.640625000      0.640625000       3.12515385E-02  -2.76791528E-02  -2.61836797E-02
  0.671875000      0.640625000       2.50252225E-02  -4.83531877E-02  -2.54043378E-02
  0.703125000      0.640625000       1.76730864E-02  -6.81759119E-02  -2.43082065E-02
  0.734375000      0.640625000       8.67661927E-03  -8.85983109E-02  -2.30074730E-02
  0.765625000      0.640625000      -3.22929397E-03 -0.112261459      -2.15244703E-02
  0.796875000      0.640625000      -1.89012699E-02 -0.145571634      -1.97694972E-02
  0.828125000      0.640625000      -3.73713598E-02 -0.193761289      -1.76429842E-02
  0.859375000      0.640625000      -5.50844297E-02 -0.257136911      -1.49457771E-02
  0.890625000      0.640625000      -6.63809106E-02 -0.326485872      -1.16809178E-02
  0.921875000      0.640625000      -6.52674064E-02 -0.379572988      -8.33181757E-03
  0.953125000      0.640625000      -4.76457924E-02 -0.373104036      -5.96796907E-03
  0.984375000      0.640625000      -1.71969831E-02 -0.219294906      -5.59917558E-03
   1.56250000E-02  0.671875000       1.10571750E-03   3.50593291E-02   2.86865310E-04
   4.68750000E-02  0.671875000       3.95279238E-03   8.71074349E-02   3.02123546E-04
   7.81250000E-02  0.671875000       7.37260561E-03  0.121336311       1.75719280E-04
  0.109375000      0.671875000       1.05723469E-02  0.141998768      -1.29070264E-04
  0.140625000      0.671875000       1.36141516E-02  0.153863430      -6.51879003E-04
  0.171875000      0.671875000       1.68393143E-02  0.160454988      -1.42903696E-03
  0.203125000      0.671875000       2.05414854E-02  0.163729385      -2.49160221E-03
  0.234375000      0.671875000       2.48450488E-02  0.164482832      -3.86213046E-03
  0.265625000      0.671875000       2.97115166E-02  0.162887111      -5.54847531E-03
  0.296875000      0.671875000       3.49908061E-02  0.158866420      -7.53687602E-03
  0.328125000      0.671875000       4.04683352E-02  0.152297035      -9.78697930E-03
  0.359375000      0.671875000       4.58950773E-02  0.143098086      -1.22299921E-02
  0.390625000      0.671875000       5.10042608E-02  0.131272733      -1.47703569E-02
  0.421875000      0.671875000       5.55213988E-02  0.116930090      -1.72909405E-02
  0.453125000      0.671875000       5.91728017E-02  0.100299969      -1.96615066E-02
  0.484375000      0.671875000       6.16958365E-02   8.17403942E-02  -2.17501596E-02
  0.515625000      0.671875000       6.28526658E-02   6.17327318E-02  -2.34368593E-02
  0.546875000      0.671875000       6.24466240E-02   4.08532023E-02  -2.46273018E-02
  0.578125000      0.671875000       6.03361204E-02   1.97014138E-02  -2.52646469E-02
  0.609375000      0.671875000       5.64344525E-02  -1.25789398E-03  -2.53353752E-02
  0.640625000      0.671875000       5.08776531E-02  -2.16891877E-02  -2.49786712E-02
  0.671875000      0.671875000       4.39264178E-02  -4.11662720E-02  -2.42100395E-02
  0.703125000      0.671875000       3.57236192E-02  -5.98098710E-02  -2.31204573E-02
  0.734375000      0.671875000       2.61972211E-02  -7.84443766E-02  -2.18108296E-02
  0.765625000      0.671875000       1.48151871E-02  -9.91309434E-02  -2.03622822E-02
  0.796875000      0.671875000      -4.35972586E-04 -0.127782896      -1.88274216E-02
  0.828125000      0.671875000      -2.02118196E-02 -0.173308223      -1.69166327E-02
  0.859375000      0.671875000      -4.11678627E-02 -0.238925159      -1.44547969E-02
  0.890625000      0.671875000      -5.72843999E-02 -0.317289054      -1.13014784E-02
  0.921875000      0.671875000      -6.13953471E-02 -0.385776937      -7.80635560E-03
  0.953125000      0.671875000      -4.77545820E-02 -0.398167193      -5.06929541E-03
  0.984375000      0.671875000      -1.79728363E-02 -0.254466474      -4.40395251E-03
   1.56250000E-02  0.703125000       1.03540486E-03   3.29172388E-02  -1.88739781E-04
   4.68750000E-02  0.703125000       3.87344486E-03   8.35623890E-02  -1.53605419E-04
   7.81250000E-02  0.703125000       7.62567669E-03  0.117707528      -2.09016900E-04
  0.109375000      0.703125000       1.15664480E-02  0.138486072      -3.87224543E-04
  0.140625000      0.703125000       1.56982243E-02  0.150202751      -7.43972254E-04
  0.171875000      0.703125000       2.02639848E-02  0.156326562      -1.33550889E-03
  0.203125000      0.703125000       2.54714526E-02  0.158951968      -2.20775278E-03
  0.234375000      0.703125000       3.13831419E-02  0.159051001      -3.39231757E-03
  0.265625000      0.703125000       3.79125476E-02  0.156931400      -4.90223896E-03
  0.296875000      0.703125000       4.48648483E-02  0.152601123      -6.72676973E-03
  0.328125000      0.703125000       5.19801676E-02  0.145982012      -8.82736966E-03
  0.359375000      0.703125000       5.89643717E-02  0.137016177      -1.11364257E-02
  0.390625000      0.703125000       6.55078292E-02  0.125716805      -1.35593750E-02
  0.421875000      0.703125000       7.12975562E-02  0.112193972      -1.59801673E-02
  0.453125000      0.703125000       7.60276541E-02   9.66686606E-02  -1.82699133E-02
  0.484375000      0.703125000       7.94115588E-02   7.94773921E-02  -2.02982388E-02
  0.515625000      0.703125000       8.11971724E-02   6.10639304E-02  -2.19463315E-02
  0.546875000      0.703125000       8.11832547E-02   4.19502854E-02  -2.31200960E-02
  0.578125000      0.703125000       7.92302415E-02   2.26737261E-02  -2.37607863E-02
  0.609375000      0.703125000       7.52592236E-02   3.64601286E-03  -2.38492861E-02
  0.640625000      0.703125000       6.93873912E-02  -1.51630249E-02  -2.35060658E-02
  0.671875000      0.703125000       6.18346371E-02  -3.31888124E-02  -2.27510519E-02
  0.703125000      0.703125000       5.27732819E-02  -5.05249724E-02  -2.16632448E-02
  0.734375000      0.703125000       4.23312187E-02  -6.77636862E-02  -2.03373414E-02
  0.765625000      0.703125000       3.04053035E-02  -8.65073651E-02  -1.88619457E-02
  0.796875000      0.703125000       1.61587261E-02 -0.110913053      -1.72971990E-02
  0.828125000      0.703125000      -3.02907685E-03 -0.151219249      -1.56569965E-02
  0.859375000      0.703125000      -2.62868833E-02 -0.216805547      -1.33546414E-02
  0.890625000      0.703125000      -4.68094610E-02 -0.302775204      -1.02250334E-02
  0.921875000      0.703125000      -5.62871918E-02 -0.386708111      -6.46378286E-03
  0.953125000      0.703125000      -4.71335500E-02 -0.420036674      -3.20787518E-03
  0.984375000      0.703125000      -1.85380708E-02 -0.290979683      -2.14496395E-03
   1.56250000E-02  0.734375000       8.04426963E-04   3.10760327E-02  -5.70875476E-04
   4.68750000E-02  0.734375000       3.22881248E-03   8.01381916E-02  -5.20543952E-04
   7.81250000E-02  0.734375000       6.86915917E-03  0.113736182      -4.88450809E-04
  0.109375000      0.734375000       1.12264864E-02  0.134157002      -5.06692682E-04
  0.140625000      0.734375000       1.62657984E-02  0.145359412      -6.57539640E-04
  0.171875000      0.734375000       2.20986307E-02  0.150771350      -1.02605275E-03
  0.203125000      0.734375000       2.88002156E-02  0.152599901      -1.67856226E-03
  0.234375000      0.734375000       3.63298059E-02  0.151965648      -2.65783607E-03
  0.265625000      0.734375000       4.45263013E-02  0.149296984      -3.98161355E-03
  0.296875000      0.734375000       5.31386212E-02  0.144679338      -5.64038428E-03
  0.328125000      0.734375000       6.18606806E-02  0.138076901      -7.59532442E-03
  0.359375000      0.734375000       7.03583509E-02  0.129451543      -9.77820251E-03
  0.390625000      0.734375000       7.82874525E-02  0.118822053      -1.20941205E-02
  0.421875000      0.734375000       8.53066891E-02  0.106293313      -1.44272707E-02
  0.453125000      0.734375000       9.10892934E-02   9.20697600E-02  -1.66496597E-02
  0.484375000      0.734375000       9.53364819E-02   7.64572620E-02  -1.86321661E-02
  0.515625000      0.734375000       9.77934748E-02   5.98518699E-02  -2.02570595E-02
  0.546875000      0.734375000       9.82666165E-02   4.27114889E-02  -2.14303844E-02
  0.578125000      0.734375000       9.66366753E-02   2.55016256E-02  -2.20920555E-02
  0.609375000      0.734375000       9.28557515E-02   8.57398938E-03  -2.22208779E-02
  0.640625000      0.734375000       8.68993253E-02  -8.26086849E-03  -2.18765382E-02
  0.671875000      0.734375000       7.89042264E-02  -2.45430805E-02  -2.11459491E-02
  0.703125000      0.734375000       6.91431016E-02  -4.03497219E-02  -2.00605914E-02
  0.734375000      0.734375000       5.78292273E-02  -5.61857969E-02  -1.87093727E-02
  0.765625000      0.734375000       4.50726449E-02  -7.34066293E-02  -1.71789844E-02
  0.796875000      0.734375000       3.06258798E-02  -9.53252390E-02  -1.55364145E-02
  0.828125000      0.734375000       1.28945634E-02 -0.129893571      -1.37982853E-02
  0.859375000      0.734375000      -1.03043970E-02 -0.191680849      -1.17292926E-02
  0.890625000      0.734375000      -3.45437303E-02 -0.283145070      -8.46692361E-03
  0.921875000      0.734375000      -4.94743735E-02 -0.381937504      -4.20736521E-03
  0.953125000      0.734375000      -4.54590395E-02 -0.437984347      -1.48073101E-04
  0.984375000      0.734375000      -1.87864676E-02 -0.328307241       1.49870594E-03
   1.56250000E-02  0.765625000       3.13918979E-04   2.99558043E-02  -8.94419092E-04
   4.68750000E-02  0.765625000       1.75169250E-03   7.73921013E-02  -8.26454838E-04
   7.81250000E-02  0.765625000       4.76287771E-03  0.109826349      -6.78244862E-04
  0.109375000      0.765625000       9.23228264E-03  0.129236162      -4.94127919E-04
  0.140625000      0.765625000       1.50484592E-02  0.139421582      -3.95885058E-04
  0.171875000      0.765625000       2.21320987E-02  0.143790662      -5.05211821E-04
  0.203125000      0.765625000       3.03724296E-02  0.144638181      -9.13969357E-04
  0.234375000      0.765625000       3.95787843E-02  0.143192858      -1.67734129E-03
  0.265625000      0.765625000       4.94856350E-02  0.139970064      -2.81612622E-03
  0.296875000      0.765625000       5.97738810E-02  0.135111660      -4.31910343E-03
  0.328125000      0.765625000       7.00922087E-02  0.128612384      -6.14423770E-03
  0.359375000      0.765625000       8.00744891E-02  0.120446175      -8.22028425E-03
  0.390625000      0.765625000       8.93532857E-02  0.110630929      -1.04503045E-02
  0.421875000      0.765625000       9.75712538E-02   9.92593616E-02  -1.27176642E-02
  0.453125000      0.765625000      0.104392856       8.65116119E-02  -1.48945786E-02
  0.484375000      0.765625000      0.109517917       7.26545602E-02  -1.68527514E-02
  0.515625000      0.765625000      0.112697065       5.80285415E-02  -1.84751078E-02
  0.546875000      0.765625000      0.113747448       4.30196598E-02  -1.96673144E-02
  0.578125000      0.765625000      0.112564281       2.80129444E-02  -2.03672238E-02
  0.609375000      0.765625000      0.109109968       1.33022172E-02  -2.05506217E-02
  0.640625000      0.765625000      0.103264391      -1.18481705E-03  -2.02314779E-02
  0.671875000      0.765625000       9.51337963E-02  -1.54930130E-02  -1.95212364E-02
  0.703125000      0.765625000       8.50287825E-02  -2.95349061E-02  -1.84374955E-02
  0.734375000      0.765625000       7.31467679E-02  -4.38074693E-02  -1.70502923E-02
  0.765625000      0.765625000       5.96795082E-02  -5.95652238E-02  -1.54324854E-02
  0.796875000      0.765625000       4.46851924E-02  -7.97309279E-02  -1.36390477E-02
  0.828125000      0.765625000       2.76923086E-02 -0.110770226      -1.16780708E-02
  0.859375000      0.765625000       6.06279448E-03 -0.165983379      -9.46835149E-03
  0.890625000      0.765625000      -1.97138451E-02 -0.258835226      -5.99339837E-03
  0.921875000      0.765625000      -4.00887132E-02 -0.370951355      -8.66424292E-04
  0.953125000      0.765625000      -4.21201289E-02 -0.450964570       4.50112531E-03
  0.984375000      0.765625000      -1.85156018E-02 -0.365613103       7.06896791E-03
   1.56250000E-02  0.796875000      -5.91227843E-04   3.02306414E-02  -1.21105812E-03
   4.68750000E-02  0.796875000      -1.00761408E-03   7.60903358E-02  -1.11435843E-03
   7.81250000E-02  0.796875000       7.70599640E-04  0.106332645      -7.81917654E-04
  0.109375000      0.796875000       5.17165661E-03  0.123853572      -3.45381268E-04
  0.140625000      0.796875000       1.17627932E-02  0.132391542       4.33358218E-05
  0.171875000      0.796875000       2.01863125E-02  0.135309145       2.24177347E-04
  0.203125000      0.796875000       3.00955903E-02  0.134967059       7.41581607E-05
  0.234375000      0.796875000       4.11028825E-02  0.132649109      -4.74523113E-04
  0.265625000      0.796875000       5.28097339E-02  0.128901064      -1.44223892E-03
  0.296875000      0.796875000       6.48219809E-02  0.123883501      -2.81179557E-03
  0.328125000      0.796875000       7.67491907E-02  0.117600694      -4.53426735E-03
  0.359375000      0.796875000       8.82055387E-02  0.110027045      -6.53276546E-03
  0.390625000      0.796875000       9.88145545E-02  0.101171732      -8.70656781E-03
  0.421875000      0.796875000      0.108217046       9.11086649E-02  -1.09371543E-02
  0.453125000      0.796875000      0.116081521       7.99871758E-02  -1.30963326E-02
  0.484375000      0.796875000      0.122116834       6.80292547E-02  -1.50561687E-02
  0.515625000      0.796875000      0.126085863       5.55153787E-02  -1.66998319E-02
  0.546875000      0.796875000      0.127817944       4.27586362E-02  -1.79319270E-02
  0.578125000      0.796875000      0.127215385       3.00661996E-02  -1.86868012E-02
  0.609375000      0.796875000      0.124242537       1.76807269E-02  -1.89329609E-02
  0.640625000      0.796875000      0.118867524       5.65987825E-03  -1.86710414E-02
  0.671875000      0.796875000      0.111070253      -6.40912354E-03  -1.79788861E-02
  0.703125000      0.796875000      0.101039715      -1.84843540E-02  -1.69049185E-02
  0.734375000      0.796875000       8.90574008E-02  -3.09965052E-02  -1.54760703E-02
  0.765625000      0.796875000       7.53075629E-02  -4.51635607E-02  -1.37408748E-02
  0.796875000      0.796875000       5.99232353E-02  -6.37600422E-02  -1.17181018E-02
  0.828125000      0.796875000       4.28477898E-02  -9.26804468E-02  -9.35737044E-03
  0.859375000      0.796875000       2.33232304E-02 -0.142928258      -6.47013960E-03
  0.890625000      0.796875000      -1.58522790E-03 -0.231215805      -2.68422440E-03
  0.921875000      0.796875000      -2.66414508E-02 -0.353151381       3.87542322E-03
  0.953125000      0.796875000      -3.60222049E-02 -0.457364947       1.14187803E-02
  0.984375000      0.796875000      -1.73586123E-02 -0.401492059       1.55190695E-02
   1.56250000E-02  0.828125000      -2.11054273E-03   3.29292864E-02  -1.55058852E-03
   4.68750000E-02  0.828125000      -5.50118927E-03   7.71916583E-02  -1.42946164E-03
   7.81250000E-02  0.828125000      -5.71709406E-03  0.103661120      -8.54756567E-04
  0.109375000      0.828125000      -1.52229960E-03  0.117921397      -6.25029134E-05
  0.140625000      0.828125000       6.12193299E-03  0.124080777       6.62832521E-04
  0.171875000      0.828125000       1.61881298E-02  0.125123292       1.15690939E-03
  0.203125000      0.828125000       2.80305762E-02  0.123395443       1.26859685E-03
  0.234375000      0.828125000       4.10486311E-02  0.120191336       9.18827602E-04
  0.265625000      0.828125000       5.46969622E-02  0.116001770       9.43322229E-05
  0.296875000      0.828125000       6.85151145E-02  0.110952958      -1.17590232E-03
  0.328125000      0.828125000       8.20907205E-02  0.105031520      -2.83216988E-03
  0.359375000      0.828125000       9.50369388E-02   9.81991291E-02  -4.78954520E-03
  0.390625000      0.828125000      0.106986180       9.04488713E-02  -6.94220047E-03
  0.421875000      0.828125000      0.117593646       8.18305090E-02  -9.16900206E-03
  0.453125000      0.828125000      0.126546115       7.24580586E-02  -1.13409422E-02
  0.484375000      0.828125000      0.133573562       6.25053495E-02  -1.33302137E-02
  0.515625000      0.828125000      0.138461083       5.21918982E-02  -1.50200222E-02
  0.546875000      0.828125000      0.141059101       4.17600684E-02  -1.63137428E-02
  0.578125000      0.828125000      0.141288877       3.14440615E-02  -1.71422530E-02
  0.609375000      0.828125000      0.139140040       2.14292817E-02  -1.74680166E-02
  0.640625000      0.828125000      0.134647310       1.17818881E-02  -1.72855463E-02
  0.671875000      0.828125000      0.127722263       2.19204999E-03  -1.66187733E-02
  0.703125000      0.828125000      0.118436687      -7.77051831E-03  -1.55477412E-02
  0.734375000      0.828125000      0.107107401      -1.84017960E-02  -1.40762106E-02
  0.765625000      0.828125000       9.39056650E-02  -3.08117047E-02  -1.22021791E-02
  0.796875000      0.828125000       7.89052397E-02  -4.77341488E-02  -9.87716857E-03
  0.828125000      0.828125000       6.21305406E-02  -7.48651773E-02  -6.94081467E-03
  0.859375000      0.828125000       4.32540104E-02 -0.122353315      -3.02070566E-03
  0.890625000      0.828125000       2.05945279E-02 -0.204235435       2.51286221E-03
  0.921875000      0.828125000      -6.56725233E-03 -0.327927828       1.05931070E-02
  0.953125000      0.828125000      -2.52049286E-02 -0.454585224       2.17788145E-02
  0.984375000      0.828125000      -1.46487150E-02 -0.433505058       2.85481438E-02
   1.56250000E-02  0.859375000      -4.75477474E-03   3.97908017E-02  -2.06138357E-03
   4.68750000E-02  0.859375000      -1.26658529E-02   8.16232264E-02  -1.85911439E-03
   7.81250000E-02  0.859375000      -1.52355451E-02  0.102005363      -9.13681462E-04
  0.109375000      0.859375000      -1.10383639E-02  0.111175239       3.37763486E-04
  0.140625000      0.859375000      -1.85216335E-03  0.113986619       1.45492144E-03
  0.171875000      0.859375000       1.04925651E-02  0.112797096       2.27522105E-03
  0.203125000      0.859375000       2.47664414E-02  0.109596893       2.64039612E-03
  0.234375000      0.859375000       4.01292518E-02  0.105602190       2.45768996E-03
  0.265625000      0.859375000       5.59305847E-02  0.101136558       1.73533824E-03
  0.296875000      0.859375000       7.16908053E-02   9.62376446E-02   5.21345064E-04
  0.328125000      0.859375000       8.70114565E-02   9.08511356E-02  -1.11058820E-03
  0.359375000      0.859375000      0.101531863       8.49160701E-02  -3.06613417E-03
  0.390625000      0.859375000      0.114915311       7.84047171E-02  -5.23380097E-03
  0.421875000      0.859375000      0.126850232       7.13395476E-02  -7.48961233E-03
  0.453125000      0.859375000      0.137058452       6.37967139E-02  -9.70367435E-03
  0.484375000      0.859375000      0.145306125       5.59003800E-02  -1.17482729E-02
  0.515625000      0.859375000      0.151414543       4.78094742E-02  -1.35066081E-02
  0.546875000      0.859375000      0.155268461       3.96982804E-02  -1.48808938E-02
  0.578125000      0.859375000      0.156819820       3.17311175E-02  -1.57985371E-02
  0.609375000      0.859375000      0.156085014       2.40306091E-02  -1.62153337E-02
  0.640625000      0.859375000      0.153130203       1.66309774E-02  -1.61149800E-02
  0.671875000      0.859375000      0.148016512       9.38257575E-03  -1.55040883E-02
  0.703125000      0.859375000      0.140611649       1.72817230E-03  -1.44001041E-02
  0.734375000      0.859375000      0.131005719      -6.96869427E-03  -1.28717069E-02
  0.765625000      0.859375000      0.119517192      -1.75602250E-02  -1.08472379E-02
  0.796875000      0.859375000      0.106160089      -3.26361284E-02  -8.14264826E-03
  0.828125000      0.859375000       9.07873064E-02  -5.78261130E-02  -4.40106215E-03
  0.859375000      0.859375000       7.28610829E-02 -0.102602333       1.08128402E-03
  0.890625000      0.859375000       5.07900193E-02 -0.179270685       9.42365080E-03
  0.921875000      0.859375000       2.22623050E-02 -0.297219664       2.16323342E-02
  0.953125000      0.859375000      -6.07432239E-03 -0.438336909       3.74942645E-02
  0.984375000      0.859375000      -9.11964010E-03 -0.457280040       4.91833948E-02
   1.56250000E-02  0.890625000      -9.18675493E-03   5.37278801E-02  -3.14074499E-03
   4.68750000E-02  0.890625000      -2.33428031E-02   8.97431076E-02  -2.64046481E-03
   7.81250000E-02  0.890625000      -2.75330581E-02  0.100633815      -1.04119163E-03
  0.109375000      0.890625000      -2.19724476E-02  0.102777049       8.47044925E-04
  0.140625000      0.890625000      -1.00585269E-02  0.101272598       2.44119763E-03
  0.171875000      0.890625000       5.59135480E-03   9.75046828E-02   3.55198421E-03
  0.203125000      0.890625000       2.31477208E-02   9.30480957E-02   4.14515845E-03
  0.234375000      0.890625000       4.13824245E-02   8.85440186E-02   4.08072630E-03
  0.265625000      0.890625000       5.97028546E-02   8.40656459E-02   3.41018569E-03
  0.296875000      0.890625000       7.77038187E-02   7.95426667E-02   2.20624567E-03
  0.328125000      0.890625000       9.50525701E-02   7.48748705E-02   5.57635445E-04
  0.359375000      0.890625000      0.111447960       6.99775741E-02  -1.43210811E-03
  0.390625000      0.890625000      0.126609325       6.48019910E-02  -3.64621705E-03
  0.421875000      0.890625000      0.140279472       5.93428910E-02  -5.95816225E-03
  0.453125000      0.890625000      0.152233556       5.36381975E-02  -8.23731069E-03
  0.484375000      0.890625000      0.162289903       4.77627441E-02  -1.03561096E-02
  0.515625000      0.890625000      0.170319527       4.18169796E-02  -1.21978670E-02
  0.546875000      0.890625000      0.176252142       3.59115452E-02  -1.36638507E-02
  0.578125000      0.890625000      0.180076927       3.01478952E-02  -1.46783320E-02
  0.609375000      0.890625000      0.181836098       2.45941263E-02  -1.51906917E-02
  0.640625000      0.890625000      0.181609124       1.92520581E-02  -1.51734240E-02
  0.671875000      0.890625000      0.179480597       1.40044820E-02  -1.46151446E-02
  0.703125000      0.890625000      0.175473571       8.51672236E-03  -1.35069732E-02
  0.734375000      0.890625000      0.169355422       1.96297746E-03  -1.18177757E-02
  0.765625000      0.890625000      0.161146313      -6.80067530E-03  -9.58885625E-03
  0.796875000      0.890625000      0.151003063      -1.99044235E-02  -6.40671421E-03
  0.828125000      0.890625000      0.138520777      -4.27145585E-02  -1.52098050E-03
  0.859375000      0.890625000      0.122352153      -8.36335272E-02   6.28697453E-03
  0.890625000      0.890625000       9.95886996E-02 -0.153421864       1.89084653E-02
  0.921875000      0.890625000       6.67356402E-02 -0.261706591       3.80952805E-02
  0.953125000      0.890625000       2.55741198E-02 -0.404372156       6.27009049E-02
  0.984375000      0.890625000       1.88193843E-03 -0.464525282       8.27782005E-02
   1.56250000E-02  0.921875000      -1.53341694E-02   7.82437772E-02  -5.94571419E-03
   4.68750000E-02  0.921875000      -3.51687074E-02   9.92062911E-02  -4.22693091E-03
   7.81250000E-02  0.921875000      -3.63629833E-02   9.65419561E-02  -1.33478292E-03
  0.109375000      0.921875000      -2.53478866E-02   9.02795047E-02   1.47679332E-03
  0.140625000      0.921875000      -7.51342764E-03   8.40077549E-02   3.59818875E-03
  0.171875000      0.921875000       1.35352714E-02   7.80570656E-02   5.00368001E-03
  0.203125000      0.921875000       3.55268866E-02   7.29345977E-02   5.73911844E-03
  0.234375000      0.921875000       5.75535446E-02   6.83844835E-02   5.72640402E-03
  0.265625000      0.921875000       7.92098045E-02   6.42389730E-02   5.05511556E-03
  0.296875000      0.921875000      0.100228280       6.03430718E-02   3.81964538E-03
  0.328125000      0.921875000      0.120385133       5.65650165E-02   2.12143175E-03
  0.359375000      0.921875000      0.139471531       5.28048389E-02   7.14708513E-05
  0.390625000      0.921875000      0.157288879       4.89979684E-02  -2.20936467E-03
  0.421875000      0.921875000      0.173654586       4.51153889E-02  -4.59274743E-03
  0.453125000      0.921875000      0.188411593       4.11605984E-02  -6.94767851E-03
  0.484375000      0.921875000      0.201438636       3.71639505E-02  -9.14702285E-03
  0.515625000      0.921875000      0.212657824       3.31742391E-02  -1.10744443E-02
  0.546875000      0.921875000      0.222038463       2.92479061E-02  -1.26306750E-02
  0.578125000      0.921875000      0.229595095       2.54360437E-02  -1.37376375E-02
  0.609375000      0.921875000      0.235378563       2.17678156E-02  -1.43392961E-02
  0.640625000      0.921875000      0.239458740       1.82278380E-02  -1.43979602E-02
  0.671875000      0.921875000      0.241896793       1.47197619E-02  -1.38844764E-02
  0.703125000      0.921875000      0.242706269       1.09972553E-02  -1.27600003E-02
  0.734375000      0.921875000      0.241796598       6.50594803E-03  -1.09456219E-02
  0.765625000      0.921875000      0.238757968      -1.03018712E-04  -8.26529972E-03
  0.796875000      0.921875000      0.233360410      -1.10713569E-02  -4.37959284E-03
  0.828125000      0.921875000      0.224864066      -3.05820554E-02   2.20496929E-03
  0.859375000      0.921875000      0.210435241      -6.51846156E-02   1.34167606E-02
  0.890625000      0.921875000      0.184951991     -0.123642772       3.22558135E-02
  0.921875000      0.921875000      0.142165542     -0.215867043       6.18425682E-02
  0.953125000      0.921875000       7.99522400E-02 -0.346859276      0.101720989    
  0.984375000      0.921875000       2.21190620E-02 -0.440532595      0.137653366    
   1.56250000E-02  0.953125000      -1.57489832E-02  0.109321453      -1.36553990E-02
   4.68750000E-02  0.953125000      -2.49529667E-02   9.71545875E-02  -6.77407859E-03
   7.81250000E-02  0.953125000      -5.07175177E-03   7.98922926E-02  -1.47265859E-03
  0.109375000      0.953125000       2.32031234E-02   6.76242039E-02   2.45681405E-03
  0.140625000      0.953125000       5.30996695E-02   5.89166582E-02   5.11676120E-03
  0.171875000      0.953125000       8.26311558E-02   5.25526330E-02   6.72938256E-03
  0.203125000      0.953125000      0.111316435       4.77474593E-02   7.47011742E-03
  0.234375000      0.953125000      0.139001459       4.38466892E-02   7.42136920E-03
  0.265625000      0.953125000      0.165573806       4.05370705E-02   6.68965094E-03
  0.296875000      0.953125000      0.190971524       3.76203842E-02   5.38186962E-03
  0.328125000      0.953125000      0.215138793       3.49582545E-02   3.60688008E-03
  0.359375000      0.953125000      0.238009095       3.24527286E-02   1.47958240E-03
  0.390625000      0.953125000      0.259505212       3.00373398E-02  -8.77484272E-04
  0.421875000      0.953125000      0.279546827       2.76719574E-02  -3.33584752E-03
  0.453125000      0.953125000      0.298060656       2.53383182E-02  -5.76523505E-03
  0.484375000      0.953125000      0.314990103       2.30360255E-02  -8.03969428E-03
  0.515625000      0.953125000      0.330302835       2.07769684E-02  -1.00439154E-02
  0.546875000      0.953125000      0.343994498       1.85793787E-02  -1.16788326E-02
  0.578125000      0.953125000      0.356087565       1.64605211E-02  -1.28650041E-02
  0.609375000      0.953125000      0.366624385       1.44273350E-02  -1.35422703E-02
  0.640625000      0.953125000      0.375651836       1.24632288E-02  -1.36641013E-02
  0.671875000      0.953125000      0.383194774       1.05037531E-02  -1.31836440E-02
  0.703125000      0.953125000      0.389213473       8.38305522E-03  -1.20254755E-02
  0.734375000      0.953125000      0.393547624       5.69094811E-03  -1.00310901E-02
  0.765625000      0.953125000      0.395903409       1.38717017E-03  -6.86106831E-03
  0.796875000      0.953125000      0.395315856      -6.58728462E-03  -1.61010027E-03
  0.828125000      0.953125000      0.389334619      -2.06025876E-02   7.44179497E-03
  0.859375000      0.953125000      0.373349369      -4.47671562E-02   2.31605507E-02
  0.890625000      0.953125000      0.339929432      -8.51770490E-02   4.99129370E-02
  0.921875000      0.953125000      0.278943062     -0.150582209       9.29921493E-02
  0.953125000      0.953125000      0.180820107     -0.251831800      0.155239955    
  0.984375000      0.953125000       6.07472323E-02 -0.357675105      0.222676963    
   1.56250000E-02  0.984375000       6.25319704E-02   6.25338033E-02  -3.12098134E-02
   4.68750000E-02  0.984375000      0.170364246       4.53029685E-02  -6.02738140E-03
   7.81250000E-02  0.984375000      0.248937935       3.32761332E-02   2.08775303E-03
  0.109375000      0.984375000      0.308549225       2.63407975E-02   5.92846097E-03
  0.140625000      0.984375000      0.356861621       2.19773743E-02   8.14256072E-03
  0.171875000      0.984375000      0.397820801       1.89875457E-02   9.36000049E-03
  0.203125000      0.984375000      0.433618873       1.68160386E-02   9.78210103E-03
  0.234375000      0.984375000      0.465564966       1.51350545E-02   9.48802195E-03
  0.265625000      0.984375000      0.494463503       1.37677286E-02   8.56133550E-03
  0.296875000      0.984375000      0.520837784       1.26098851E-02   7.09369220E-03
  0.328125000      0.984375000      0.545039773       1.15943188E-02   5.18460106E-03
  0.359375000      0.984375000      0.567308366       1.06753418E-02   2.94261239E-03
  0.390625000      0.984375000      0.587805390       9.82169155E-03   4.85416735E-04
  0.421875000      0.984375000      0.606640756       9.01285000E-03  -2.06259545E-03
  0.453125000      0.984375000      0.623891711       8.23656935E-03  -4.57451772E-03
  0.484375000      0.984375000      0.639617682       7.48736877E-03  -6.92741340E-03
  0.515625000      0.984375000      0.653871596       6.76438212E-03  -9.00808629E-03
  0.546875000      0.984375000      0.666707635       6.06954470E-03  -1.07185859E-02
  0.578125000      0.984375000      0.678184271       5.40524768E-03  -1.19791273E-02
  0.609375000      0.984375000      0.688362300       4.77132108E-03  -1.27268527E-02
  0.640625000      0.984375000      0.697295249       4.16085543E-03  -1.29086720E-02
  0.671875000      0.984375000      0.705007315       3.55123123E-03  -1.24628022E-02
  0.703125000      0.984375000      0.711440027       2.88228109E-03  -1.12765701E-02
  0.734375000      0.984375000      0.716306925       1.98642095E-03  -9.07956250E-03
  0.765625000      0.984375000      0.718663156       3.72776529E-04  -5.13273757E-03
  0.796875000      0.984375000      0.716350019      -2.68184952E-03   1.77107763E-03
  0.828125000      0.984375000      0.705736876      -7.92608038E-03   1.33559080E-02
  0.859375000      0.984375000      0.681033850      -1.67705547E-02   3.32806557E-02
  0.890625000      0.984375000      0.632759213      -3.14967036E-02   6.69934675E-02
  0.921875000      0.984375000      0.545358837      -5.58954403E-02  0.121739216    
  0.953125000      0.984375000      0.393198371      -9.62562189E-02  0.204824403    
  0.984375000      0.984375000      0.148468837     -0.148466170      0.316566944    
