 VARIABLES="X","Y","U","V","P"
 ZONE F=POINT, I=          32 , J=          32
   1.56250000E-02   1.56250000E-02  -3.68149158E-05   3.56286437E-05   4.72778175E-03
   4.68750000E-02   1.56250000E-02  -2.59837980E-04   1.84605917E-04   4.71265707E-03
   7.81250000E-02   1.56250000E-02  -7.34308967E-04   2.86658673E-04   4.70618159E-03
  0.109375000       1.56250000E-02  -1.36474497E-03   3.40568717E-04   4.71660402E-03
  0.140625000       1.56250000E-02  -2.07331777E-03   3.64793232E-04   4.74656420E-03
  0.171875000       1.56250000E-02  -2.81545660E-03   3.74130759E-04   4.79655387E-03
  0.203125000       1.56250000E-02  -3.56981019E-03   3.77002725E-04   4.86659724E-03
  0.234375000       1.56250000E-02  -4.32718173E-03   3.77139222E-04   4.95688757E-03
  0.265625000       1.56250000E-02  -5.08308224E-03   3.75519099E-04   5.06792590E-03
  0.296875000       1.56250000E-02  -5.83357736E-03   3.71714559E-04   5.20045962E-03
  0.328125000       1.56250000E-02  -6.57321420E-03   3.64634616E-04   5.35535999E-03
  0.359375000       1.56250000E-02  -7.29403738E-03   3.52868170E-04   5.53347450E-03
  0.390625000       1.56250000E-02  -7.98510667E-03   3.34836281E-04   5.73547371E-03
  0.421875000       1.56250000E-02  -8.63223337E-03   3.08876392E-04   5.96168218E-03
  0.453125000       1.56250000E-02  -9.21792164E-03   2.73339829E-04   6.21187966E-03
  0.484375000       1.56250000E-02  -9.72152874E-03   2.26731136E-04   6.48509618E-03
  0.515625000       1.56250000E-02  -1.01197558E-02   1.67889593E-04   6.77937642E-03
  0.546875000       1.56250000E-02  -1.03874961E-02   9.61709666E-05   7.09157903E-03
  0.578125000       1.56250000E-02  -1.04990611E-02   1.16411220E-05   7.41717638E-03
  0.609375000       1.56250000E-02  -1.04303248E-02  -8.42037116E-05   7.74921291E-03
  0.640625000       1.56250000E-02  -1.01590119E-02  -1.90999519E-04   8.07897002E-03
  0.671875000       1.56250000E-02  -9.66799725E-03  -3.03964247E-04   8.39741156E-03
  0.703125000       1.56250000E-02  -8.95182323E-03  -4.16208815E-04   8.69454443E-03
  0.734375000       1.56250000E-02  -8.02043173E-03  -5.19214198E-04   8.96028057E-03
  0.765625000       1.56250000E-02  -6.90197386E-03  -6.03295222E-04   9.18548740E-03
  0.796875000       1.56250000E-02  -5.64443879E-03  -6.58300414E-04   9.36317910E-03
  0.828125000       1.56250000E-02  -4.31570830E-03  -6.74483133E-04   9.48963501E-03
  0.859375000       1.56250000E-02  -3.00204614E-03  -6.43221720E-04   9.56530217E-03
  0.890625000       1.56250000E-02  -1.80539396E-03  -5.57455642E-04   9.59529821E-03
  0.921875000       1.56250000E-02  -8.39291723E-04  -4.12650028E-04   9.58954915E-03
  0.953125000       1.56250000E-02  -2.17387336E-04  -2.13236272E-04   9.56290215E-03
  0.984375000       1.56250000E-02  -3.06810580E-06  -4.30858927E-06   9.53583047E-03
   1.56250000E-02   4.68750000E-02  -1.98184731E-04   2.67846772E-04   4.74298093E-03
   4.68750000E-02   4.68750000E-02  -8.82658816E-04   8.53489619E-04   4.72750841E-03
   7.81250000E-02   4.68750000E-02  -2.04509916E-03   1.24745735E-03   4.72545950E-03
  0.109375000       4.68750000E-02  -3.50715080E-03   1.46502489E-03   4.73988662E-03
  0.140625000       4.68750000E-02  -5.13445120E-03   1.56897260E-03   4.77231015E-03
  0.171875000       4.68750000E-02  -6.84067421E-03   1.61106815E-03   4.82339226E-03
  0.203125000       4.68750000E-02  -8.57615657E-03   1.62264495E-03   4.89356415E-03
  0.234375000       4.68750000E-02  -1.03132734E-02   1.61871035E-03   4.98333527E-03
  0.265625000       4.68750000E-02  -1.20347021E-02   1.60397403E-03   5.09338174E-03
  0.296875000       4.68750000E-02  -1.37257818E-02   1.57749152E-03   5.22452220E-03
  0.328125000       4.68750000E-02  -1.53701436E-02   1.53545849E-03   5.37763163E-03
  0.359375000       4.68750000E-02  -1.69474110E-02   1.47266546E-03   5.55353798E-03
  0.390625000       4.68750000E-02  -1.84320621E-02   1.38319808E-03   5.75288571E-03
  0.421875000       4.68750000E-02  -1.97929628E-02   1.26087235E-03   5.97598404E-03
  0.453125000       4.68750000E-02  -2.09934078E-02   1.09968102E-03   6.22261968E-03
  0.484375000       4.68750000E-02  -2.19917037E-02   8.94353725E-04   6.49185851E-03
  0.515625000       4.68750000E-02  -2.27423720E-02   6.41066348E-04   6.78180903E-03
  0.546875000       4.68750000E-02  -2.31980644E-02   3.38166428E-04   7.08942395E-03
  0.578125000       4.68750000E-02  -2.33119801E-02  -1.32955802E-05   7.41033349E-03
  0.609375000       4.68750000E-02  -2.30393447E-02  -4.09216213E-04   7.73713598E-03
  0.640625000       4.68750000E-02  -2.23428477E-02  -8.42520210E-04   8.06178804E-03
  0.671875000       4.68750000E-02  -2.12007202E-02  -1.29443617E-03   8.37519579E-03
  0.703125000       4.68750000E-02  -1.96126681E-02  -1.73891615E-03   8.66742153E-03
  0.734375000       4.68750000E-02  -1.76056474E-02  -2.14394787E-03   8.92849453E-03
  0.765625000       4.68750000E-02  -1.52385402E-02  -2.47320416E-03   9.14948620E-03
  0.796875000       4.68750000E-02  -1.26050171E-02  -2.68854410E-03   9.32373293E-03
  0.828125000       4.68750000E-02  -9.83396545E-03  -2.75310525E-03   9.44802910E-03
  0.859375000       4.68750000E-02  -7.08703045E-03  -2.63425452E-03   9.52350534E-03
  0.890625000       4.68750000E-02  -4.55282722E-03  -2.30629439E-03   9.55597870E-03
  0.921875000       4.68750000E-02  -2.43575312E-03  -1.75595237E-03   9.55554564E-03
  0.953125000       4.68750000E-02  -9.32108960E-04  -1.00439694E-03   9.53528844E-03
  0.984375000       4.68750000E-02  -1.78321730E-04  -1.88663704E-04   9.50882956E-03
   1.56250000E-02   7.81250000E-02  -3.27772606E-04   7.90625927E-04   4.74816142E-03
   4.68750000E-02   7.81250000E-02  -1.37388101E-03   2.05410807E-03   4.72754333E-03
   7.81250000E-02   7.81250000E-02  -3.04428115E-03   2.87166634E-03   4.72560013E-03
  0.109375000       7.81250000E-02  -5.08077443E-03   3.33134411E-03   4.74152016E-03
  0.140625000       7.81250000E-02  -7.31721614E-03   3.55837541E-03   4.77512321E-03
  0.171875000       7.81250000E-02  -9.64933634E-03   3.65198310E-03   4.82655689E-03
  0.203125000       7.81250000E-02  -1.20140975E-02   3.67394136E-03   4.89623565E-03
  0.234375000       7.81250000E-02  -1.43729849E-02   3.65536893E-03   4.98480350E-03
  0.265625000       7.81250000E-02  -1.66994594E-02   3.60714155E-03   5.09308605E-03
  0.296875000       7.81250000E-02  -1.89705994E-02   3.52842966E-03   5.22202021E-03
  0.328125000       7.81250000E-02  -2.11620629E-02   3.41218011E-03   5.37258573E-03
  0.359375000       7.81250000E-02  -2.32452713E-02   3.24818376E-03   5.54570928E-03
  0.390625000       7.81250000E-02  -2.51859389E-02   3.02467588E-03   5.74215502E-03
  0.421875000       7.81250000E-02  -2.69434601E-02   2.72938330E-03   5.96238533E-03
  0.453125000       7.81250000E-02  -2.84709223E-02   2.35051755E-03   6.20637601E-03
  0.484375000       7.81250000E-02  -2.97157764E-02   1.87796284E-03   6.47341786E-03
  0.515625000       7.81250000E-02  -3.06212045E-02   1.30469527E-03   6.76185358E-03
  0.546875000       7.81250000E-02  -3.11283059E-02   6.28301466E-04   7.06882775E-03
  0.578125000       7.81250000E-02  -3.11790630E-02  -1.47949584E-04   7.39001622E-03
  0.609375000       7.81250000E-02  -3.07205413E-02  -1.01507350E-03   7.71798939E-03
  0.640625000       7.81250000E-02  -2.97125913E-02  -1.95061415E-03   8.04490224E-03
  0.671875000       7.81250000E-02  -2.81351730E-02  -2.91552301E-03   8.36118218E-03
  0.703125000       7.81250000E-02  -2.59939469E-02  -3.85684660E-03   8.65632668E-03
  0.734375000       7.81250000E-02  -2.33272761E-02  -4.70952969E-03   8.91972240E-03
  0.765625000       7.81250000E-02  -2.02123038E-02  -5.39957918E-03   9.14183725E-03
  0.796875000       7.81250000E-02  -1.67687666E-02  -5.84912160E-03   9.31562297E-03
  0.828125000       7.81250000E-02  -1.31592751E-02  -5.98295685E-03   9.43787955E-03
  0.859375000       7.81250000E-02  -9.58486460E-03  -5.73560223E-03   9.51022282E-03
  0.890625000       7.81250000E-02  -6.27521984E-03  -5.05860569E-03   9.53927170E-03
  0.921875000       7.81250000E-02  -3.47324507E-03  -3.93244345E-03   9.53568891E-03
  0.953125000       7.81250000E-02  -1.41377049E-03  -2.40071770E-03   9.51192901E-03
  0.984375000       7.81250000E-02  -2.98872736E-04  -6.69244153E-04   9.47866589E-03
   1.56250000E-02  0.109375000      -4.15232877E-04   1.53048488E-03   4.73115500E-03
   4.68750000E-02  0.109375000      -1.71403645E-03   3.65204783E-03   4.70545515E-03
   7.81250000E-02  0.109375000      -3.74322967E-03   4.96538728E-03   4.70199529E-03
  0.109375000      0.109375000      -6.17593946E-03   5.69889508E-03   4.71773092E-03
  0.140625000      0.109375000      -8.81992094E-03   6.06331602E-03   4.75119194E-03
  0.171875000      0.109375000      -1.15608480E-02   6.21215720E-03   4.80196066E-03
  0.203125000      0.109375000      -1.43301198E-02   6.23986777E-03   4.87029320E-03
  0.234375000      0.109375000      -1.70845240E-02   6.19479083E-03   4.95686568E-03
  0.265625000      0.109375000      -1.97929591E-02   6.09466853E-03   5.06260991E-03
  0.296875000      0.109375000      -2.24280283E-02   5.93912881E-03   5.18860202E-03
  0.328125000      0.109375000      -2.49610059E-02   5.71789732E-03   5.33598568E-03
  0.359375000      0.109375000      -2.73588896E-02   5.41548897E-03   5.50587988E-03
  0.390625000      0.109375000      -2.95828059E-02   5.01381885E-03   5.69928624E-03
  0.421875000      0.109375000      -3.15871909E-02   4.49392619E-03   5.91696054E-03
  0.453125000      0.109375000      -3.33196446E-02   3.83756915E-03   6.15923107E-03
  0.484375000      0.109375000      -3.47214043E-02   3.02909268E-03   6.42577838E-03
  0.515625000      0.109375000      -3.57286334E-02   2.05766386E-03   6.71534892E-03
  0.546875000      0.109375000      -3.62746567E-02   9.19767655E-04   7.02542253E-03
  0.578125000      0.109375000      -3.62936966E-02  -3.78437107E-04   7.35182175E-03
  0.609375000      0.109375000      -3.57268751E-02  -1.81888777E-03   7.68719427E-03
  0.640625000      0.109375000      -3.45294550E-02  -3.36125307E-03   8.02322756E-03
  0.671875000      0.109375000      -3.26775312E-02  -4.94342158E-03   8.34958348E-03
  0.703125000      0.109375000      -3.01756263E-02  -6.48136437E-03   8.65466520E-03
  0.734375000      0.109375000      -2.70657875E-02  -7.87087623E-03   8.92654993E-03
  0.765625000      0.109375000      -2.34361142E-02  -8.99228361E-03   9.15439986E-03
  0.796875000      0.109375000      -1.94266178E-02  -9.71887354E-03   9.33017395E-03
  0.828125000      0.109375000      -1.52298771E-02  -9.92885791E-03   9.45032854E-03
  0.859375000      0.109375000      -1.10839317E-02  -9.51944571E-03   9.51700751E-03
  0.890625000      0.109375000      -7.25639192E-03  -8.42129905E-03   9.53812804E-03
  0.921875000      0.109375000      -4.02215868E-03  -6.61526248E-03   9.52595472E-03
  0.953125000      0.109375000      -1.64169271E-03  -4.16707993E-03   9.49412026E-03
  0.984375000      0.109375000      -3.47978785E-04  -1.31931598E-03   9.45361890E-03
   1.56250000E-02  0.140625000      -4.70291998E-04   2.41291057E-03   4.68501402E-03
   4.68750000E-02  0.140625000      -1.93476630E-03   5.52589260E-03   4.65543382E-03
   7.81250000E-02  0.140625000      -4.20627650E-03   7.38443155E-03   4.65006009E-03
  0.109375000      0.140625000      -6.90764515E-03   8.40611942E-03   4.66462458E-03
  0.140625000      0.140625000      -9.82504338E-03   8.90966691E-03   4.69687209E-03
  0.171875000      0.140625000      -1.28367115E-02   9.11060628E-03   4.74598864E-03
  0.203125000      0.140625000      -1.58717725E-02   9.13796294E-03   4.81208973E-03
  0.234375000      0.140625000      -1.88859943E-02   9.05753486E-03   4.89586126E-03
  0.265625000      0.140625000      -2.18473058E-02   8.89388472E-03   4.99832723E-03
  0.296875000      0.140625000      -2.47272141E-02   8.64710286E-03   5.12071792E-03
  0.328125000      0.140625000      -2.74957884E-02   8.30366835E-03   5.26437769E-03
  0.359375000      0.140625000      -3.01187020E-02   7.84269162E-03   5.43069001E-03
  0.390625000      0.140625000      -3.25554647E-02   7.23944046E-03   5.62098855E-03
  0.421875000      0.140625000      -3.47583592E-02   6.46768603E-03   5.83643746E-03
  0.453125000      0.140625000      -3.66719365E-02   5.50189056E-03   6.07785396E-03
  0.484375000      0.140625000      -3.82331684E-02   4.31974698E-03   6.34547742E-03
  0.515625000      0.140625000      -3.93723398E-02   2.90531293E-03   6.63862750E-03
  0.546875000      0.140625000      -4.00151685E-02   1.25279254E-03   6.95532653E-03
  0.578125000      0.140625000      -4.00867090E-02  -6.29139307E-04   7.29178032E-03
  0.609375000      0.140625000      -3.95173654E-02  -2.71269353E-03   7.64052430E-03
  0.640625000      0.140625000      -3.82497981E-02  -4.94087115E-03   7.99234398E-03
  0.671875000      0.140625000      -3.62468548E-02  -7.22717959E-03   8.33582226E-03
  0.703125000      0.140625000      -3.35021950E-02  -9.45274904E-03   8.65775067E-03
  0.734375000      0.140625000      -3.00529636E-02  -1.14671942E-02   8.94421618E-03
  0.765625000      0.140625000      -2.59927101E-02  -1.30945584E-02   9.18231253E-03
  0.796875000      0.140625000      -2.14815792E-02  -1.41459191E-02   9.36233997E-03
  0.828125000      0.140625000      -1.67493094E-02  -1.44395195E-02   9.48006846E-03
  0.859375000      0.140625000      -1.20858122E-02  -1.38269048E-02   9.53834690E-03
  0.890625000      0.140625000      -7.81555846E-03  -1.22202821E-02   9.54723358E-03
  0.921875000      0.140625000      -4.25923150E-03  -9.61544737E-03   9.52202734E-03
  0.953125000      0.140625000      -1.69707974E-03  -6.11805916E-03   9.47938487E-03
  0.984375000      0.140625000      -3.48045782E-04  -2.01831153E-03   9.43257660E-03
   1.56250000E-02  0.171875000      -5.03514428E-04   3.38368048E-03   4.60583623E-03
   4.68750000E-02  0.171875000      -2.07242370E-03   7.58164143E-03   4.57350956E-03
   7.81250000E-02  0.171875000      -4.50285897E-03   1.00229755E-02   4.56623733E-03
  0.109375000      0.171875000      -7.38454051E-03   1.13429790E-02   4.57906350E-03
  0.140625000      0.171875000      -1.04873925E-02   1.19854230E-02   4.60929703E-03
  0.171875000      0.171875000      -1.36839487E-02   1.22354589E-02   4.65590786E-03
  0.203125000      0.171875000      -1.69025939E-02   1.22592226E-02   4.71894676E-03
  0.234375000      0.171875000      -2.01001558E-02   1.21404855E-02   4.79912711E-03
  0.265625000      0.171875000      -2.32460648E-02   1.19106034E-02   4.89757676E-03
  0.296875000      0.171875000      -2.63133384E-02   1.15700420E-02   5.01569174E-03
  0.328125000      0.171875000      -2.92734522E-02   1.11019127E-02   5.15505392E-03
  0.359375000      0.171875000      -3.20932418E-02   1.04796663E-02   5.31735690E-03
  0.390625000      0.171875000      -3.47328857E-02   9.67140868E-03   5.50433807E-03
  0.421875000      0.171875000      -3.71444672E-02   8.64273962E-03   5.71766729E-03
  0.453125000      0.171875000      -3.92709188E-02   7.35943625E-03   5.95877320E-03
  0.484375000      0.171875000      -4.10455652E-02   5.79064898E-03   6.22859923E-03
  0.515625000      0.171875000      -4.23923656E-02   3.91295226E-03   6.52724784E-03
  0.546875000      0.171875000      -4.32273895E-02   1.71556161E-03   6.85351714E-03
  0.578125000      0.171875000      -4.34620902E-02  -7.93116109E-04   7.20431143E-03
  0.609375000      0.171875000      -4.30087633E-02  -3.57885472E-03   7.57209584E-03
  0.640625000      0.171875000      -4.17880155E-02  -6.57052407E-03   7.94632174E-03
  0.671875000      0.171875000      -3.97389308E-02  -9.65707842E-03   8.31419881E-03
  0.703125000      0.171875000      -3.68330553E-02  -1.26809459E-02   8.66037235E-03
  0.734375000      0.171875000      -3.30921486E-02  -1.54367303E-02   8.96814838E-03
  0.765625000      0.171875000      -2.86077559E-02  -1.76772922E-02   9.22160968E-03
  0.796875000      0.171875000      -2.35591233E-02  -1.91306006E-02   9.40850284E-03
  0.828125000      0.171875000      -1.82229728E-02  -1.95309222E-02   9.52338427E-03
  0.859375000      0.171875000      -1.29648037E-02  -1.86648369E-02   9.57001001E-03
  0.890625000      0.171875000      -8.20047781E-03  -1.64245870E-02   9.56166722E-03
  0.921875000      0.171875000      -4.32680734E-03  -1.28487684E-02   9.51848924E-03
  0.953125000      0.171875000      -1.64545700E-03  -8.13581888E-03   9.46207903E-03
  0.984375000      0.171875000      -3.16229765E-04  -2.68521369E-03   9.40931402E-03
   1.56250000E-02  0.203125000      -5.22959745E-04   4.40719724E-03   4.49154992E-03
   4.68750000E-02  0.203125000      -2.15647090E-03   9.75386053E-03   4.45726514E-03
   7.81250000E-02  0.203125000      -4.69048601E-03   1.28077567E-02   4.44815913E-03
  0.109375000      0.203125000      -7.69446418E-03   1.44364210E-02   4.45886329E-03
  0.140625000      0.203125000      -1.09271193E-02   1.52200758E-02   4.48645186E-03
  0.171875000      0.203125000      -1.42570501E-02   1.55199068E-02   4.52980399E-03
  0.203125000      0.203125000      -1.76130012E-02   1.55420210E-02   4.58896905E-03
  0.234375000      0.203125000      -2.09542140E-02   1.53891593E-02   4.66472190E-03
  0.265625000      0.203125000      -2.42533833E-02   1.50997583E-02   4.75831144E-03
  0.296875000      0.203125000      -2.74870805E-02   1.46746784E-02   4.87131346E-03
  0.328125000      0.203125000      -3.06303538E-02   1.40935499E-02   5.00556268E-03
  0.359375000      0.203125000      -3.36533710E-02   1.33238044E-02   5.16310101E-03
  0.390625000      0.203125000      -3.65190208E-02   1.23256184E-02   5.34611195E-03
  0.421875000      0.203125000      -3.91808636E-02   1.10551026E-02   5.55684324E-03
  0.453125000      0.203125000      -4.15813997E-02   9.46731679E-03   5.79743832E-03
  0.484375000      0.203125000      -4.36506346E-02   7.52000418E-03   6.06969465E-03
  0.515625000      0.203125000      -4.53053340E-02   5.17855911E-03   6.37469627E-03
  0.546875000      0.203125000      -4.64493856E-02   2.42258329E-03   6.71230908E-03
  0.578125000      0.203125000      -4.69756797E-02  -7.45497993E-04   7.08053168E-03
  0.609375000      0.203125000      -4.67711389E-02  -4.29062732E-03   7.47248530E-03
  0.640625000      0.203125000      -4.57255431E-02  -8.13132338E-03   7.87562598E-03
  0.671875000      0.203125000      -4.37434018E-02  -1.21337026E-02   8.27559270E-03
  0.703125000      0.203125000      -4.07610908E-02  -1.60986912E-02   8.65435228E-03
  0.734375000      0.203125000      -3.67703736E-02  -1.97568033E-02   8.99150874E-03
  0.765625000      0.203125000      -3.18464413E-02  -2.27717608E-02   9.26689059E-03
  0.796875000      0.203125000      -2.61781067E-02  -2.47593448E-02   9.46436357E-03
  0.828125000      0.203125000      -2.00922247E-02  -2.53304914E-02   9.57634952E-03
  0.859375000      0.203125000      -1.40552707E-02  -2.41666995E-02   9.60752647E-03
  0.890625000      0.203125000      -8.62520840E-03  -2.11234353E-02   9.57568828E-03
  0.921875000      0.203125000      -4.33311285E-03  -1.63220074E-02   9.50806681E-03
  0.953125000      0.203125000      -1.52537285E-03  -1.01579633E-02   9.43355635E-03
  0.984375000      0.203125000      -2.59679509E-04  -3.26329144E-03   9.37404763E-03
   1.56250000E-02  0.234375000      -5.34067105E-04   5.46136266E-03   4.34121257E-03
   4.68750000E-02  0.234375000      -2.20764754E-03   1.20003205E-02   4.30542789E-03
   7.81250000E-02  0.234375000      -4.81064525E-03   1.56911071E-02   4.29447088E-03
  0.109375000      0.234375000      -7.90069718E-03   1.76399201E-02   4.30270005E-03
  0.140625000      0.234375000      -1.12292627E-02   1.85706504E-02   4.32705507E-03
  0.171875000      0.234375000      -1.46627054E-02   1.89256035E-02   4.36639134E-03
  0.203125000      0.234375000      -1.81311481E-02   1.89536735E-02   4.42079501E-03
  0.234375000      0.234375000      -2.15973444E-02   1.87779535E-02   4.49112710E-03
  0.265625000      0.234375000      -2.50386707E-02   1.84445884E-02   4.57876222E-03
  0.296875000      0.234375000      -2.84369998E-02   1.79551207E-02   4.68546245E-03
  0.328125000      0.234375000      -3.17729451E-02   1.72857046E-02   4.81331535E-03
  0.359375000      0.234375000      -3.50221470E-02   1.63974054E-02   4.96471673E-03
  0.390625000      0.234375000      -3.81523371E-02   1.52415708E-02   5.14231948E-03
  0.421875000      0.234375000      -4.11205702E-02   1.37631502E-02   5.34898508E-03
  0.453125000      0.234375000      -4.38704714E-02   1.19038466E-02   5.58764581E-03
  0.484375000      0.234375000      -4.63296175E-02   9.60622542E-03   5.86108491E-03
  0.515625000      0.234375000      -4.84074727E-02   6.81950478E-03   6.17156550E-03
  0.546875000      0.234375000      -4.99944016E-02   3.50745418E-03   6.52031973E-03
  0.578125000      0.234375000      -5.09621203E-02  -3.41294101E-04   6.90685771E-03
  0.609375000      0.234375000      -5.11669442E-02  -4.69929446E-03   7.32698152E-03
  0.640625000      0.234375000      -5.04603535E-02  -9.47943702E-03   7.76494807E-03
  0.671875000      0.234375000      -4.87021357E-02  -1.45304222E-02   8.20489600E-03
  0.703125000      0.234375000      -4.57782894E-02  -1.96125284E-02   8.62568617E-03
  0.734375000      0.234375000      -4.16294299E-02  -2.43869275E-02   9.00224596E-03
  0.765625000      0.234375000      -3.62877473E-02  -2.84116454E-02   9.30854864E-03
  0.796875000      0.234375000      -2.99244337E-02  -3.11555453E-02   9.52261314E-03
  0.828125000      0.234375000      -2.29005665E-02  -3.20485383E-02   9.63299908E-03
  0.859375000      0.234375000      -1.57980118E-02  -3.05927172E-02   9.64479521E-03
  0.890625000      0.234375000      -9.38037317E-03  -2.65497304E-02   9.58167203E-03
  0.921875000      0.234375000      -4.41707764E-03  -2.01557521E-02   9.48086008E-03
  0.953125000      0.234375000      -1.37573644E-03  -1.21779498E-02   9.38169286E-03
  0.984375000      0.234375000      -1.82042073E-04  -3.70660285E-03   9.31310840E-03
   1.56250000E-02  0.265625000      -5.40154811E-04   6.53283624E-03   4.15460393E-03
   4.68750000E-02  0.265625000      -2.23902566E-03   1.42950881E-02   4.11753682E-03
   7.81250000E-02  0.265625000      -4.89004469E-03   1.86434463E-02   4.10459703E-03
  0.109375000      0.265625000      -8.04412551E-03   2.09248364E-02   4.10993584E-03
  0.140625000      0.265625000      -1.14481570E-02   2.20114999E-02   4.13040444E-03
  0.171875000      0.265625000      -1.49676558E-02   2.24309321E-02   4.16485686E-03
  0.203125000      0.265625000      -1.85350589E-02   2.24775188E-02   4.21342859E-03
  0.234375000      0.265625000      -2.21176408E-02   2.22963318E-02   4.27706540E-03
  0.265625000      0.265625000      -2.56987363E-02   2.19422169E-02   4.35726112E-03
  0.296875000      0.265625000      -2.92671770E-02   2.14180276E-02   4.45594266E-03
  0.328125000      0.265625000      -3.28111835E-02   2.06967331E-02   4.57543042E-03
  0.359375000      0.265625000      -3.63142528E-02   1.97328813E-02   4.71843779E-03
  0.390625000      0.265625000      -3.97516116E-02   1.84681788E-02   4.88806888E-03
  0.421875000      0.265625000      -4.30865772E-02   1.68346204E-02   5.08779380E-03
  0.453125000      0.265625000      -4.62665893E-02   1.47575317E-02   5.32136252E-03
  0.484375000      0.265625000      -4.92191128E-02   1.21598467E-02   5.59262559E-03
  0.515625000      0.265625000      -5.18479943E-02   8.96866247E-03   5.90519328E-03
  0.546875000      0.265625000      -5.40310889E-02   5.12476126E-03   6.26192149E-03
  0.578125000      0.265625000      -5.56202307E-02   5.95091726E-04   6.66415738E-03
  0.609375000      0.265625000      -5.64421043E-02  -4.61181253E-03   7.11361039E-03
  0.640625000      0.265625000      -5.63047081E-02  -1.04134511E-02   7.59043451E-03
  0.671875000      0.265625000      -5.50119951E-02  -1.66496709E-02   8.07746965E-03
  0.703125000      0.265625000      -5.23823462E-02  -2.30489671E-02   8.55035428E-03
  0.734375000      0.265625000      -4.82755378E-02  -2.92082839E-02   8.97855684E-03
  0.765625000      0.265625000      -4.26379442E-02  -3.45716998E-02   9.32841562E-03
  0.796875000      0.265625000      -3.55723873E-02  -3.84265557E-02   9.56930127E-03
  0.828125000      0.265625000      -2.74284147E-02  -3.99476625E-02   9.68281273E-03
  0.859375000      0.265625000      -1.88874062E-02  -3.83395664E-02   9.67263337E-03
  0.890625000      0.265625000      -1.09730680E-02  -3.31373848E-02   9.56935063E-03
  0.921875000      0.265625000      -4.84798057E-03  -2.46590916E-02   9.42386594E-03
  0.953125000      0.265625000      -1.28162478E-03  -1.42849572E-02   9.29025561E-03
  0.984375000      0.265625000      -9.37996592E-05  -3.98333836E-03   9.20777954E-03
   1.56250000E-02  0.296875000      -5.43006172E-04   7.61337951E-03   3.93199874E-03
   4.68750000E-02  0.296875000      -2.25788192E-03   1.66223794E-02   3.89371114E-03
   7.81250000E-02  0.296875000      -4.94388398E-03   2.16466002E-02   3.87854362E-03
  0.109375000      0.296875000      -8.14806670E-03   2.42734142E-02   3.88047285E-03
  0.140625000      0.296875000      -1.16142994E-02   2.55267229E-02   3.89627041E-03
  0.171875000      0.296875000      -1.52081866E-02   2.60227229E-02   3.92478332E-03
  0.203125000      0.296875000      -1.88652482E-02   2.61039473E-02   3.96618480E-03
  0.234375000      0.296875000      -2.25581601E-02   2.59393137E-02   4.02148301E-03
  0.265625000      0.296875000      -2.62774602E-02   2.55937539E-02   4.09225095E-03
  0.296875000      0.296875000      -3.00206356E-02   2.50724908E-02   4.18053195E-03
  0.328125000      0.296875000      -3.37857530E-02   2.43460983E-02   4.28881636E-03
  0.359375000      0.296875000      -3.75670046E-02   2.33629197E-02   4.42006020E-03
  0.390625000      0.296875000      -4.13505882E-02   2.20546052E-02   4.57773125E-03
  0.421875000      0.296875000      -4.51101400E-02   2.03387365E-02   4.76583326E-03
  0.453125000      0.296875000      -4.88014892E-02   1.81213506E-02   4.98888362E-03
  0.484375000      0.296875000      -5.23568913E-02   1.53011214E-02   5.25179319E-03
  0.515625000      0.296875000      -5.56794107E-02   1.17765646E-02   5.55962231E-03
  0.546875000      0.296875000      -5.86385392E-02   7.45746400E-03   5.91705739E-03
  0.578125000      0.296875000      -6.10691831E-02   2.28113192E-03   6.32751221E-03
  0.609375000      0.296875000      -6.27800301E-02  -3.76566523E-03   6.80027157E-03
  0.640625000      0.296875000      -6.35341033E-02  -1.06430091E-02   7.31581869E-03
  0.671875000      0.296875000      -6.30628392E-02  -1.81838535E-02   7.85398111E-03
  0.703125000      0.296875000      -6.10973015E-02  -2.61095241E-02   8.38778261E-03
  0.734375000      0.296875000      -5.73766008E-02  -3.39746773E-02   8.88134819E-03
  0.765625000      0.296875000      -5.17043769E-02  -4.11145613E-02   9.29200090E-03
  0.796875000      0.296875000      -4.40470204E-02  -4.66061346E-02   9.57703404E-03
  0.828125000      0.296875000      -3.46709788E-02  -4.92877811E-02   9.70602781E-03
  0.859375000      0.296875000      -2.42976546E-02  -4.79136556E-02   9.67660174E-03
  0.890625000      0.296875000      -1.42106507E-02  -4.15646993E-02   9.52542387E-03
  0.921875000      0.296875000      -6.12216489E-03  -3.04455608E-02   9.32134129E-03
  0.953125000      0.296875000      -1.42801972E-03  -1.67592969E-02   9.13886260E-03
  0.984375000      0.296875000      -2.39381916E-05  -4.10115952E-03   9.03312117E-03
   1.56250000E-02  0.328125000      -5.43421833E-04   8.69733561E-03   3.67405778E-03
   4.68750000E-02  0.328125000      -2.26765731E-03   1.89719517E-02   3.63452174E-03
   7.81250000E-02  0.328125000      -4.97952709E-03   2.46887002E-02   3.61678982E-03
  0.109375000      0.328125000      -8.22370313E-03   2.76735313E-02   3.61467339E-03
  0.140625000      0.328125000      -1.17416512E-02   2.91047320E-02   3.62485414E-03
  0.171875000      0.328125000      -1.53994933E-02   2.96905115E-02   3.64615256E-03
  0.203125000      0.328125000      -1.91363245E-02   2.98242886E-02   3.67874699E-03
  0.234375000      0.328125000      -2.29309723E-02   2.97009926E-02   3.72364651E-03
  0.265625000      0.328125000      -2.67823264E-02   2.93974765E-02   3.78244231E-03
  0.296875000      0.328125000      -3.06982752E-02   2.89229900E-02   3.85720073E-03
  0.328125000      0.328125000      -3.46892178E-02   2.82471906E-02   3.95046407E-03
  0.359375000      0.328125000      -3.87634411E-02   2.73133554E-02   4.06528963E-03
  0.390625000      0.328125000      -4.29225974E-02   2.60435678E-02   4.20534285E-03
  0.421875000      0.328125000      -4.71564159E-02   2.43404973E-02   4.37496928E-03
  0.453125000      0.328125000      -5.14363497E-02   2.20889859E-02   4.57925536E-03
  0.484375000      0.328125000      -5.57083040E-02   1.91597827E-02   4.82402276E-03
  0.515625000      0.328125000      -5.98853081E-02   1.54172163E-02   5.11570042E-03
  0.546875000      0.328125000      -6.38408363E-02   1.07320948E-02   5.46100317E-03
  0.578125000      0.328125000      -6.74024969E-02   5.00022341E-03   5.86657505E-03
  0.609375000      0.328125000      -7.03395903E-02  -1.83469197E-03   6.33938005E-03
  0.640625000      0.328125000      -7.23762661E-02  -9.78049263E-03   6.88744988E-03
  0.671875000      0.328125000      -7.31839165E-02  -1.87067967E-02   7.47339055E-03
  0.703125000      0.328125000      -7.23651201E-02  -2.83674337E-02   8.07133131E-03
  0.734375000      0.328125000      -6.94875568E-02  -3.83114032E-02   8.64238013E-03
  0.765625000      0.328125000      -6.41541928E-02  -4.77797911E-02   9.13517550E-03
  0.796875000      0.328125000      -5.61329126E-02  -5.56160361E-02   9.49189626E-03
  0.828125000      0.328125000      -4.55359891E-02  -6.02475591E-02   9.66311805E-03
  0.859375000      0.328125000      -3.30345519E-02  -5.98256327E-02   9.63108800E-03
  0.890625000      0.328125000      -2.00794563E-02  -5.26920855E-02   9.43212863E-03
  0.921875000      0.328125000      -8.97065178E-03  -3.85129713E-02   9.15567018E-03
  0.953125000      0.328125000      -2.13654735E-03  -2.02178173E-02   8.90413206E-03
  0.984375000      0.328125000      -2.85226561E-05  -4.15280042E-03   8.75735097E-03
   1.56250000E-02  0.359375000      -5.41673217E-04   9.78011824E-03   3.38179944E-03
   4.68750000E-02  0.359375000      -2.26965733E-03   2.13361699E-02   3.34093324E-03
   7.81250000E-02  0.359375000      -4.99982946E-03   2.77607404E-02   3.32023017E-03
  0.109375000      0.359375000      -8.27503856E-03   3.11151687E-02   3.31333512E-03
  0.140625000      0.359375000      -1.18342042E-02   3.27346101E-02   3.31681781E-03
  0.171875000      0.359375000      -1.55438706E-02   3.34227011E-02   3.32943071E-03
  0.203125000      0.359375000      -1.93468630E-02   3.36266980E-02   3.35129187E-03
  0.234375000      0.359375000      -2.32286658E-02   3.35700959E-02   3.38334264E-03
  0.265625000      0.359375000      -2.71975286E-02   3.33440229E-02   3.42707988E-03
  0.296875000      0.359375000      -3.12734023E-02   3.29641625E-02   3.48445307E-03
  0.328125000      0.359375000      -3.54816429E-02   3.24016698E-02   3.55787412E-03
  0.359375000      0.359375000      -3.98485102E-02   3.15971076E-02   3.65027413E-03
  0.390625000      0.359375000      -4.43966165E-02   3.04650106E-02   3.76522075E-03
  0.421875000      0.359375000      -4.91392612E-02   2.88943648E-02   3.90704675E-03
  0.453125000      0.359375000      -5.40731326E-02   2.67487690E-02   4.08099359E-03
  0.484375000      0.359375000      -5.91693223E-02   2.38690730E-02   4.29331139E-03
  0.515625000      0.359375000      -6.43628538E-02   2.00804882E-02   4.55128634E-03
  0.546875000      0.359375000      -6.95407540E-02   1.52053731E-02   4.86305403E-03
  0.578125000      0.359375000      -7.45291859E-02   9.08120349E-03   5.23706712E-03
  0.609375000      0.359375000      -7.90831298E-02   1.58043648E-03   5.68056386E-03
  0.640625000      0.359375000      -8.28815699E-02  -7.35463668E-03   6.23153523E-03
  0.671875000      0.359375000      -8.54767188E-02  -1.77234169E-02   6.84565725E-03
  0.703125000      0.359375000      -8.63010138E-02  -2.93384846E-02   7.49720074E-03
  0.734375000      0.359375000      -8.47214013E-02  -4.17905338E-02   8.14935099E-03
  0.765625000      0.359375000      -8.01093504E-02  -5.42390868E-02   8.74584727E-03
  0.796875000      0.359375000      -7.20085204E-02  -6.52720556E-02   9.21305176E-03
  0.828125000      0.359375000      -6.03378862E-02  -7.28525966E-02   9.47508495E-03
  0.859375000      0.359375000      -4.56309915E-02  -7.44228065E-02   9.48434044E-03
  0.890625000      0.359375000      -2.93394439E-02  -6.73358142E-02   9.25997458E-03
  0.921875000      0.359375000      -1.41721657E-02  -5.01399338E-02   8.90568923E-03
  0.953125000      0.359375000      -3.83987976E-03  -2.57521179E-02   8.56106542E-03
  0.984375000      0.359375000      -1.91283820E-04  -4.37082956E-03   8.34148750E-03
   1.56250000E-02  0.390625000      -5.37878659E-04   1.08575290E-02   3.05659906E-03
   4.68750000E-02  0.390625000      -2.26446008E-03   2.37084962E-02   3.01429350E-03
   7.81250000E-02  0.390625000      -5.00590308E-03   3.08546871E-02   2.99017760E-03
  0.109375000      0.390625000      -8.30304157E-03   3.45883183E-02   2.97772000E-03
  0.140625000      0.390625000      -1.18914340E-02   3.64039056E-02   2.97334278E-03
  0.171875000      0.390625000      -1.56374387E-02   3.72041613E-02   2.97567435E-03
  0.203125000      0.390625000      -1.94873642E-02   3.74935120E-02   2.98468792E-03
  0.234375000      0.390625000      -2.34335065E-02   3.75269428E-02   3.00114253E-03
  0.265625000      0.390625000      -2.74941362E-02   3.74128371E-02   3.02629522E-03
  0.296875000      0.390625000      -3.17026973E-02   3.71765345E-02   3.06178187E-03
  0.328125000      0.390625000      -3.61020193E-02   3.67943272E-02   3.10962414E-03
  0.359375000      0.390625000      -4.07404304E-02   3.62080559E-02   3.17228353E-03
  0.390625000      0.390625000      -4.56678309E-02   3.53289023E-02   3.25278752E-03
  0.421875000      0.390625000      -5.09304106E-02   3.40361670E-02   3.35487304E-03
  0.453125000      0.390625000      -5.65630198E-02   3.21751758E-02   3.48318694E-03
  0.484375000      0.390625000      -6.25783354E-02   2.95572430E-02   3.64351459E-03
  0.515625000      0.390625000      -6.89515620E-02   2.59635188E-02   3.84299294E-03
  0.546875000      0.390625000      -7.55993873E-02   2.11538747E-02   4.09031566E-03
  0.578125000      0.390625000      -8.23525414E-02   1.48813836E-02   4.39578202E-03
  0.609375000      0.390625000      -8.89237076E-02   6.91358559E-03   4.77126380E-03
  0.640625000      0.390625000      -9.48694795E-02  -2.93440139E-03   5.24334237E-03
  0.671875000      0.390625000      -9.96036381E-02  -1.48044769E-02   5.84671739E-03
  0.703125000      0.390625000     -0.102404289      -2.86221411E-02   6.51747594E-03
  0.734375000      0.390625000     -0.102421477      -4.40587923E-02   7.23541155E-03
  0.765625000      0.390625000      -9.88063514E-02  -6.01875260E-02   7.94916134E-03
  0.796875000      0.390625000      -9.09004509E-02  -7.53201395E-02   8.57322942E-03
  0.828125000      0.390625000      -7.84281343E-02  -8.69376659E-02   8.99994839E-03
  0.859375000      0.390625000      -6.17198348E-02  -9.17436182E-02   9.13423207E-03
  0.890625000      0.390625000      -4.20481376E-02  -8.59694481E-02   8.94932635E-03
  0.921875000      0.390625000      -2.21915282E-02  -6.65218532E-02   8.53735302E-03
  0.953125000      0.390625000      -6.96506165E-03  -3.49209681E-02   8.07996839E-03
  0.984375000      0.390625000      -6.24804641E-04  -5.18417731E-03   7.73810735E-03
   1.56250000E-02  0.421875000      -5.32295264E-04   1.19257392E-02   2.70020589E-03
   4.68750000E-02  0.421875000      -2.25303974E-03   2.60831881E-02   2.65633361E-03
   7.81250000E-02  0.421875000      -4.99936286E-03   3.39628831E-02   2.62837089E-03
  0.109375000      0.421875000      -8.30902997E-03   3.80821601E-02   2.60959100E-03
  0.140625000      0.421875000      -1.19127538E-02   4.00975794E-02   2.59622186E-03
  0.171875000      0.421875000      -1.56756081E-02   4.10149843E-02   2.58668093E-03
  0.203125000      0.421875000      -1.95466783E-02   4.13996466E-02   2.58069369E-03
  0.234375000      0.421875000      -2.35247556E-02   4.15414199E-02   2.57869181E-03
  0.265625000      0.421875000      -2.76382808E-02   4.15694639E-02   2.58149649E-03
  0.296875000      0.421875000      -3.19350436E-02   4.15228903E-02   2.59017781E-03
  0.328125000      0.421875000      -3.64772789E-02   4.13880609E-02   2.60602101E-03
  0.359375000      0.421875000      -4.13391143E-02   4.11141440E-02   2.63055251E-03
  0.390625000      0.421875000      -4.66041528E-02   4.06160429E-02   2.66561145E-03
  0.421875000      0.421875000      -5.23615181E-02   3.97711359E-02   2.71345256E-03
  0.453125000      0.421875000      -5.86984009E-02   3.84133756E-02   2.77693756E-03
  0.484375000      0.421875000      -6.56858757E-02   3.63271199E-02   2.85980292E-03
  0.515625000      0.421875000      -7.33537376E-02   3.32416669E-02   2.96714250E-03
  0.546875000      0.421875000      -8.16502795E-02   2.88286563E-02   3.10622761E-03
  0.578125000      0.421875000      -9.03886557E-02   2.27082018E-02   3.28762596E-03
  0.609375000      0.421875000      -9.91937444E-02   1.44744366E-02   3.52624105E-03
  0.640625000      0.421875000     -0.107481383       3.75066185E-03   3.84011003E-03
  0.671875000      0.421875000     -0.114509508      -9.71394219E-03   4.33284277E-03
  0.703125000      0.421875000     -0.119371198      -2.60365047E-02   4.95015271E-03
  0.734375000      0.421875000     -0.121049456      -4.49349731E-02   5.68778580E-03
  0.765625000      0.421875000     -0.118566349      -6.53956681E-02   6.51337020E-03
  0.796875000      0.421875000     -0.111118779      -8.54519159E-02   7.33896066E-03
  0.828125000      0.421875000      -9.82503816E-02 -0.102133572       8.02425016E-03
  0.859375000      0.421875000      -8.00356120E-02 -0.111458376       8.41002539E-03
  0.890625000      0.421875000      -5.74141517E-02 -0.108536080       8.38707574E-03
  0.921875000      0.421875000      -3.28903347E-02  -8.83244872E-02   7.98669457E-03
  0.953125000      0.421875000      -1.17974980E-02  -4.94269580E-02   7.41455192E-03
  0.984375000      0.421875000      -1.50086090E-03  -7.30619486E-03   6.89183641E-03
   1.56250000E-02  0.453125000      -5.25572512E-04   1.29818227E-02   2.31473893E-03
   4.68750000E-02  0.453125000      -2.23772204E-03   2.84559857E-02   2.26914976E-03
   7.81250000E-02  0.453125000      -4.98421863E-03   3.70784923E-02   2.23696115E-03
  0.109375000      0.453125000      -8.29749648E-03   4.15852107E-02   2.21123500E-03
  0.140625000      0.453125000      -1.19012222E-02   4.37978879E-02   2.18791794E-03
  0.171875000      0.453125000      -1.56575982E-02   4.48300950E-02   2.16511544E-03
  0.203125000      0.453125000      -1.95173528E-02   4.53119390E-02   2.14217044E-03
  0.234375000      0.453125000      -2.34848894E-02   4.55718264E-02   2.11900892E-03
  0.265625000      0.453125000      -2.75982283E-02   4.57636639E-02   2.09578732E-03
  0.296875000      0.453125000      -3.19193378E-02   4.59451303E-02   2.07269448E-03
  0.328125000      0.453125000      -3.65305766E-02   4.61188890E-02   2.04985077E-03
  0.359375000      0.453125000      -4.15340587E-02   4.62494493E-02   2.02724407E-03
  0.390625000      0.453125000      -4.70516533E-02   4.62656021E-02   2.00466719E-03
  0.421875000      0.453125000      -5.32231331E-02   4.60542776E-02   1.98165723E-03
  0.453125000      0.453125000      -6.01985417E-02   4.54481393E-02   1.95750478E-03
  0.484375000      0.453125000      -6.81180060E-02   4.42067832E-02   1.93148851E-03
  0.515625000      0.453125000      -7.70709515E-02   4.19921838E-02   1.90367317E-03
  0.546875000      0.453125000      -8.70309323E-02   3.83459069E-02   1.87688461E-03
  0.578125000      0.453125000      -9.77766365E-02   3.26879807E-02   1.86021626E-03
  0.609375000      0.453125000     -0.108826868       2.43644509E-02   1.87369157E-03
  0.640625000      0.453125000     -0.119422138       1.27592403E-02   1.95237435E-03
  0.671875000      0.453125000     -0.128557265      -2.54269596E-03   2.15004059E-03
  0.703125000      0.453125000     -0.135206163      -2.16800570E-02   2.61230324E-03
  0.734375000      0.453125000     -0.138395458      -4.44066152E-02   3.28723807E-03
  0.765625000      0.453125000     -0.137106568      -6.96789622E-02   4.19034250E-03
  0.796875000      0.453125000     -0.130430147      -9.52760130E-02   5.24686184E-03
  0.828125000      0.453125000     -0.117733315     -0.117858753       6.28912589E-03
  0.859375000      0.453125000      -9.87845659E-02 -0.132881567       7.08298013E-03
  0.890625000      0.453125000      -7.40681738E-02 -0.134436384       7.40091130E-03
  0.921875000      0.453125000      -4.55549806E-02 -0.115447566       7.14858063E-03
  0.953125000      0.453125000      -1.84417777E-02  -7.04968870E-02   6.49657473E-03
  0.984375000      0.453125000      -3.08061927E-03  -1.18832495E-02   5.75570902E-03
   1.56250000E-02  0.484375000      -5.18990564E-04   1.40247801E-02   1.90263591E-03
   4.68750000E-02  0.484375000      -2.22308747E-03   3.08256671E-02   1.85514882E-03
   7.81250000E-02  0.484375000      -4.96859755E-03   4.01968695E-02   1.81848940E-03
  0.109375000      0.484375000      -8.27860553E-03   4.50863168E-02   1.78545341E-03
  0.140625000      0.484375000      -1.18667688E-02   4.74850908E-02   1.75160868E-03
  0.171875000      0.484375000      -1.55904312E-02   4.86196652E-02   1.71461259E-03
  0.203125000      0.484375000      -1.94004178E-02   4.91892807E-02   1.67325593E-03
  0.234375000      0.484375000      -2.33053043E-02   4.95646596E-02   1.62675977E-03
  0.265625000      0.484375000      -2.73511633E-02   4.99285236E-02   1.57435006E-03
  0.296875000      0.484375000      -3.16125900E-02   5.03622517E-02   1.51498045E-03
  0.328125000      0.484375000      -3.61906216E-02   5.08916602E-02   1.44711742E-03
  0.359375000      0.484375000      -4.12143841E-02   5.15059344E-02   1.36850239E-03
  0.390625000      0.484375000      -4.68438119E-02   5.21597676E-02   1.27582566E-03
  0.421875000      0.484375000      -5.32698110E-02   5.27630448E-02   1.16432155E-03
  0.453125000      0.484375000      -6.07048348E-02   5.31572402E-02   1.02738373E-03
  0.484375000      0.484375000      -6.93530738E-02   5.30749299E-02   8.56549421E-04
  0.515625000      0.484375000      -7.93498605E-02   5.20854183E-02   6.42751984E-04
  0.546875000      0.484375000      -9.06714201E-02   4.95479219E-02   3.80152778E-04
  0.578125000      0.484375000     -0.103039429       4.46152613E-02   7.35412032E-05
  0.609375000      0.484375000     -0.115862995       3.63281965E-02  -2.51768128E-04
  0.640625000      0.484375000     -0.128254801       2.38010883E-02  -5.42528229E-04
  0.671875000      0.484375000     -0.139133587       6.44880766E-03  -7.22038792E-04
  0.703125000      0.484375000     -0.147369862      -1.57664530E-02  -6.03654655E-04
  0.734375000      0.484375000     -0.151965082      -4.25156988E-02  -1.21715013E-04
  0.765625000      0.484375000     -0.151984096      -7.28200376E-02   7.87395576E-04
  0.796875000      0.484375000     -0.146495730     -0.104280621       2.07388774E-03
  0.828125000      0.484375000     -0.134705812     -0.133322626       3.55297234E-03
  0.859375000      0.484375000     -0.116039656     -0.155015260       4.91505908E-03
  0.890625000      0.484375000      -9.04320106E-02 -0.162610322       5.78979030E-03
  0.921875000      0.484375000      -5.91404513E-02 -0.147062838       5.89330774E-03
  0.953125000      0.484375000      -2.67610215E-02  -9.83594358E-02   5.26703754E-03
  0.984375000      0.484375000      -5.58588188E-03  -2.05447469E-02   4.33055311E-03
   1.56250000E-02  0.515625000      -5.14714338E-04   1.50570460E-02   1.46655575E-03
   4.68750000E-02  0.515625000      -2.21686158E-03   3.31964195E-02   1.41694024E-03
   7.81250000E-02  0.515625000      -4.96643782E-03   4.33176905E-02   1.37576740E-03
  0.109375000      0.515625000      -8.27062316E-03   4.85763364E-02   1.33550283E-03
  0.140625000      0.515625000      -1.18292235E-02   5.11387289E-02   1.29117840E-03
  0.171875000      0.515625000      -1.54925184E-02   5.23502380E-02   1.23982143E-03
  0.203125000      0.515625000      -1.92097202E-02   5.29836342E-02   1.17947732E-03
  0.234375000      0.515625000      -2.29916647E-02   5.34555167E-02   1.10844697E-03
  0.265625000      0.515625000      -2.68900283E-02   5.39811030E-02   1.02474983E-03
  0.296875000      0.515625000      -3.09887454E-02   5.46700880E-02   9.25746921E-04
  0.328125000      0.515625000      -3.54031548E-02   5.55778295E-02   8.07740027E-04
  0.359375000      0.515625000      -4.02835831E-02   5.67270480E-02   6.65473519E-04
  0.390625000      0.515625000      -4.58201654E-02   5.81095517E-02   4.91406361E-04
  0.421875000      0.515625000      -5.22438064E-02   5.96697927E-02   2.74730701E-04
  0.453125000      0.515625000      -5.98135740E-02   6.12643510E-02   3.30531435E-07
  0.484375000      0.515625000      -6.87773526E-02   6.25911877E-02  -3.51655239E-04
  0.515625000      0.515625000      -7.92968124E-02   6.30990267E-02  -8.03965610E-04
  0.546875000      0.515625000      -9.13461000E-02   6.19209707E-02  -1.37558486E-03
  0.578125000      0.515625000     -0.104619056       5.79009652E-02  -2.06868909E-03
  0.609375000      0.515625000     -0.118487939       4.97544408E-02  -2.85121193E-03
  0.640625000      0.515625000     -0.132036000       3.63355130E-02  -3.64295603E-03
  0.671875000      0.515625000     -0.144149721       1.69285759E-02  -4.31606080E-03
  0.703125000      0.515625000     -0.153621435      -8.51613097E-03  -4.70939185E-03
  0.734375000      0.515625000     -0.159492165      -3.92780006E-02  -4.56741219E-03
  0.765625000      0.515625000     -0.160978705      -7.45305642E-02  -3.75408772E-03
  0.796875000      0.515625000     -0.157179087     -0.111837208      -2.27864762E-03
  0.828125000      0.515625000     -0.147154018     -0.147561133      -3.25792469E-04
  0.859375000      0.515625000     -0.129965559     -0.176612586       1.73365232E-03
  0.890625000      0.515625000     -0.104925223     -0.191643327       3.38412123E-03
  0.921875000      0.515625000      -7.24334046E-02 -0.181796551       4.10907296E-03
  0.953125000      0.515625000      -3.61704305E-02 -0.132252276       3.71740479E-03
  0.984375000      0.515625000      -8.92955437E-03  -3.50548662E-02   2.68326001E-03
   1.56250000E-02  0.546875000      -5.16098808E-04   1.60865746E-02   1.00919080E-03
   4.68750000E-02  0.546875000      -2.23099673E-03   3.55810635E-02   9.57135111E-04
   7.81250000E-02  0.546875000      -4.99934610E-03   4.64478582E-02   9.11719049E-04
  0.109375000      0.546875000      -8.30232352E-03   5.20503931E-02   8.64956179E-04
  0.140625000      0.546875000      -1.18211489E-02   5.47394231E-02   8.11116653E-04
  0.171875000      0.546875000      -1.53969536E-02   5.59863448E-02   7.46360573E-04
  0.203125000      0.546875000      -1.89758167E-02   5.66418171E-02   6.67770044E-04
  0.234375000      0.546875000      -2.25688387E-02   5.71712255E-02   5.72490157E-04
  0.265625000      0.546875000      -2.62301490E-02   5.78248948E-02   4.57086484E-04
  0.296875000      0.546875000      -3.00481170E-02   5.87439463E-02   3.17006605E-04
  0.328125000      0.546875000      -3.41449343E-02   6.00175597E-02   1.45954531E-04
  0.359375000      0.546875000      -3.86809632E-02   6.17077909E-02  -6.49779613E-05
  0.390625000      0.546875000      -4.38601263E-02   6.38504922E-02  -3.28563852E-04
  0.421875000      0.546875000      -4.99301627E-02   6.64305985E-02  -6.63188810E-04
  0.453125000      0.546875000      -5.71673438E-02   6.93208724E-02  -1.09479204E-03
  0.484375000      0.546875000      -6.58334270E-02   7.21773133E-02  -1.65785174E-03
  0.515625000      0.546875000      -7.60999471E-02   7.43140355E-02  -2.39274581E-03
  0.546875000      0.546875000      -8.79542232E-02   7.46269375E-02  -3.33562028E-03
  0.578125000      0.546875000     -0.101120189       7.16533512E-02  -4.49841842E-03
  0.609375000      0.546875000     -0.115026459       6.37983456E-02  -5.84242772E-03
  0.640625000      0.546875000     -0.128832594       4.96681891E-02  -7.25724455E-03
  0.671875000      0.546875000     -0.141506642       2.84068175E-02  -8.56208242E-03
  0.703125000      0.546875000     -0.151959121      -4.67428472E-05  -9.54526663E-03
  0.734375000      0.546875000     -0.159142971      -3.46695632E-02  -9.88888647E-03
  0.765625000      0.546875000     -0.162296981      -7.44758323E-02  -9.29202046E-03
  0.796875000      0.546875000     -0.160713822     -0.117253050      -7.71106640E-03
  0.828125000      0.546875000     -0.153356895     -0.159506768      -5.30981040E-03
  0.859375000      0.546875000     -0.138927683     -0.196265385      -2.49131094E-03
  0.890625000      0.546875000     -0.116050623     -0.219889939       1.09806148E-04
  0.921875000      0.546875000      -8.41234550E-02 -0.217952073       1.73667236E-03
  0.953125000      0.546875000      -4.56262603E-02 -0.170840964       1.87570578E-03
  0.984375000      0.546875000      -1.26705542E-02  -5.66496626E-02   9.00468789E-04
   1.56250000E-02  0.578125000      -5.28109958E-04   1.71296317E-02   5.32979844E-04
   4.68750000E-02  0.578125000      -2.28302134E-03   3.80052440E-02   4.78052592E-04
   7.81250000E-02  0.578125000      -5.09879692E-03   4.96050343E-02   4.29098174E-04
  0.109375000      0.578125000      -8.41563288E-03   5.55104464E-02   3.77474993E-04
  0.140625000      0.578125000      -1.18906414E-02   5.82708940E-02   3.16348713E-04
  0.171875000      0.578125000      -1.53543707E-02   5.94924949E-02   2.40691006E-04
  0.203125000      0.578125000      -1.87491328E-02   6.01079240E-02   1.46352861E-04
  0.234375000      0.578125000      -2.20848154E-02   6.06331900E-02   2.91105844E-05
  0.265625000      0.578125000      -2.54147947E-02   6.13545477E-02  -1.16121781E-04
  0.296875000      0.578125000      -2.88260952E-02   6.24450818E-02  -2.96022306E-04
  0.328125000      0.578125000      -3.24382521E-02   6.40283823E-02  -5.19758498E-04
  0.359375000      0.578125000      -3.64068337E-02   6.62063062E-02  -8.00259993E-04
  0.390625000      0.578125000      -4.09276150E-02   6.90586567E-02  -1.15610578E-03
  0.421875000      0.578125000      -4.62355241E-02   7.26093352E-02  -1.61413301E-03
  0.453125000      0.578125000      -5.25898077E-02   7.67449215E-02  -2.21237564E-03
  0.484375000      0.578125000      -6.02371320E-02   8.10804367E-02  -3.00166151E-03
  0.515625000      0.578125000      -6.93516433E-02   8.48081112E-02  -4.04215511E-03
  0.546875000      0.578125000      -7.99642205E-02   8.66181478E-02  -5.38961357E-03
  0.578125000      0.578125000      -9.19029564E-02   8.47872496E-02  -7.06816185E-03
  0.609375000      0.578125000     -0.104762159       7.74519220E-02  -9.03417356E-03
  0.640625000      0.578125000     -0.117902130       6.29838482E-02  -1.11460406E-02
  0.671875000      0.578125000     -0.130471691       4.03585099E-02  -1.31605025E-02
  0.703125000      0.578125000     -0.141453922       9.46011208E-03  -1.47707509E-02
  0.734375000      0.578125000     -0.149752080      -2.86709834E-02  -1.57164447E-02
  0.765625000      0.578125000     -0.154716134      -7.23337382E-02  -1.54551007E-02
  0.796875000      0.578125000     -0.155825555     -0.119847462      -1.38853323E-02
  0.828125000      0.578125000     -0.151999593     -0.168075129      -1.11314896E-02
  0.859375000      0.578125000     -0.141601652     -0.212505519      -7.59030133E-03
  0.890625000      0.578125000     -0.122508436     -0.245602816      -3.96197569E-03
  0.921875000      0.578125000      -9.29637179E-02 -0.253695041      -1.21069606E-03
  0.953125000      0.578125000      -5.39810359E-02 -0.212562829      -2.32062448E-04
  0.984375000      0.578125000      -1.62685085E-02  -8.55837613E-02  -9.65138664E-04
   1.56250000E-02  0.609375000      -5.57953026E-04   1.82146505E-02   3.96840333E-05
   4.68750000E-02  0.609375000      -2.39798101E-03   4.05128375E-02  -1.87263595E-05
   7.81250000E-02  0.609375000      -5.30900946E-03   5.28217480E-02  -6.99126686E-05
  0.109375000      0.609375000      -8.66866764E-03   5.89679107E-02  -1.23530524E-04
  0.140625000      0.609375000      -1.21040009E-02   6.17217347E-02  -1.88051607E-04
  0.171875000      0.609375000      -1.54351722E-02   6.28349259E-02  -2.70150660E-04
  0.203125000      0.609375000      -1.86018758E-02   6.33258969E-02  -3.75529868E-04
  0.234375000      0.609375000      -2.16127560E-02   6.37614802E-02  -5.09984558E-04
  0.265625000      0.609375000      -2.45181918E-02   6.44623488E-02  -6.80359255E-04
  0.296875000      0.609375000      -2.73985378E-02   6.56308308E-02  -8.95506702E-04
  0.328125000      0.609375000      -3.03612016E-02   6.74208552E-02  -1.16746267E-03
  0.359375000      0.609375000      -3.35419923E-02   6.99683800E-02  -1.51312770E-03
  0.390625000      0.609375000      -3.71069536E-02   7.33895451E-02  -1.95678510E-03
  0.421875000      0.609375000      -4.12504077E-02   7.77392834E-02  -2.53352011E-03
  0.453125000      0.609375000      -4.61844020E-02   8.29150975E-02  -3.29307606E-03
  0.484375000      0.609375000      -5.21163605E-02   8.85038227E-02  -4.30204021E-03
  0.515625000      0.609375000      -5.92157096E-02   9.36152190E-02  -5.63975098E-03
  0.546875000      0.609375000      -6.75743967E-02   9.68011022E-02  -7.38158915E-03
  0.578125000      0.609375000      -7.71677420E-02   9.61570293E-02  -9.56573337E-03
  0.609375000      0.609375000      -8.78203809E-02   8.96160454E-02  -1.21483495E-02
  0.640625000      0.609375000      -9.91769880E-02   7.53392950E-02  -1.49635114E-02
  0.671875000      0.609375000     -0.110677347       5.20963594E-02  -1.77113712E-02
  0.703125000      0.609375000     -0.121543080       1.95934512E-02  -1.99946668E-02
  0.734375000      0.609375000     -0.130769700      -2.12569498E-02  -2.14916039E-02
  0.765625000      0.609375000     -0.137678802      -6.78531080E-02  -2.16655154E-02
  0.796875000      0.609375000     -0.141847536     -0.119029820      -2.02365555E-02
  0.828125000      0.609375000     -0.142297745     -0.172249913      -1.72883831E-02
  0.859375000      0.609375000     -0.137110114     -0.223899350      -1.31731350E-02
  0.890625000      0.609375000     -0.123358987     -0.267037868      -8.58286396E-03
  0.921875000      0.609375000      -9.79930758E-02 -0.287156463      -4.61653434E-03
  0.953125000      0.609375000      -6.03427216E-02 -0.255721331      -2.56437482E-03
  0.984375000      0.609375000      -1.93109512E-02 -0.121158957      -2.87814531E-03
   1.56250000E-02  0.640625000      -6.16141537E-04   1.93877760E-02  -4.70235274E-04
   4.68750000E-02  0.640625000      -2.61148252E-03   4.31729257E-02  -5.32990904E-04
   7.81250000E-02  0.640625000      -5.69100678E-03   5.61499074E-02  -5.84243739E-04
  0.109375000      0.640625000      -9.13947355E-03   6.24457523E-02  -6.35333476E-04
  0.140625000      0.640625000      -1.25483852E-02   6.50862977E-02  -6.97217125E-04
  0.171875000      0.640625000      -1.57307908E-02   6.59825057E-02  -7.78887537E-04
  0.203125000      0.640625000      -1.86280645E-02   6.62414134E-02  -8.88009323E-04
  0.234375000      0.640625000      -2.12501492E-02   6.64787963E-02  -1.03213429E-03
  0.265625000      0.640625000      -2.36442797E-02   6.70454428E-02  -1.21987821E-03
  0.296875000      0.640625000      -2.58808210E-02   6.81667030E-02  -1.46210101E-03
  0.328125000      0.640625000      -2.80480031E-02   7.00184256E-02  -1.77337381E-03
  0.359375000      0.640625000      -3.02506275E-02   7.27595985E-02  -2.17404170E-03
  0.390625000      0.640625000      -3.26095298E-02   7.65295699E-02  -2.69320840E-03
  0.421875000      0.640625000      -3.52596343E-02   8.14024061E-02  -3.37278657E-03
  0.453125000      0.640625000      -3.83461118E-02   8.72843564E-02  -4.27198224E-03
  0.484375000      0.640625000      -4.20197323E-02   9.37543958E-02  -5.46987588E-03
  0.515625000      0.640625000      -4.64322716E-02   9.98930186E-02  -7.06097018E-03
  0.546875000      0.640625000      -5.17294221E-02  0.104197621      -9.13687516E-03
  0.578125000      0.640625000      -5.80345765E-02  0.104679137      -1.17494706E-02
  0.609375000      0.640625000      -6.54214844E-02   9.91547927E-02  -1.48604624E-02
  0.640625000      0.640625000      -7.38738179E-02   8.56314898E-02  -1.82922371E-02
  0.671875000      0.640625000      -8.32238942E-02   6.26766756E-02  -2.17059851E-02
  0.703125000      0.640625000      -9.30700600E-02   2.97466703E-02  -2.46335734E-02
  0.734375000      0.640625000     -0.102742985      -1.24898646E-02  -2.65866928E-02
  0.765625000      0.640625000     -0.111474104      -6.09605499E-02  -2.72292085E-02
  0.796875000      0.640625000     -0.118834898     -0.114375055      -2.60465108E-02
  0.828125000      0.640625000     -0.124111459     -0.171161830      -2.30979826E-02
  0.859375000      0.640625000     -0.125140816     -0.229131371      -1.86575260E-02
  0.890625000      0.640625000     -0.118149765     -0.282535315      -1.33230062E-02
  0.921875000      0.640625000      -9.86750126E-02 -0.316488385      -8.22119322E-03
  0.953125000      0.640625000      -6.42026141E-02 -0.298501968      -4.99284547E-03
  0.984375000      0.640625000      -2.15689596E-02 -0.162035644      -4.74394718E-03
   1.56250000E-02  0.671875000      -7.18367752E-04   2.07213648E-02  -9.98507603E-04
   4.68750000E-02  0.671875000      -2.97467411E-03   4.60889339E-02  -1.06680172E-03
   7.81250000E-02  0.671875000      -6.32866099E-03   5.96652180E-02  -1.11470127E-03
  0.109375000      0.671875000      -9.93083231E-03   6.59790635E-02  -1.15646666E-03
  0.140625000      0.671875000      -1.33341886E-02   6.83635026E-02  -1.20693364E-03
  0.171875000      0.671875000      -1.63534191E-02   6.89055696E-02  -1.27841707E-03
  0.203125000      0.671875000      -1.89407673E-02   6.88021481E-02  -1.38109946E-03
  0.234375000      0.671875000      -2.11138353E-02   6.87131286E-02  -1.52445224E-03
  0.265625000      0.671875000      -2.29196809E-02   6.90119565E-02  -1.71873346E-03
  0.296875000      0.671875000      -2.44184248E-02   6.99375570E-02  -1.97644345E-03
  0.328125000      0.671875000      -2.56761014E-02   7.16759861E-02  -2.31407117E-03
  0.359375000      0.671875000      -2.67613549E-02   7.43951946E-02  -2.75442167E-03
  0.390625000      0.671875000      -2.77435072E-02   7.82422572E-02  -3.32989916E-03
  0.421875000      0.671875000      -2.86919009E-02   8.32975656E-02  -4.08681715E-03
  0.453125000      0.671875000      -2.96791084E-02   8.94744396E-02  -5.09007182E-03
  0.484375000      0.671875000      -3.07918750E-02   9.63644385E-02  -6.42568478E-03
  0.515625000      0.671875000      -3.21495235E-02  0.103068933      -8.19609407E-03
  0.546875000      0.671875000      -3.39234769E-02  0.108110361      -1.05018439E-02
  0.578125000      0.671875000      -3.63403447E-02  0.109507360      -1.34041673E-02
  0.609375000      0.671875000      -3.96722518E-02  0.105065227      -1.68745443E-02
  0.640625000      0.671875000      -4.42166366E-02   9.27379727E-02  -2.07385551E-02
  0.671875000      0.671875000      -5.02521694E-02   7.09757730E-02  -2.46431362E-02
  0.703125000      0.671875000      -5.79490513E-02   3.90098393E-02  -2.80706137E-02
  0.734375000      0.671875000      -6.72005787E-02  -2.81056389E-03  -3.04345936E-02
  0.765625000      0.671875000      -7.72143602E-02  -5.18785268E-02  -3.14534083E-02
  0.796875000      0.671875000      -8.76268893E-02 -0.105669200      -3.05697396E-02
  0.828125000      0.671875000      -9.80300605E-02 -0.164175332      -2.78148055E-02
  0.859375000      0.671875000     -0.106008984     -0.227098837      -2.33577434E-02
  0.890625000      0.671875000     -0.106952220     -0.290606648      -1.76142417E-02
  0.921875000      0.671875000      -9.49078202E-02 -0.339928627      -1.16089229E-02
  0.953125000      0.671875000      -6.53991103E-02 -0.339036345      -7.23780412E-03
  0.984375000      0.671875000      -2.29632054E-02 -0.206565902      -6.33078814E-03
   1.56250000E-02  0.703125000      -8.88965558E-04   2.23277882E-02  -1.55046606E-03
   4.68750000E-02  0.703125000      -3.56283155E-03   4.94106561E-02  -1.62586069E-03
   7.81250000E-02  0.703125000      -7.33798277E-03   6.34704530E-02  -1.66499941E-03
  0.109375000      0.703125000      -1.11763813E-02   6.96123689E-02  -1.68739574E-03
  0.140625000      0.703125000      -1.45964902E-02   7.15518892E-02  -1.71407801E-03
  0.171875000      0.703125000      -1.74327530E-02   7.15712756E-02  -1.76221458E-03
  0.203125000      0.703125000      -1.96647234E-02   7.09548742E-02  -1.84520963E-03
  0.234375000      0.703125000      -2.13289447E-02   7.03975037E-02  -1.97458081E-03
  0.265625000      0.703125000      -2.24788487E-02   7.02840537E-02  -2.16194475E-03
  0.296875000      0.703125000      -2.31674388E-02   7.08546788E-02  -2.42087478E-03
  0.328125000      0.703125000      -2.34396942E-02   7.22920746E-02  -2.76890490E-03
  0.359375000      0.703125000      -2.33289115E-02   7.47584999E-02  -3.23006534E-03
  0.390625000      0.703125000      -2.28553191E-02   7.83942938E-02  -3.83821386E-03
  0.421875000      0.703125000      -2.20281258E-02   8.32754970E-02  -4.64122836E-03
  0.453125000      0.703125000      -2.08554827E-02   8.93218815E-02  -5.70526952E-03
  0.484375000      0.703125000      -1.93668567E-02   9.61539298E-02  -7.11660460E-03
  0.515625000      0.703125000      -1.76431090E-02  0.102927938      -8.97616521E-03
  0.546875000      0.703125000      -1.58536620E-02  0.108251959      -1.13829803E-02
  0.578125000      0.703125000      -1.42630804E-02  0.110209227      -1.43973120E-02
  0.609375000      0.703125000      -1.32431556E-02  0.106693089      -1.80019140E-02
  0.640625000      0.703125000      -1.32852672E-02   9.57143456E-02  -2.20375694E-02
  0.671875000      0.703125000      -1.49986083E-02   7.57654533E-02  -2.61670314E-02
  0.703125000      0.703125000      -1.91299319E-02   4.60644662E-02  -2.98652016E-02
  0.734375000      0.703125000      -2.64478028E-02   6.71877526E-03  -3.24833207E-02
  0.765625000      0.703125000      -3.67912725E-02  -4.10379171E-02  -3.37633900E-02
  0.796875000      0.703125000      -4.99712899E-02  -9.29066390E-02  -3.32115181E-02
  0.828125000      0.703125000      -6.54668584E-02 -0.151030630      -3.08042038E-02
  0.859375000      0.703125000      -8.06658417E-02 -0.217059121      -2.66324952E-02
  0.890625000      0.703125000      -9.03051198E-02 -0.290059149      -2.08513718E-02
  0.921875000      0.703125000      -8.69303793E-02 -0.355892062      -1.42483599E-02
  0.953125000      0.703125000      -6.40109479E-02 -0.375498950      -8.85059685E-03
  0.984375000      0.703125000      -2.35100966E-02 -0.253038824      -7.22693419E-03
   1.56250000E-02  0.734375000      -1.16738200E-03   2.43832059E-02  -2.13736692E-03
   4.68750000E-02  0.734375000      -4.49017156E-03   5.33498228E-02  -2.22167349E-03
   7.81250000E-02  0.734375000      -8.88105482E-03   6.76950961E-02  -2.24322174E-03
  0.109375000      0.734375000      -1.30473822E-02   7.33903646E-02  -2.23129964E-03
  0.140625000      0.734375000      -1.64930709E-02   7.46378154E-02  -2.21700128E-03
  0.171875000      0.734375000      -1.91060212E-02   7.39330202E-02  -2.22459156E-03
  0.203125000      0.734375000      -2.09197216E-02   7.26377368E-02  -2.27155816E-03
  0.234375000      0.734375000      -2.20067017E-02   7.14654326E-02  -2.37141829E-03
  0.265625000      0.734375000      -2.24365853E-02   7.07963556E-02  -2.53662025E-03
  0.296875000      0.734375000      -2.22609900E-02   7.08568990E-02  -2.78101000E-03
  0.328125000      0.734375000      -2.15078928E-02   7.18118548E-02  -3.12214298E-03
  0.359375000      0.734375000      -2.01797932E-02   7.38042146E-02  -3.58396186E-03
  0.390625000      0.734375000      -1.82553697E-02   7.69566372E-02  -4.20005340E-03
  0.421875000      0.734375000      -1.56958029E-02   8.13342780E-02  -5.01731876E-03
  0.453125000      0.734375000      -1.24612935E-02   8.68656933E-02  -6.09931257E-03
  0.484375000      0.734375000      -8.54268670E-03   9.32143852E-02  -7.52666360E-03
  0.515625000      0.734375000      -3.98807973E-03   9.96021554E-02  -9.38823633E-03
  0.546875000      0.734375000       1.06337620E-03  0.104751050      -1.17712617E-02
  0.578125000      0.734375000       6.33087475E-03  0.106867000      -1.47133004E-02
  0.609375000      0.734375000       1.13780666E-02  0.103983372      -1.82145946E-02
  0.640625000      0.734375000       1.56265832E-02   9.42324996E-02  -2.21374445E-02
  0.671875000      0.734375000       1.83608942E-02   7.62402639E-02  -2.61799023E-02
  0.703125000      0.734375000       1.86632536E-02   4.94311303E-02  -2.98716575E-02
  0.734375000      0.734375000       1.51502881E-02   1.41936261E-02  -3.25859264E-02
  0.765625000      0.734375000       6.10148348E-03  -2.91119628E-02  -3.39603424E-02
  0.796875000      0.734375000      -9.01415758E-03  -7.65306801E-02  -3.37806940E-02
  0.828125000      0.734375000      -2.87905280E-02 -0.132130653      -3.17366868E-02
  0.859375000      0.734375000      -5.06587103E-02 -0.198890090      -2.80637313E-02
  0.890625000      0.734375000      -6.90639913E-02 -0.280183703      -2.25321259E-02
  0.921875000      0.734375000      -7.51355439E-02 -0.363072276      -1.55779403E-02
  0.953125000      0.734375000      -6.02020286E-02 -0.406174362      -9.23707336E-03
  0.984375000      0.734375000      -2.32594647E-02 -0.299809694      -6.82748249E-03
   1.56250000E-02  0.765625000      -1.62045064E-03   2.71700658E-02  -2.78062373E-03
   4.68750000E-02  0.765625000      -5.93524147E-03   5.81983626E-02  -2.87518254E-03
   7.81250000E-02  0.765625000      -1.11852754E-02   7.24851042E-02  -2.86394963E-03
  0.109375000      0.765625000      -1.57560818E-02   7.73352385E-02  -2.79483502E-03
  0.140625000      0.765625000      -1.91909522E-02   7.75714368E-02  -2.71554990E-03
  0.171875000      0.765625000      -2.14905012E-02   7.59101212E-02  -2.66062608E-03
  0.203125000      0.765625000      -2.27823649E-02   7.37648457E-02  -2.65232753E-03
  0.234375000      0.765625000      -2.31974106E-02   7.18395859E-02  -2.70562759E-03
  0.265625000      0.765625000      -2.28330325E-02   7.04877302E-02  -2.83285812E-03
  0.296875000      0.765625000      -2.17462964E-02   6.99042082E-02  -3.04701924E-03
  0.328125000      0.765625000      -1.99531727E-02   7.02205449E-02  -3.36449826E-03
  0.359375000      0.765625000      -1.74304117E-02   7.15482980E-02  -3.80796660E-03
  0.390625000      0.765625000      -1.41229276E-02   7.39858374E-02  -4.40946780E-03
  0.421875000      0.765625000      -9.95449908E-03   7.75839090E-02  -5.21334261E-03
  0.453125000      0.765625000      -4.84500034E-03   8.22805017E-02  -6.27841847E-03
  0.484375000      0.765625000       1.26586470E-03   8.77800435E-02  -7.67815020E-03
  0.515625000      0.765625000       8.35669041E-03   9.34022516E-02  -9.45437606E-03
  0.546875000      0.765625000       1.62676163E-02   9.80006456E-02  -1.17189065E-02
  0.578125000      0.765625000       2.46748608E-02   9.99551415E-02  -1.45171555E-02
  0.609375000      0.765625000       3.30597758E-02   9.74754840E-02  -1.78248063E-02
  0.640625000      0.765625000       4.06997949E-02   8.88635069E-02  -2.14989185E-02
  0.671875000      0.765625000       4.66758758E-02   7.29092658E-02  -2.52425801E-02
  0.703125000      0.765625000       4.98810038E-02   4.92633060E-02  -2.86076404E-02
  0.734375000      0.765625000       4.90624309E-02   1.86995380E-02  -3.10550630E-02
  0.765625000      0.765625000       4.25524600E-02  -1.80549324E-02  -3.21375653E-02
  0.796875000      0.765625000       2.94598788E-02  -5.93778156E-02  -3.20157632E-02
  0.828125000      0.765625000       8.78184941E-03 -0.108829886      -3.06480415E-02
  0.859375000      0.765625000      -1.80104841E-02 -0.173533350      -2.75990553E-02
  0.890625000      0.765625000      -4.41286489E-02 -0.261021942      -2.23747529E-02
  0.921875000      0.765625000      -5.97698763E-02 -0.360527754      -1.50922034E-02
  0.953125000      0.765625000      -5.39989769E-02 -0.429430872      -7.68186990E-03
  0.984375000      0.765625000      -2.22147815E-02 -0.345286936      -4.30895202E-03
   1.56250000E-02  0.796875000      -2.36529508E-03   3.11547704E-02  -3.52023798E-03
   4.68750000E-02  0.796875000      -8.18214379E-03   6.43429607E-02  -3.62331956E-03
   7.81250000E-02  0.796875000      -1.45626701E-02   7.79685080E-02  -3.55124683E-03
  0.109375000      0.796875000      -1.95395947E-02   8.13971013E-02  -3.38842813E-03
  0.140625000      0.796875000      -2.28174701E-02   8.02199990E-02  -3.21018277E-03
  0.171875000      0.796875000      -2.46088374E-02   7.73504078E-02  -3.06517188E-03
  0.203125000      0.796875000      -2.51917280E-02   7.41976202E-02  -2.98009557E-03
  0.234375000      0.796875000      -2.47798786E-02   7.14088380E-02  -2.96956720E-03
  0.265625000      0.796875000      -2.35079229E-02   6.92816824E-02  -3.04406788E-03
  0.296875000      0.796875000      -2.14445032E-02   6.79605380E-02  -3.21426196E-03
  0.328125000      0.796875000      -1.85982697E-02   6.75263852E-02  -3.49390670E-03
  0.359375000      0.796875000      -1.49224652E-02   6.80466741E-02  -3.90328001E-03
  0.390625000      0.796875000      -1.03323795E-02   6.95940629E-02  -4.47236048E-03
  0.421875000      0.796875000      -4.71489551E-03   7.21953958E-02  -5.24265040E-03
  0.453125000      0.796875000       2.06565787E-03   7.57859796E-02  -6.26245886E-03
  0.484375000      0.796875000       1.00784888E-02   8.01591277E-02  -7.55949318E-03
  0.515625000      0.796875000       1.92882456E-02   8.47318023E-02  -9.23471525E-03
  0.546875000      0.796875000       2.95381360E-02   8.85200649E-02  -1.13570094E-02
  0.578125000      0.796875000       4.04537208E-02   9.01227742E-02  -1.39628313E-02
  0.609375000      0.796875000       5.14090173E-02   8.79770666E-02  -1.70179624E-02
  0.640625000      0.796875000       6.15250729E-02   8.06142390E-02  -2.03753412E-02
  0.671875000      0.796875000       6.96843341E-02   6.70300126E-02  -2.37468593E-02
  0.703125000      0.796875000       7.45963752E-02   4.70302068E-02  -2.67150588E-02
  0.734375000      0.796875000       7.49409795E-02   2.14090347E-02  -2.88060606E-02
  0.765625000      0.796875000       6.94871396E-02  -8.80077761E-03  -2.96206381E-02
  0.796875000      0.796875000       5.75961135E-02  -4.36511785E-02  -2.93125380E-02
  0.828125000      0.796875000       3.93728390E-02  -8.56605917E-02  -2.77854800E-02
  0.859375000      0.796875000       1.41161308E-02 -0.144661337      -2.50752009E-02
  0.890625000      0.796875000      -1.59833282E-02 -0.233686060      -2.03054789E-02
  0.921875000      0.796875000      -4.04836498E-02 -0.347733378      -1.23617686E-02
  0.953125000      0.796875000      -4.49629575E-02 -0.443529189      -3.31115769E-03
  0.984375000      0.796875000      -2.02202089E-02 -0.387726575       1.47917122E-03
   1.56250000E-02  0.828125000      -3.60978395E-03   3.71287242E-02  -4.43346985E-03
   4.68750000E-02  0.828125000      -1.16760740E-02   7.22496212E-02  -4.53128433E-03
   7.81250000E-02  0.828125000      -1.93976983E-02   8.41612145E-02  -4.34231199E-03
  0.109375000      0.828125000      -2.45674867E-02   8.53483900E-02  -4.02451353E-03
  0.140625000      0.828125000      -2.73007937E-02   8.22772980E-02  -3.69844469E-03
  0.171875000      0.828125000      -2.81783566E-02   7.79596418E-02  -3.42974253E-03
  0.203125000      0.828125000      -2.76987068E-02   7.36895353E-02  -3.24572693E-03
  0.234375000      0.828125000      -2.61752009E-02   6.99799508E-02  -3.15589877E-03
  0.265625000      0.828125000      -2.37790793E-02   6.70415014E-02  -3.16613889E-03
  0.296875000      0.828125000      -2.05947310E-02   6.49527535E-02  -3.28293024E-03
  0.328125000      0.828125000      -1.66281443E-02   6.37221336E-02  -3.51527194E-03
  0.359375000      0.828125000      -1.18052280E-02   6.33541197E-02  -3.87980277E-03
  0.390625000      0.828125000      -6.01062272E-03   6.39050603E-02  -4.40487266E-03
  0.421875000      0.828125000       9.25519387E-04   6.53351471E-02  -5.12732239E-03
  0.453125000      0.828125000       9.13053378E-03   6.76662102E-02  -6.05126843E-03
  0.484375000      0.828125000       1.86615288E-02   7.07416087E-02  -7.26120733E-03
  0.515625000      0.828125000       2.95239389E-02   7.40844011E-02  -8.82212259E-03
  0.546875000      0.828125000       4.15479839E-02   7.69010782E-02  -1.07924258E-02
  0.578125000      0.828125000       5.43189012E-02   7.80625865E-02  -1.31986775E-02
  0.609375000      0.828125000       6.71283454E-02   7.62790814E-02  -1.59990564E-02
  0.640625000      0.828125000       7.89774805E-02   7.03522786E-02  -1.90457404E-02
  0.671875000      0.828125000       8.86238217E-02   5.94898015E-02  -2.20631622E-02
  0.703125000      0.828125000       9.47010964E-02   4.35822606E-02  -2.46653408E-02
  0.734375000      0.828125000       9.59351063E-02   2.32769046E-02  -2.64294706E-02
  0.765625000      0.828125000       9.13554877E-02  -6.39405684E-04  -2.70169135E-02
  0.796875000      0.828125000       8.05474669E-02  -2.91205421E-02  -2.64548305E-02
  0.828125000      0.828125000       6.38091564E-02  -6.52393699E-02  -2.45505963E-02
  0.859375000      0.828125000       4.18249816E-02 -0.117853820      -2.11618524E-02
  0.890625000      0.828125000       1.39854774E-02 -0.202568784      -1.58769526E-02
  0.921875000      0.828125000      -1.57214887E-02 -0.324659109      -6.94554159E-03
  0.953125000      0.828125000      -3.16838399E-02 -0.446178615       5.06227743E-03
  0.984375000      0.828125000      -1.67827792E-02 -0.424735755       1.23016667E-02
   1.56250000E-02  0.859375000      -5.71072986E-03   4.64480296E-02  -5.68109984E-03
   4.68750000E-02  0.859375000      -1.70415808E-02   8.23247284E-02  -5.71561418E-03
   7.81250000E-02  0.859375000      -2.59621292E-02   9.07252580E-02  -5.28861908E-03
  0.109375000      0.859375000      -3.05697024E-02   8.85587260E-02  -4.70844842E-03
  0.140625000      0.859375000      -3.18549350E-02   8.30826163E-02  -4.16432321E-03
  0.171875000      0.859375000      -3.09860781E-02   7.71603137E-02  -3.73403355E-03
  0.203125000      0.859375000      -2.87498944E-02   7.17705637E-02  -3.43240146E-03
  0.234375000      0.859375000      -2.55464129E-02   6.71698600E-02  -3.25270183E-03
  0.265625000      0.859375000      -2.15577669E-02   6.34653047E-02  -3.19318008E-03
  0.296875000      0.859375000      -1.68833490E-02   6.06693774E-02  -3.25485528E-03
  0.328125000      0.859375000      -1.15309246E-02   5.86865619E-02  -3.43797961E-03
  0.359375000      0.859375000      -5.38444612E-03   5.74213527E-02  -3.75348097E-03
  0.390625000      0.859375000       1.72511023E-03   5.69357909E-02  -4.23281174E-03
  0.421875000      0.859375000       9.89149231E-03   5.72050847E-02  -4.87093907E-03
  0.453125000      0.859375000       1.92270055E-02   5.82599118E-02  -5.72520820E-03
  0.484375000      0.859375000       2.98823528E-02   5.99665083E-02  -6.84914924E-03
  0.515625000      0.859375000       4.18896787E-02   6.19951785E-02  -8.30183364E-03
  0.546875000      0.859375000       5.50957993E-02   6.37655854E-02  -1.01342648E-02
  0.578125000      0.859375000       6.90842271E-02   6.44437075E-02  -1.23654371E-02
  0.609375000      0.859375000       8.31258073E-02   6.30508959E-02  -1.49487099E-02
  0.640625000      0.859375000       9.61874723E-02   5.86720631E-02  -1.77380219E-02
  0.671875000      0.859375000      0.107009485       5.07020056E-02  -2.04704907E-02
  0.703125000      0.859375000      0.114261657       3.90384682E-02  -2.27848496E-02
  0.734375000      0.859375000      0.116773941       2.40694731E-02  -2.42866930E-02
  0.765625000      0.859375000      0.113763422       6.15032390E-03  -2.46435702E-02
  0.796875000      0.859375000      0.104988061      -1.63376704E-02  -2.38323361E-02
  0.828125000      0.859375000       9.06721652E-02  -4.69815768E-02  -2.13778354E-02
  0.859375000      0.859375000       7.13809654E-02  -9.48522538E-02  -1.67698301E-02
  0.890625000      0.859375000       4.71163541E-02 -0.173484325      -9.08216089E-03
  0.921875000      0.859375000       1.66561566E-02 -0.293596089       2.76832748E-03
  0.953125000      0.859375000      -1.09049398E-02 -0.433738947       1.92032568E-02
  0.984375000      0.859375000      -1.07367327E-02 -0.452262819       3.11353263E-02
   1.56250000E-02  0.890625000      -9.17933509E-03   6.13368005E-02  -7.63672218E-03
   4.68750000E-02  0.890625000      -2.47393362E-02   9.43238884E-02  -7.37979775E-03
   7.81250000E-02  0.890625000      -3.34479585E-02   9.63520110E-02  -6.43742830E-03
  0.109375000      0.890625000      -3.54183838E-02   8.95067379E-02  -5.40477131E-03
  0.140625000      0.890625000      -3.32490690E-02   8.12473446E-02  -4.54777898E-03
  0.171875000      0.890625000      -2.89139617E-02   7.37885684E-02  -3.92338075E-03
  0.203125000      0.890625000      -2.34932397E-02   6.74825758E-02  -3.49943992E-03
  0.234375000      0.890625000      -1.74053460E-02   6.21639937E-02  -3.22879246E-03
  0.265625000      0.890625000      -1.07829254E-02   5.78581095E-02  -3.10404412E-03
  0.296875000      0.890625000      -3.69026465E-03   5.45081198E-02  -3.12317372E-03
  0.328125000      0.890625000       3.88904405E-03   5.19154817E-02  -3.26689333E-03
  0.359375000      0.890625000       1.19890785E-02   4.99461964E-02  -3.53431934E-03
  0.390625000      0.890625000       2.06950735E-02   4.85966057E-02  -3.95320822E-03
  0.421875000      0.890625000       3.01818587E-02   4.78932261E-02  -4.53958847E-03
  0.453125000      0.890625000       4.06289659E-02   4.77920845E-02  -5.33425435E-03
  0.484375000      0.890625000       5.21888547E-02   4.82226200E-02  -6.38698321E-03
  0.515625000      0.890625000       6.49370402E-02   4.89873290E-02  -7.75252748E-03
  0.546875000      0.890625000       7.87854344E-02   4.97225076E-02  -9.47676692E-03
  0.578125000      0.890625000       9.33990777E-02   4.98876274E-02  -1.15735549E-02
  0.609375000      0.890625000      0.108141437       4.88247462E-02  -1.39934290E-02
  0.640625000      0.890625000      0.122081459       4.58964780E-02  -1.65928453E-02
  0.671875000      0.890625000      0.134081125       4.06536236E-02  -1.91192068E-02
  0.703125000      0.890625000      0.142962754       3.29481177E-02  -2.12273970E-02
  0.734375000      0.890625000      0.147735745       2.28667222E-02  -2.25344822E-02
  0.765625000      0.890625000      0.147803754       1.02847070E-02  -2.26971991E-02
  0.796875000      0.890625000      0.142714113      -6.62095472E-03  -2.14685481E-02
  0.828125000      0.890625000      0.132488698      -3.21737081E-02  -1.82431471E-02
  0.859375000      0.890625000      0.117090106      -7.49895722E-02  -1.17090605E-02
  0.890625000      0.890625000       9.47233140E-02 -0.146736935      -1.01536716E-04
  0.921875000      0.890625000       6.23717830E-02 -0.257554680       1.84299108E-02
  0.953125000      0.890625000       2.22270358E-02 -0.402098447       4.29462381E-02
  0.984375000      0.890625000       5.71459532E-04 -0.462436795       6.32653460E-02
   1.56250000E-02  0.921875000      -1.40502863E-02   8.45650584E-02  -1.12822587E-02
   4.68750000E-02  0.921875000      -3.25477496E-02  0.105149999      -9.79808811E-03
   7.81250000E-02  0.921875000      -3.54596041E-02   9.71429124E-02  -7.71333557E-03
  0.109375000      0.921875000      -2.94948071E-02   8.47180188E-02  -5.92205487E-03
  0.140625000      0.921875000      -1.95499696E-02   7.39185065E-02  -4.66031255E-03
  0.171875000      0.921875000      -8.22184514E-03   6.54508695E-02  -3.85063537E-03
  0.203125000      0.921875000       3.45271663E-03   5.87218702E-02  -3.33996350E-03
  0.234375000      0.921875000       1.50376726E-02   5.32490239E-02  -3.00602592E-03
  0.265625000      0.921875000       2.63759159E-02   4.88100126E-02  -2.85358122E-03
  0.296875000      0.921875000       3.75734009E-02   4.52642329E-02  -2.83764675E-03
  0.328125000      0.921875000       4.87529896E-02   4.23993245E-02  -2.95087346E-03
  0.359375000      0.921875000       6.00113682E-02   4.01035696E-02  -3.19464598E-03
  0.390625000      0.921875000       7.14511126E-02   3.82939503E-02  -3.58456839E-03
  0.421875000      0.921875000       8.32050964E-02   3.69563587E-02  -4.14160732E-03
  0.453125000      0.921875000       9.54326987E-02   3.60561460E-02  -4.90217749E-03
  0.484375000      0.921875000      0.108286709       3.55469994E-02  -5.91280870E-03
  0.515625000      0.921875000      0.121878199       3.53257209E-02  -7.22440053E-03
  0.546875000      0.921875000      0.136212990       3.52030322E-02  -8.87824688E-03
  0.578125000      0.921875000      0.151118934       3.48887853E-02  -1.08835641E-02
  0.609375000      0.921875000      0.166186318       3.40137407E-02  -1.31881954E-02
  0.640625000      0.921875000      0.180754662       3.21971215E-02  -1.56503730E-02
  0.671875000      0.921875000      0.193969399       2.91341990E-02  -1.80245638E-02
  0.703125000      0.921875000      0.204905868       2.46422943E-02  -1.99726783E-02
  0.734375000      0.921875000      0.212729290       1.85660236E-02  -2.11005788E-02
  0.765625000      0.921875000      0.216837734       1.03957104E-02  -2.09982432E-02
  0.796875000      0.921875000      0.216839999      -1.66089484E-03  -1.92307234E-02
  0.828125000      0.921875000      0.212279141      -2.23666616E-02  -1.46314204E-02
  0.859375000      0.921875000      0.201128885      -5.82694784E-02  -5.04092919E-03
  0.890625000      0.921875000      0.178518414     -0.118503578       1.25320591E-02
  0.921875000      0.921875000      0.138059124     -0.213002637       4.13573384E-02
  0.953125000      0.921875000       7.75735825E-02 -0.346046627       8.10962617E-02
  0.984375000      0.921875000       2.12962348E-02 -0.440578699      0.117243081    
   1.56250000E-02  0.953125000      -1.39081841E-02  0.112522095      -1.93094909E-02
   4.68750000E-02  0.953125000      -1.96187310E-02  0.101397738      -1.26682846E-02
   7.81250000E-02  0.953125000       2.11742520E-03   8.20672661E-02  -8.36270768E-03
  0.109375000      0.953125000       2.90797614E-02   6.68629110E-02  -5.64333284E-03
  0.140625000      0.953125000       5.49353957E-02   5.59695549E-02  -4.09633713E-03
  0.171875000      0.953125000       7.88617730E-02   4.81418297E-02  -3.17213056E-03
  0.203125000      0.953125000      0.101006314       4.22084741E-02  -2.63235718E-03
  0.234375000      0.953125000      0.121592581       3.75881344E-02  -2.33118515E-03
  0.265625000      0.953125000      0.140851527       3.38710360E-02  -2.20893114E-03
  0.296875000      0.953125000      0.158997566       3.08575258E-02  -2.22376711E-03
  0.328125000      0.953125000      0.176238462       2.83840187E-02  -2.36386899E-03
  0.359375000      0.953125000      0.192751706       2.63464451E-02  -2.63080653E-03
  0.390625000      0.953125000      0.208695173       2.46677734E-02  -3.03867459E-03
  0.421875000      0.953125000      0.224218607       2.33057253E-02  -3.61005636E-03
  0.453125000      0.953125000      0.239472896       2.22260393E-02  -4.37991042E-03
  0.484375000      0.953125000      0.254603386       2.13940945E-02  -5.39239030E-03
  0.515625000      0.953125000      0.269733846       2.07581501E-02  -6.69428986E-03
  0.546875000      0.953125000      0.284935713       2.02349238E-02  -8.32125451E-03
  0.578125000      0.953125000      0.300186515       1.97002403E-02  -1.02763800E-02
  0.609375000      0.953125000      0.315326989       1.89930070E-02  -1.25031937E-02
  0.640625000      0.953125000      0.330035925       1.79371517E-02  -1.48599893E-02
  0.671875000      0.953125000      0.343838513       1.63710155E-02  -1.71055421E-02
  0.703125000      0.953125000      0.356148422       1.41504277E-02  -1.89017039E-02
  0.734375000      0.953125000      0.366318882       1.10522881E-02  -1.98213328E-02
  0.765625000      0.953125000      0.373691887       6.41313754E-03  -1.93214919E-02
  0.796875000      0.953125000      0.377795488      -1.80213235E-03  -1.66369043E-02
  0.828125000      0.953125000      0.376512259      -1.64021626E-02  -9.56577994E-03
  0.859375000      0.953125000      0.364801049      -4.13958579E-02   4.41951025E-03
  0.890625000      0.953125000      0.334953696      -8.29448551E-02   2.98587605E-02
  0.921875000      0.953125000      0.276544392     -0.149719834       7.22433925E-02
  0.953125000      0.953125000      0.179895997     -0.252223611      0.134494454    
  0.984375000      0.953125000       6.05198890E-02 -0.358772755      0.202314004    
   1.56250000E-02  0.984375000       6.32143170E-02   6.32147789E-02  -3.65251265E-02
   4.68750000E-02  0.984375000      0.173027575       4.65995930E-02  -1.15435682E-02
   7.81250000E-02  0.984375000      0.253889799       3.42639163E-02  -4.58665472E-03
  0.109375000      0.984375000      0.314871490       2.67190896E-02  -2.23881891E-03
  0.140625000      0.984375000      0.363357663       2.17684172E-02  -1.30500714E-03
  0.171875000      0.984375000      0.403448015       1.83231961E-02  -8.88271490E-04
  0.203125000      0.984375000      0.437548816       1.57788321E-02  -7.24478799E-04
  0.234375000      0.984375000      0.467152059       1.38255488E-02  -7.08462554E-04
  0.265625000      0.984375000      0.493250489       1.22738648E-02  -8.02412629E-04
  0.296875000      0.984375000      0.516540289       1.10168243E-02  -9.87279695E-04
  0.328125000      0.984375000      0.537539601       9.98308137E-03  -1.26326527E-03
  0.359375000      0.984375000      0.556647599       9.12528485E-03  -1.64106209E-03
  0.390625000      0.984375000      0.574182749       8.41001142E-03  -2.14064261E-03
  0.421875000      0.984375000      0.590407908       7.81511050E-03  -2.78965803E-03
  0.453125000      0.984375000      0.605547071       7.32383877E-03  -3.62516521E-03
  0.484375000      0.984375000      0.619792461       6.92127133E-03  -4.69129859E-03
  0.515625000      0.984375000      0.633303881       6.58989465E-03  -6.03221916E-03
  0.546875000      0.984375000      0.646199584       6.30583800E-03  -7.67902937E-03
  0.578125000      0.984375000      0.658541381       6.03625271E-03  -9.62933991E-03
  0.609375000      0.984375000      0.670316398       5.73964650E-03  -1.18226726E-02
  0.640625000      0.984375000      0.681424379       5.36995893E-03  -1.41171608E-02
  0.671875000      0.984375000      0.691673100       4.88123670E-03  -1.62743032E-02
  0.703125000      0.984375000      0.700773120       4.22221702E-03  -1.79509390E-02
  0.734375000      0.984375000      0.708281577       3.29082878E-03  -1.86668485E-02
  0.765625000      0.984375000      0.713318229       1.75151275E-03  -1.76286325E-02
  0.796875000      0.984375000      0.713560522      -1.50245347E-03  -1.30268633E-02
  0.828125000      0.984375000      0.705086827      -6.96344394E-03  -3.44087835E-03
  0.859375000      0.984375000      0.682028830      -1.60859488E-02   1.47848986E-02
  0.890625000      0.984375000      0.634766221      -3.11672650E-02   4.72631454E-02
  0.921875000      0.984375000      0.547621667      -5.59673533E-02  0.101414680    
  0.953125000      0.984375000      0.394956678      -9.66873467E-02  0.184599742    
  0.984375000      0.984375000      0.149132073     -0.149129033      0.296894252    
