 VARIABLES="X","Y","U","V","P"
 ZONE F=POINT, I=          32 , J=          32
   1.56250000E-02   1.56250000E-02   4.04425344E-04  -4.05151455E-04   1.57863349E-02
   4.68750000E-02   1.56250000E-02   1.31298252E-03  -5.05119795E-04   1.57472230E-02
   7.81250000E-02   1.56250000E-02   2.07327236E-03  -2.57143285E-04   1.56091135E-02
  0.109375000       1.56250000E-02   2.24715564E-03   8.12838043E-05   1.53952036E-02
  0.140625000       1.56250000E-02   1.74576975E-03   4.18117095E-04   1.51244756E-02
  0.171875000       1.56250000E-02   5.90407348E-04   7.35254784E-04   1.48092154E-02
  0.203125000       1.56250000E-02  -1.19243865E-03   1.04560354E-03   1.44551881E-02
  0.234375000       1.56250000E-02  -3.60028562E-03   1.36027229E-03   1.40696056E-02
  0.265625000       1.56250000E-02  -6.64169341E-03   1.67918811E-03   1.36667714E-02
  0.296875000       1.56250000E-02  -1.03101935E-02   1.98738952E-03   1.32679865E-02
  0.328125000       1.56250000E-02  -1.45603064E-02   2.26082373E-03   1.29026575E-02
  0.359375000       1.56250000E-02  -1.92936137E-02   2.47060298E-03   1.26072587E-02
  0.390625000       1.56250000E-02  -2.43528299E-02   2.58673588E-03   1.24232126E-02
  0.421875000       1.56250000E-02  -2.95230933E-02   2.58163456E-03   1.23937922E-02
  0.453125000       1.56250000E-02  -3.45396325E-02   2.43298570E-03   1.25602046E-02
  0.484375000       1.56250000E-02  -3.91002595E-02   2.12566997E-03   1.29569992E-02
  0.515625000       1.56250000E-02  -4.28807139E-02   1.65273168E-03   1.36068743E-02
  0.546875000       1.56250000E-02  -4.55518588E-02   1.01626059E-03   1.45149920E-02
  0.578125000       1.56250000E-02  -4.68011945E-02   2.30800477E-04   1.56628285E-02
  0.609375000       1.56250000E-02  -4.63767350E-02  -6.57699245E-04   1.69768743E-02
  0.640625000       1.56250000E-02  -4.40106243E-02  -1.71101803E-03   1.83264427E-02
  0.671875000       1.56250000E-02  -3.94964218E-02  -2.80595571E-03   1.95957143E-02
  0.703125000       1.56250000E-02  -3.28998640E-02  -3.79351689E-03   2.06468832E-02
  0.734375000       1.56250000E-02  -2.46024951E-02  -4.50685574E-03   2.13479642E-02
  0.765625000       1.56250000E-02  -1.53348614E-02  -4.76381369E-03   2.16082260E-02
  0.796875000       1.56250000E-02  -6.18687086E-03  -4.38716821E-03   2.14165896E-02
  0.828125000       1.56250000E-02   1.45025365E-03  -3.25283944E-03   2.08759643E-02
  0.859375000       1.56250000E-02   6.20407052E-03  -1.50372053E-03   2.01713108E-02
  0.890625000       1.56250000E-02   7.54725840E-03   1.57919567E-04   1.95014197E-02
  0.921875000       1.56250000E-02   6.15536980E-03   1.23145443E-03   1.90189555E-02
  0.953125000       1.56250000E-02   3.35753895E-03   1.56392343E-03   1.87730081E-02
  0.984375000       1.56250000E-02   8.96199723E-04   8.95432662E-04   1.87543035E-02
   1.56250000E-02   4.68750000E-02   5.04711061E-04  -1.31600525E-03   1.58240385E-02
   4.68750000E-02   4.68750000E-02   1.34270173E-03  -1.34477473E-03   1.57797020E-02
   7.81250000E-02   4.68750000E-02   1.34824880E-03  -1.87808386E-04   1.56515166E-02
  0.109375000       4.68750000E-02  -1.41821220E-04   1.32364070E-03   1.54630616E-02
  0.140625000       4.68750000E-02  -3.29425535E-03   2.82506738E-03   1.52243506E-02
  0.171875000       4.68750000E-02  -8.05757940E-03   4.24247421E-03   1.49414446E-02
  0.203125000       4.68750000E-02  -1.43318083E-02   5.59095200E-03   1.46166412E-02
  0.234375000       4.68750000E-02  -2.19865553E-02   6.87303860E-03   1.42547730E-02
  0.265625000       4.68750000E-02  -3.08365561E-02   8.05340242E-03   1.38669461E-02
  0.296875000       4.68750000E-02  -4.06216830E-02   9.06244479E-03   1.34721063E-02
  0.328125000       4.68750000E-02  -5.10061197E-02   9.81602632E-03   1.30978078E-02
  0.359375000       4.68750000E-02  -6.15912490E-02   1.02295941E-02   1.27796484E-02
  0.390625000       4.68750000E-02  -7.19359815E-02   1.02274753E-02   1.25594037E-02
  0.421875000       4.68750000E-02  -8.15784037E-02   9.74932685E-03   1.24819372E-02
  0.453125000       4.68750000E-02  -9.00553018E-02   8.75443965E-03   1.25910928E-02
  0.484375000       4.68750000E-02  -9.69188958E-02   7.22403824E-03   1.29248006E-02
  0.515625000       4.68750000E-02 -0.101750664       5.16201416E-03   1.35096759E-02
  0.546875000       4.68750000E-02 -0.104172900       2.59557785E-03   1.43555235E-02
  0.578125000       4.68750000E-02 -0.103856698      -4.20439697E-04   1.54508725E-02
  0.609375000       4.68750000E-02 -0.100456960      -3.83607531E-03   1.66764390E-02
  0.640625000       4.68750000E-02  -9.38043147E-02  -7.55719095E-03   1.79616455E-02
  0.671875000       4.68750000E-02  -8.40365812E-02  -1.12478836E-02   1.91810429E-02
  0.703125000       4.68750000E-02  -7.14881569E-02  -1.45030394E-02   2.01971997E-02
  0.734375000       4.68750000E-02  -5.67351058E-02  -1.68544315E-02   2.08818205E-02
  0.765625000       4.68750000E-02  -4.06514332E-02  -1.77742913E-02   2.11489536E-02
  0.796875000       4.68750000E-02  -2.44614743E-02  -1.67212896E-02   2.09923144E-02
  0.828125000       4.68750000E-02  -9.74798761E-03  -1.32757695E-02   2.05104854E-02
  0.859375000       4.68750000E-02   1.58910826E-03  -7.57784629E-03   1.98971778E-02
  0.890625000       4.68750000E-02   7.65923318E-03  -1.18711975E-03   1.93308219E-02
  0.921875000       4.68750000E-02   8.21725186E-03   3.40471370E-03   1.89321693E-02
  0.953125000       4.68750000E-02   5.20035066E-03   5.19986637E-03   1.87324937E-02
  0.984375000       4.68750000E-02   1.56340236E-03   3.35318688E-03   1.87268239E-02
   1.56250000E-02   7.81250000E-02   1.13025097E-04  -1.93575397E-03   1.59698296E-02
   4.68750000E-02   7.81250000E-02  -4.14750801E-04  -1.03980070E-03   1.58969220E-02
   7.81250000E-02   7.81250000E-02  -2.79113022E-03   1.87296455E-03   1.57620665E-02
  0.109375000       7.81250000E-02  -7.37522636E-03   5.33193909E-03   1.55807696E-02
  0.140625000       7.81250000E-02  -1.41192432E-02   8.70810822E-03   1.53565388E-02
  0.171875000       7.81250000E-02  -2.28441264E-02   1.18425405E-02   1.50854606E-02
  0.203125000       7.81250000E-02  -3.32867727E-02   1.47026889E-02   1.47629827E-02
  0.234375000       7.81250000E-02  -4.51109931E-02   1.72352400E-02   1.43892197E-02
  0.265625000       7.81250000E-02  -5.79132028E-02   1.93384755E-02   1.39723429E-02
  0.296875000       7.81250000E-02  -7.12376237E-02   2.08820943E-02   1.35302879E-02
  0.328125000       7.81250000E-02  -8.45970735E-02   2.17355434E-02   1.30913081E-02
  0.359375000       7.81250000E-02  -9.74933952E-02   2.17869058E-02   1.26933130E-02
  0.390625000       7.81250000E-02 -0.109435730       2.09526792E-02   1.23818470E-02
  0.421875000       7.81250000E-02 -0.119955853       1.91820972E-02   1.22066950E-02
  0.453125000       7.81250000E-02 -0.128620297       1.64584182E-02   1.22172646E-02
  0.484375000       7.81250000E-02 -0.135039449       1.27981352E-02   1.24571417E-02
  0.515625000       7.81250000E-02 -0.138873532       8.24893080E-03   1.29582183E-02
  0.546875000       7.81250000E-02 -0.139834642       2.88694911E-03   1.37349926E-02
  0.578125000       7.81250000E-02 -0.137682348      -3.18567106E-03   1.47524048E-02
  0.609375000       7.81250000E-02 -0.132286832      -9.87182371E-03   1.59296058E-02
  0.640625000       7.81250000E-02 -0.123694986      -1.67720597E-02   1.71948001E-02
  0.671875000       7.81250000E-02 -0.112090945      -2.34113187E-02   1.84222683E-02
  0.703125000       7.81250000E-02  -9.77766961E-02  -2.92091742E-02   1.94733739E-02
  0.734375000       7.81250000E-02  -8.12189132E-02  -3.34662758E-02   2.02172808E-02
  0.765625000       7.81250000E-02  -6.31091446E-02  -3.53631377E-02   2.05622204E-02
  0.796875000       7.81250000E-02  -4.44277711E-02  -3.40109579E-02   2.04914883E-02
  0.828125000       7.81250000E-02  -2.65009254E-02  -2.86334269E-02   2.00897995E-02
  0.859375000       7.81250000E-02  -1.10161752E-02  -1.90487429E-02   1.95351578E-02
  0.890625000       7.81250000E-02   2.24513933E-05  -6.83138520E-03   1.90182477E-02
  0.921875000       7.81250000E-02   4.76507144E-03   3.74213839E-03   1.86483301E-02
  0.953125000       7.81250000E-02   4.03048098E-03   8.60784389E-03   1.84762757E-02
  0.984375000       7.81250000E-02   1.34651188E-03   6.26096781E-03   1.84700992E-02
   1.56250000E-02  0.109375000      -6.27102330E-04  -1.42376707E-03   1.62038244E-02
   4.68750000E-02  0.109375000      -3.38206184E-03   1.72623829E-03   1.60807222E-02
   7.81250000E-02  0.109375000      -8.97000264E-03   7.06601143E-03   1.59227364E-02
  0.109375000      0.109375000      -1.70350559E-02   1.27828047E-02   1.57284699E-02
  0.140625000      0.109375000      -2.72260588E-02   1.81870386E-02   1.54888555E-02
  0.171875000      0.109375000      -3.92032415E-02   2.30605006E-02   1.51908584E-02
  0.203125000      0.109375000      -5.25836051E-02   2.73026377E-02   1.48235615E-02
  0.234375000      0.109375000      -6.69262335E-02   3.07971537E-02   1.43834036E-02
  0.265625000      0.109375000      -8.17494765E-02   3.33971865E-02   1.38775390E-02
  0.296875000      0.109375000      -9.65563431E-02   3.49500179E-02   1.33254537E-02
  0.328125000      0.109375000     -0.110856555       3.53228077E-02   1.27591910E-02
  0.359375000      0.109375000     -0.124182992       3.44180986E-02   1.22221373E-02
  0.390625000      0.109375000     -0.136103749       3.21803987E-02   1.17663220E-02
  0.421875000      0.109375000     -0.146230936       2.85975505E-02   1.14482949E-02
  0.453125000      0.109375000     -0.154226616       2.36989781E-02   1.13237519E-02
  0.484375000      0.109375000     -0.159806192       1.75521523E-02   1.14414413E-02
  0.515625000      0.109375000     -0.162739173       1.02576753E-02   1.18367132E-02
  0.546875000      0.109375000     -0.162847176       1.94281386E-03   1.25253629E-02
  0.578125000      0.109375000     -0.159997851      -7.24795740E-03   1.34604555E-02
  0.609375000      0.109375000     -0.154164329      -1.70437023E-02   1.46092102E-02
  0.640625000      0.109375000     -0.145400628      -2.69612446E-02   1.58826709E-02
  0.671875000      0.109375000     -0.133791909      -3.64408121E-02   1.71609484E-02
  0.703125000      0.109375000     -0.119509801      -4.47823629E-02   1.83069073E-02
  0.734375000      0.109375000     -0.102851644      -5.11156395E-02   1.91862509E-02
  0.765625000      0.109375000      -8.42928141E-02  -5.43891564E-02   1.96961369E-02
  0.796875000      0.109375000      -6.45520389E-02  -5.34138978E-02   1.97987147E-02
  0.828125000      0.109375000      -4.46708873E-02  -4.70451787E-02   1.95482783E-02
  0.859375000      0.109375000      -2.61133090E-02  -3.46858054E-02   1.90912168E-02
  0.890625000      0.109375000      -1.08878724E-02  -1.74646284E-02   1.86150409E-02
  0.921875000      0.109375000      -1.29855319E-03   3.73870134E-05   1.82593353E-02
  0.953125000      0.109375000       1.73283159E-03   1.00098606E-02   1.80549491E-02
  0.984375000      0.109375000       8.32659251E-04   8.43806751E-03   1.80133954E-02
   1.56250000E-02  0.140625000      -1.56538049E-03   7.66528596E-04   1.64739639E-02
   4.68750000E-02  0.140625000      -6.82648132E-03   7.54709076E-03   1.62918828E-02
   7.81250000E-02  0.140625000      -1.55966571E-02   1.55978464E-02   1.60967465E-02
  0.109375000      0.140625000      -2.67305411E-02   2.34445184E-02   1.58622712E-02
  0.140625000      0.140625000      -3.96094620E-02   3.05899344E-02   1.55668668E-02
  0.171875000      0.140625000      -5.38120903E-02   3.68322171E-02   1.51910577E-02
  0.203125000      0.140625000      -6.89288825E-02   4.20230404E-02   1.47208478E-02
  0.234375000      0.140625000      -8.45184475E-02   4.60041352E-02   1.41522773E-02
  0.265625000      0.140625000     -0.100122139       4.86125611E-02   1.34946816E-02
  0.296875000      0.140625000     -0.115288422       4.97034863E-02   1.27720609E-02
  0.328125000      0.140625000     -0.129591972       4.91690710E-02   1.20227095E-02
  0.359375000      0.140625000     -0.142645806       4.69483696E-02   1.12971887E-02
  0.390625000      0.140625000     -0.154108480       4.30300012E-02   1.06547661E-02
  0.421875000      0.140625000     -0.163687140       3.74503396E-02   1.01584736E-02
  0.453125000      0.140625000     -0.171137631       3.02890204E-02   9.86916386E-03
  0.484375000      0.140625000     -0.176262468       2.16631666E-02   9.83892661E-03
  0.515625000      0.140625000     -0.178907141       1.17208380E-02   1.01042688E-02
  0.546875000      0.140625000     -0.178956822       6.33705815E-04   1.06792552E-02
  0.578125000      0.140625000     -0.176337659      -1.14112366E-02   1.15369046E-02
  0.609375000      0.140625000     -0.171004459      -2.40513887E-02   1.26558226E-02
  0.640625000      0.140625000     -0.162925512      -3.68008167E-02   1.39522869E-02
  0.671875000      0.140625000     -0.152095675      -4.90448624E-02   1.53133161E-02
  0.703125000      0.140625000     -0.138562590      -5.99989854E-02   1.66056529E-02
  0.734375000      0.140625000     -0.122459456      -6.86661527E-02   1.76921226E-02
  0.765625000      0.140625000     -0.104052901      -7.38101453E-02   1.84558555E-02
  0.796875000      0.140625000      -8.38125348E-02  -7.39803165E-02   1.88301615E-02
  0.828125000      0.140625000      -6.25124648E-02  -6.76662549E-02   1.88260600E-02
  0.859375000      0.140625000      -4.13852409E-02  -5.37556969E-02   1.85422488E-02
  0.890625000      0.140625000      -2.23468728E-02  -3.26645374E-02   1.81385651E-02
  0.921875000      0.140625000      -8.09548330E-03  -8.60926788E-03   1.77643131E-02
  0.953125000      0.140625000      -9.85111459E-04   8.50902032E-03   1.75028071E-02
  0.984375000      0.140625000       2.90199969E-04   9.55893099E-03   1.73980314E-02
   1.56250000E-02  0.171875000      -2.47530267E-03   4.80492972E-03   1.67017803E-02
   4.68750000E-02  0.171875000      -1.00041572E-02   1.62935145E-02   1.64601747E-02
   7.81250000E-02  0.171875000      -2.14018468E-02   2.70136595E-02   1.62142906E-02
  0.109375000      0.171875000      -3.48469093E-02   3.66021469E-02   1.59104615E-02
  0.140625000      0.171875000      -4.95569855E-02   4.50159386E-02   1.55173745E-02
  0.171875000      0.171875000      -6.50949627E-02   5.21416664E-02   1.50133390E-02
  0.203125000      0.171875000      -8.10805336E-02   5.78110963E-02   1.43855028E-02
  0.234375000      0.171875000      -9.71242338E-02   6.18448332E-02   1.36332456E-02
  0.265625000      0.171875000     -0.112835139       6.40823096E-02   1.27710439E-02
  0.296875000      0.171875000     -0.127840579       6.44017309E-02   1.18294433E-02
  0.328125000      0.171875000     -0.141800940       6.27313927E-02   1.08540338E-02
  0.359375000      0.171875000     -0.154417440       5.90534285E-02   9.90263373E-03
  0.390625000      0.171875000     -0.165434375       5.34018688E-02   9.04101413E-03
  0.421875000      0.171875000     -0.174637258       4.58575077E-02   8.33746605E-03
  0.453125000      0.171875000     -0.181848362       3.65411192E-02   7.85657484E-03
  0.484375000      0.171875000     -0.186921284       2.56065298E-02   7.65260309E-03
  0.515625000      0.171875000     -0.189736053       1.32345716E-02   7.76270544E-03
  0.546875000      0.171875000     -0.190197363      -3.71514121E-04   8.20028968E-03
  0.578125000      0.171875000     -0.188236818      -1.49884541E-02   8.96639470E-03
  0.609375000      0.171875000     -0.183784455      -3.02628111E-02   1.00478418E-02
  0.640625000      0.171875000     -0.176755473      -4.57007810E-02   1.13716461E-02
  0.671875000      0.171875000     -0.167070463      -6.06636703E-02   1.28350090E-02
  0.703125000      0.171875000     -0.154666364      -7.43217468E-02   1.43114608E-02
  0.734375000      0.171875000     -0.139520779      -8.55969340E-02   1.56626441E-02
  0.765625000      0.171875000     -0.121697314      -9.31146294E-02   1.67570021E-02
  0.796875000      0.171875000     -0.101420850      -9.51981843E-02   1.74946375E-02
  0.828125000      0.171875000      -7.91989490E-02  -8.99760425E-02   1.78341605E-02
  0.859375000      0.171875000      -5.60182557E-02  -7.57595450E-02   1.78120136E-02
  0.890625000      0.171875000      -3.36592346E-02  -5.20637408E-02   1.75407827E-02
  0.921875000      0.171875000      -1.50688924E-02  -2.20573843E-02   1.71717424E-02
  0.953125000      0.171875000      -3.78186535E-03   3.55424942E-03   1.68307517E-02
  0.984375000      0.171875000      -1.97659407E-04   9.64957755E-03   1.66376829E-02
   1.56250000E-02  0.203125000      -3.19596985E-03   1.04738288E-02   1.67881437E-02
   4.68750000E-02  0.203125000      -1.24338325E-02   2.73860246E-02   1.64942779E-02
   7.81250000E-02  0.203125000      -2.56829150E-02   4.05621454E-02   1.61870029E-02
  0.109375000      0.203125000      -4.06399183E-02   5.14501445E-02   1.57894567E-02
  0.140625000      0.203125000      -5.64267151E-02   6.06594793E-02   1.52650354E-02
  0.171875000      0.203125000      -7.26176351E-02   6.82220310E-02   1.45937502E-02
  0.203125000      0.203125000      -8.88812840E-02   7.39753842E-02   1.37673561E-02
  0.234375000      0.203125000     -0.104896367       7.77352527E-02   1.27913570E-02
  0.265625000      0.203125000     -0.120350637       7.93535188E-02   1.16872694E-02
  0.296875000      0.203125000     -0.134954140       7.87364841E-02   1.04930736E-02
  0.328125000      0.203125000     -0.148448795       7.58492127E-02   9.26159602E-03
  0.359375000      0.203125000     -0.160611749       7.07131028E-02   8.05718265E-03
  0.390625000      0.203125000     -0.171253771       6.33995533E-02   6.95102569E-03
  0.421875000      0.203125000     -0.180214494       5.40221110E-02   6.01560157E-03
  0.453125000      0.203125000     -0.187356561       4.27285917E-02   5.31855691E-03
  0.484375000      0.203125000     -0.192560613       2.96950191E-02   4.91630426E-03
  0.515625000      0.203125000     -0.195722938       1.51221622E-02   4.84759733E-03
  0.546875000      0.203125000     -0.196757123      -7.64726428E-04   5.12728468E-03
  0.578125000      0.203125000     -0.195600063      -1.77142005E-02   5.78129245E-03
  0.609375000      0.203125000     -0.192179441      -3.54117230E-02   6.81091798E-03
  0.640625000      0.203125000     -0.186387122      -5.33752590E-02   8.15551355E-03
  0.671875000      0.203125000     -0.178087205      -7.09766820E-02   9.72505007E-03
  0.703125000      0.203125000     -0.167117953      -8.73851925E-02   1.14029925E-02
  0.734375000      0.203125000     -0.153309673     -0.101490974       1.30529627E-02
  0.765625000      0.203125000     -0.136528194     -0.111829653       1.45308506E-02
  0.796875000      0.203125000     -0.116755567     -0.116536811       1.57034453E-02
  0.828125000      0.203125000      -9.42268297E-02 -0.113392979       1.64727382E-02
  0.859375000      0.203125000      -6.96574673E-02 -0.100097820       1.68025084E-02
  0.890625000      0.203125000      -4.46209647E-02  -7.51262307E-02   1.67400651E-02
  0.921875000      0.203125000      -2.21142825E-02  -4.00971584E-02   1.64187104E-02
  0.953125000      0.203125000      -6.63147401E-03  -5.18097030E-03   1.60149038E-02
  0.984375000      0.203125000      -6.42673112E-04   8.80747661E-03   1.57110132E-02
   1.56250000E-02  0.234375000      -3.63809685E-03   1.73054636E-02   1.66419372E-02
   4.68750000E-02  0.234375000      -1.38996327E-02   4.00483683E-02   1.63067915E-02
   7.81250000E-02  0.234375000      -2.82062534E-02   5.54496497E-02   1.59325823E-02
  0.109375000      0.234375000      -4.39488515E-02   6.72566593E-02   1.54264420E-02
  0.140625000      0.234375000      -6.01846315E-02   7.68703520E-02   1.47505570E-02
  0.171875000      0.234375000      -7.65026957E-02   8.45154449E-02   1.38892932E-02
  0.203125000      0.234375000      -9.26200897E-02   9.00588930E-02   1.28410244E-02
  0.234375000      0.234375000     -0.108280703       9.33239758E-02   1.16188461E-02
  0.265625000      0.234375000     -0.123244151       9.41797420E-02   1.02520967E-02
  0.296875000      0.234375000     -0.137291998       9.25595760E-02   8.78625829E-03
  0.328125000      0.234375000     -0.150232464       8.84598494E-02   7.28091970E-03
  0.359375000      0.234375000     -0.161900237       8.19324106E-02   5.80616388E-03
  0.390625000      0.234375000     -0.172153324       7.30750412E-02   4.43788571E-03
  0.421875000      0.234375000     -0.180868283       6.20223619E-02   3.25233676E-03
  0.453125000      0.234375000     -0.187936157       4.89386022E-02   2.32032477E-03
  0.484375000      0.234375000     -0.193260431       3.40137556E-02   1.70115486E-03
  0.515625000      0.234375000     -0.196757525       1.74633022E-02   1.43657438E-03
  0.546875000      0.234375000     -0.198360115      -4.68699262E-04   1.54490152E-03
  0.578125000      0.234375000     -0.198023260      -1.95039771E-02   2.06715311E-03
  0.609375000      0.234375000     -0.195690781      -3.93751860E-02   3.02639278E-03
  0.640625000      0.234375000     -0.191252336      -5.96430935E-02   4.37462144E-03
  0.671875000      0.234375000     -0.184532106      -7.97300413E-02   6.03643805E-03
  0.703125000      0.234375000     -0.175282985      -9.88518447E-02   7.90862646E-03
  0.734375000      0.234375000     -0.163198560     -0.115919270       9.86142736E-03
  0.765625000      0.234375000     -0.147954404     -0.129429847       1.17434803E-02
  0.796875000      0.234375000     -0.129291937     -0.137375176       1.33927939E-02
  0.828125000      0.234375000     -0.107166223     -0.137213066       1.46562345E-02
  0.859375000      0.234375000      -8.19946006E-02 -0.126023144       1.54196769E-02
  0.890625000      0.234375000      -5.50744496E-02 -0.101162247       1.56491343E-02
  0.921875000      0.234375000      -2.92757861E-02  -6.23712800E-02   1.54334679E-02
  0.953125000      0.234375000      -9.76257492E-03  -1.79076232E-02   1.49824554E-02
  0.984375000      0.234375000      -1.19219883E-03   6.97097927E-03   1.45664979E-02
   1.56250000E-02  0.265625000      -3.78099526E-03   2.47221217E-02   1.61989573E-02
   4.68750000E-02  0.265625000      -1.43824974E-02   5.34893312E-02   1.58356428E-02
   7.81250000E-02  0.265625000      -2.90199220E-02   7.09469169E-02   1.53950294E-02
  0.109375000      0.265625000      -4.49188054E-02   8.33954364E-02   1.47759821E-02
  0.140625000      0.265625000      -6.10809922E-02   9.31246281E-02   1.39425527E-02
  0.171875000      0.265625000      -7.71020502E-02  0.100595996       1.28847398E-02
  0.203125000      0.265625000      -9.27376226E-02  0.105727762       1.16082206E-02
  0.234375000      0.265625000     -0.107784852      0.108360216       1.01340078E-02
  0.265625000      0.265625000     -0.122060813      0.108381003       8.49924795E-03
  0.296875000      0.265625000     -0.135402173      0.105746508       6.75659114E-03
  0.328125000      0.265625000     -0.147665992      0.100476995       4.97189723E-03
  0.359375000      0.265625000     -0.158728361       9.26458985E-02   3.22055770E-03
  0.390625000      0.265625000     -0.168481559       8.23689103E-02   1.58293929E-03
  0.421875000      0.265625000     -0.176831827       6.97952509E-02   1.39187236E-04
  0.453125000      0.265625000     -0.183698624       5.51022217E-02  -1.03628356E-03
  0.484375000      0.265625000     -0.189015478       3.84932235E-02  -1.88049651E-03
  0.515625000      0.265625000     -0.192731589       2.01990679E-02  -2.34766654E-03
  0.546875000      0.265625000     -0.194813415       4.81917989E-04  -2.41478533E-03
  0.578125000      0.265625000     -0.195244938      -2.03581862E-02  -2.03789352E-03
  0.609375000      0.265625000     -0.193998873      -4.20980901E-02  -1.16840517E-03
  0.640625000      0.265625000     -0.190980896      -6.43755794E-02   1.57827686E-04
  0.671875000      0.265625000     -0.185992554      -8.67056400E-02   1.88120594E-03
  0.703125000      0.265625000     -0.178717554     -0.108400486       3.91518604E-03
  0.734375000      0.265625000     -0.168726981     -0.128446415       6.14248309E-03
  0.765625000      0.265625000     -0.155516401     -0.145358980       8.41253251E-03
  0.796875000      0.265625000     -0.138590276     -0.157036901       1.05436165E-02
  0.828125000      0.265625000     -0.117616512     -0.160653770       1.23347733E-02
  0.859375000      0.265625000      -9.26896036E-02 -0.152684540       1.35949329E-02
  0.890625000      0.265625000      -6.47762939E-02 -0.129338324       1.41975293E-02
  0.921875000      0.265625000      -3.64870168E-02  -8.82873982E-02   1.41609069E-02
  0.953125000      0.265625000      -1.32418219E-02  -3.47542018E-02   1.37056010E-02
  0.984375000      0.265625000      -1.88777910E-03   3.88953928E-03   1.31747257E-02
   1.56250000E-02  0.296875000      -3.64773558E-03   3.21484730E-02   1.54333487E-02
   4.68750000E-02  0.296875000      -1.39742903E-02   6.69857636E-02   1.50556918E-02
   7.81250000E-02  0.296875000      -2.83103157E-02   8.64183381E-02   1.45545267E-02
  0.109375000      0.296875000      -4.38299552E-02   9.93373990E-02   1.38273165E-02
  0.140625000      0.296875000      -5.94792105E-02  0.108989581       1.28420219E-02
  0.171875000      0.296875000      -7.48470873E-02  0.116116211       1.15945637E-02
  0.203125000      0.296875000      -8.97144526E-02  0.120707586       1.00976545E-02
  0.234375000      0.296875000     -0.103917286      0.122628532       8.37980490E-03
  0.265625000      0.296875000     -0.117314436      0.121784881       6.48548082E-03
  0.296875000      0.296875000     -0.129781738      0.118151382       4.47405223E-03
  0.328125000      0.296875000     -0.141210556      0.111765787       2.41731293E-03
  0.359375000      0.296875000     -0.151506543      0.102717273       3.95853800E-04
  0.390625000      0.296875000     -0.160589248       9.11359340E-02  -1.50539086E-03
  0.421875000      0.296875000     -0.168393403       7.71856457E-02  -3.20209796E-03
  0.453125000      0.296875000     -0.174871475       6.10600039E-02  -4.61591920E-03
  0.484375000      0.296875000     -0.179996341       4.29806598E-02  -5.67988399E-03
  0.515625000      0.296875000     -0.183762163       2.31971424E-02  -6.34380849E-03
  0.546875000      0.296875000     -0.186181247       1.98826892E-03  -6.57935534E-03
  0.578125000      0.296875000     -0.187277019      -2.03339495E-02  -6.35238457E-03
  0.609375000      0.296875000     -0.187061980      -4.35804799E-02  -5.58912754E-03
  0.640625000      0.296875000     -0.185473263      -6.74973726E-02  -4.31503495E-03
  0.671875000      0.296875000     -0.182309538      -9.17339623E-02  -2.57373322E-03
  0.703125000      0.296875000     -0.177205831     -0.115749538      -4.32232016E-04
  0.734375000      0.296875000     -0.169629440     -0.138663739       2.01091450E-03
  0.765625000      0.296875000     -0.158910006     -0.159071892       4.61586053E-03
  0.796875000      0.296875000     -0.144320935     -0.174840242       7.19381310E-03
  0.828125000      0.296875000     -0.125236407     -0.182910621       9.50869732E-03
  0.859375000      0.296875000     -0.101404257     -0.179189384       1.12999631E-02
  0.890625000      0.296875000      -7.34113902E-02 -0.158742875       1.23432139E-02
  0.921875000      0.296875000      -4.35060225E-02 -0.117081121       1.25616025E-02
  0.953125000      0.296875000      -1.70524865E-02  -5.56629822E-02   1.21507337E-02
  0.984375000      0.296875000      -2.80592870E-03  -8.05451069E-04   1.15189506E-02
   1.56250000E-02  0.328125000      -3.28375422E-03   3.90777066E-02   1.43587701E-02
   4.68750000E-02  0.328125000      -1.28183244E-02   7.99126625E-02   1.39800869E-02
   7.81250000E-02  0.328125000      -2.63196640E-02  0.101323530       1.34279467E-02
  0.109375000      0.328125000      -4.10099663E-02  0.114637405       1.26038808E-02
  0.140625000      0.328125000      -5.57765067E-02  0.124101341       1.14810178E-02
  0.171875000      0.328125000      -7.01875091E-02  0.130780160       1.00609157E-02
  0.203125000      0.328125000      -8.40356424E-02  0.134757012       8.36255960E-03
  0.234375000      0.328125000      -9.71823782E-02  0.135927677       6.42110780E-03
  0.265625000      0.328125000     -0.109514922      0.134215534       4.28763917E-03
  0.296875000      0.328125000     -0.120935626      0.129609957       2.02776026E-03
  0.328125000      0.328125000     -0.131359473      0.122162133      -2.80998094E-04
  0.359375000      0.328125000     -0.140714109      0.111974716      -2.55281944E-03
  0.390625000      0.328125000     -0.148942351       9.91933495E-02  -4.69800550E-03
  0.421875000      0.328125000     -0.156006992       8.40014517E-02  -6.62794616E-03
  0.453125000      0.328125000     -0.161896542       6.66165724E-02  -8.26039165E-03
  0.484375000      0.328125000     -0.166629314       4.72866967E-02  -9.52473003E-03
  0.515625000      0.328125000     -0.170252472       2.62851212E-02  -1.03669427E-02
  0.546875000      0.328125000     -0.172833622       3.90544347E-03  -1.07539212E-02
  0.578125000      0.328125000     -0.174444675      -1.95396133E-02  -1.06693525E-02
  0.609375000      0.328125000     -0.175147653      -4.38825823E-02  -1.00220889E-02
  0.640625000      0.328125000     -0.174926758      -6.90010712E-02  -8.82960204E-03
  0.671875000      0.328125000     -0.173600182      -9.47173089E-02  -7.12053571E-03
  0.703125000      0.328125000     -0.170779973     -0.120687500      -4.94066346E-03
  0.734375000      0.328125000     -0.165854901     -0.146225393      -2.36418331E-03
  0.765625000      0.328125000     -0.158008501     -0.170075029       4.90137376E-04
  0.796875000      0.328125000     -0.146292835     -0.190141737       3.44134215E-03
  0.828125000      0.328125000     -0.129784197     -0.203203127       6.23526284E-03
  0.859375000      0.328125000     -0.107861757     -0.204653174       8.55567120E-03
  0.890625000      0.328125000      -8.06872994E-02 -0.188448876       1.00821471E-02
  0.921875000      0.328125000      -5.00628203E-02 -0.147907943       1.06224045E-02
  0.953125000      0.328125000      -2.10721586E-02  -8.02835375E-02   1.03045208E-02
  0.984375000      0.328125000      -3.94691853E-03  -7.55939074E-03   9.58568975E-03
   1.56250000E-02  0.359375000      -2.74409191E-03   4.51034643E-02   1.30220652E-02
   4.68750000E-02  0.359375000      -1.10770818E-02   9.17498767E-02   1.26543529E-02
   7.81250000E-02  0.359375000      -2.33054254E-02  0.115211204       1.20630367E-02
  0.109375000      0.359375000      -3.67936417E-02  0.128924012       1.11576580E-02
  0.140625000      0.359375000      -5.03698140E-02  0.138154000       9.91728716E-03
  0.171875000      0.359375000      -6.35678619E-02  0.144334078       8.34860373E-03
  0.203125000      0.359375000      -7.61802942E-02  0.147662312       6.47587562E-03
  0.234375000      0.359375000      -8.80834907E-02  0.148072183       4.33991011E-03
  0.265625000      0.359375000      -9.91833284E-02  0.145504519       1.99757819E-03
  0.296875000      0.359375000     -0.109400332      0.139961004      -4.79791313E-04
  0.328125000      0.359375000     -0.118666410      0.131504461      -3.00914003E-03
  0.359375000      0.359375000     -0.126926363      0.120251402      -5.49941231E-03
  0.390625000      0.359375000     -0.134142965      0.106366687      -7.85608683E-03
  0.421875000      0.359375000     -0.140304744       9.00602713E-02  -9.98635311E-03
  0.453125000      0.359375000     -0.145434618       7.15832859E-02  -1.18045211E-02
  0.484375000      0.359375000     -0.149595723       5.12201414E-02  -1.32373041E-02
  0.515625000      0.359375000     -0.152889788       2.92751975E-02  -1.42282499E-02
  0.546875000      0.359375000     -0.155444205       6.05706032E-03  -1.47410640E-02
  0.578125000      0.359375000     -0.157386810      -1.81317125E-02  -1.47792790E-02
  0.609375000      0.359375000     -0.158838093      -4.31307778E-02  -1.42483683E-02
  0.640625000      0.359375000     -0.159844071      -6.89628869E-02  -1.31608918E-02
  0.671875000      0.359375000     -0.160267562      -9.56542194E-02  -1.15328338E-02
  0.703125000      0.359375000     -0.159730643     -0.123104006      -9.38892365E-03
  0.734375000      0.359375000     -0.157578126     -0.150883541      -6.77528605E-03
  0.765625000      0.359375000     -0.152876005     -0.177963287      -3.78036313E-03
  0.796875000      0.359375000     -0.144471183     -0.202372789      -5.61961846E-04
  0.828125000      0.359375000     -0.131142154     -0.220809564       2.62753433E-03
  0.859375000      0.359375000     -0.111881167     -0.228230938       5.43575315E-03
  0.890625000      0.359375000      -8.63858759E-02 -0.217542529       7.45644979E-03
  0.921875000      0.359375000      -5.59460074E-02 -0.179880932       8.37083254E-03
  0.953125000      0.359375000      -2.52147391E-02 -0.108035073       8.20094161E-03
  0.984375000      0.359375000      -5.32142958E-03  -1.68286506E-02   7.43252598E-03
   1.56250000E-02  0.390625000      -2.08744034E-03   4.99331206E-02   1.14929816E-02
   4.68750000E-02  0.390625000      -8.91782902E-03  0.102079481       1.11467205E-02
   7.81250000E-02  0.390625000      -1.95229296E-02  0.127710789       1.05293496E-02
  0.109375000      0.390625000      -3.15059796E-02  0.141892046       9.56082251E-03
  0.140625000      0.390625000      -4.36414555E-02  0.150894821       8.22660234E-03
  0.171875000      0.390625000      -5.54171205E-02  0.156565219       6.53799810E-03
  0.203125000      0.390625000      -6.66150451E-02  0.159240961       4.52358695E-03
  0.234375000      0.390625000      -7.71190226E-02  0.158901423       2.22875038E-03
  0.265625000      0.390625000      -8.68479013E-02  0.155506074      -2.84758891E-04
  0.296875000      0.390625000      -9.57361683E-02  0.149068102      -2.94050761E-03
  0.328125000      0.390625000     -0.103729725      0.139661565      -5.65026654E-03
  0.359375000      0.390625000     -0.110788107      0.127418205      -8.31788313E-03
  0.390625000      0.390625000     -0.116890982      0.112525716      -1.08441282E-02
  0.421875000      0.390625000     -0.122047976       9.52269435E-02  -1.31322704E-02
  0.453125000      0.390625000     -0.126309618       7.58154243E-02  -1.50939105E-02
  0.484375000      0.390625000     -0.129775614       5.46224862E-02  -1.66543778E-02
  0.515625000      0.390625000     -0.132594720       3.19933519E-02  -1.77567638E-02
  0.546875000      0.390625000     -0.134950161       8.25588219E-03  -1.83639489E-02
  0.578125000      0.390625000     -0.137026757      -1.63045302E-02  -1.84953511E-02
  0.609375000      0.390625000     -0.139010295      -4.15167734E-02  -1.80708244E-02
  0.640625000      0.390625000     -0.141021967      -6.75534382E-02  -1.71011388E-02
  0.671875000      0.390625000     -0.142995536      -9.46613848E-02  -1.55933127E-02
  0.703125000      0.390625000     -0.144605070     -0.123019695      -1.35537200E-02
  0.734375000      0.390625000     -0.145199597     -0.152521998      -1.09997988E-02
  0.765625000      0.390625000     -0.143769175     -0.182454363      -7.98327941E-03
  0.796875000      0.390625000     -0.138981327     -0.211072326      -4.62504756E-03
  0.828125000      0.390625000     -0.129322723     -0.235096619      -1.15484209E-03
  0.859375000      0.390625000     -0.113384068     -0.249143481       2.06298963E-03
  0.890625000      0.390625000      -9.03631598E-02 -0.245147109       4.55532223E-03
  0.921875000      0.390625000      -6.09753877E-02 -0.212105662       5.87727781E-03
  0.953125000      0.390625000      -2.93148328E-02 -0.138204247       5.91316726E-03
  0.984375000      0.390625000      -6.85931696E-03  -2.90101506E-02   5.13922377E-03
   1.56250000E-02  0.421875000      -1.37469789E-03   5.33936173E-02   9.85283591E-03
   4.68750000E-02  0.421875000      -6.50850357E-03  0.110579573       9.53751989E-03
   7.81250000E-02  0.421875000      -1.52194910E-02  0.138523102       8.90834443E-03
  0.109375000      0.421875000      -2.54557468E-02  0.153295979       7.89651647E-03
  0.140625000      0.421875000      -3.59529629E-02  0.162121415       6.49425294E-03
  0.171875000      0.421875000      -4.61424291E-02  0.167302683       4.71714325E-03
  0.203125000      0.421875000      -5.57866693E-02  0.169345856       2.59719486E-03
  0.234375000      0.421875000      -6.47716895E-02  0.168287084       1.83273776E-04
  0.265625000      0.421875000      -7.30270445E-02  0.164107591      -2.45902198E-03
  0.296875000      0.421875000      -8.05006176E-02  0.156832710      -5.24900528E-03
  0.328125000      0.421875000      -8.71527344E-02  0.146548152      -8.09386279E-03
  0.359375000      0.421875000      -9.29578990E-02  0.133401722      -1.08927516E-02
  0.390625000      0.421875000      -9.79111195E-02  0.117605671      -1.35420496E-02
  0.421875000      0.421875000     -0.102037907       9.94387120E-02  -1.59414969E-02
  0.453125000      0.421875000     -0.105406307       7.92419240E-02  -1.80006698E-02
  0.484375000      0.421875000     -0.108137816       5.74017614E-02  -1.96447838E-02
  0.515625000      0.421875000     -0.110411778       3.43153179E-02  -2.08185595E-02
  0.546875000      0.421875000     -0.112453468       1.03389714E-02  -2.14867890E-02
  0.578125000      0.421875000     -0.114490509      -1.42664276E-02  -2.16755029E-02
  0.609375000      0.421875000     -0.116772935      -3.92818376E-02  -2.13386454E-02
  0.640625000      0.421875000     -0.119506732      -6.50363863E-02  -2.04863567E-02
  0.671875000      0.421875000     -0.122718759      -9.19869393E-02  -1.91214941E-02
  0.703125000      0.421875000     -0.126187325     -0.120610833      -1.72376856E-02
  0.734375000      0.421875000     -0.129331931     -0.151187226      -1.48271509E-02
  0.765625000      0.421875000     -0.131127149     -0.183420688      -1.19029321E-02
  0.796875000      0.421875000     -0.130101293     -0.215916932      -8.53874441E-03
  0.828125000      0.421875000     -0.124463141     -0.245547041      -4.92209150E-03
  0.859375000      0.421875000     -0.112390436     -0.266703725      -1.40251289E-03
  0.890625000      0.421875000      -9.25463140E-02 -0.270452201       1.50656607E-03
  0.921875000      0.421875000      -6.50086850E-02 -0.243727088       3.24633718E-03
  0.953125000      0.421875000      -3.31913829E-02 -0.170062274       3.54143837E-03
  0.984375000      0.421875000      -8.46520904E-03  -4.43352908E-02   2.80784280E-03
   1.56250000E-02  0.453125000      -6.71089510E-04   5.54380119E-02   8.18378851E-03
   4.68750000E-02  0.453125000      -4.01955098E-03  0.117014378       7.90980645E-03
   7.81250000E-02  0.453125000      -1.06331240E-02  0.147409737       7.28436653E-03
  0.109375000      0.453125000      -1.89332440E-02  0.162943244       6.25019008E-03
  0.140625000      0.453125000      -2.76420489E-02  0.171678603       4.80684778E-03
  0.171875000      0.453125000      -3.61246020E-02  0.176417083       2.97403010E-03
  0.203125000      0.453125000      -4.41146381E-02  0.177866608       7.86397897E-04
  0.234375000      0.453125000      -5.14962897E-02  0.176135272      -1.70485477E-03
  0.265625000      0.453125000      -5.82095422E-02  0.171231672      -4.43152245E-03
  0.296875000      0.453125000      -6.42178729E-02  0.163195580      -7.30980095E-03
  0.328125000      0.453125000      -6.94993436E-02  0.152125195      -1.02432286E-02
  0.359375000      0.453125000      -7.40465596E-02  0.138184428      -1.31269936E-02
  0.390625000      0.453125000      -7.78711438E-02  0.121608958      -1.58536099E-02
  0.421875000      0.453125000      -8.10116082E-02  0.102711417      -1.83196776E-02
  0.453125000      0.453125000      -8.35435539E-02   8.18785951E-02  -2.04331558E-02
  0.484375000      0.453125000      -8.55910555E-02   5.95531464E-02  -2.21199151E-02
  0.515625000      0.453125000      -8.73361528E-02   3.61918695E-02  -2.33280864E-02
  0.546875000      0.453125000      -8.90207365E-02   1.21972505E-02  -2.40286142E-02
  0.578125000      0.453125000      -9.09275711E-02  -1.21726897E-02  -2.42333785E-02
  0.609375000      0.453125000      -9.33380798E-02  -3.66750062E-02  -2.39635315E-02
  0.640625000      0.453125000      -9.64962542E-02  -6.17441684E-02  -2.32154019E-02
  0.671875000      0.453125000     -0.100552484      -8.80044848E-02  -2.19955556E-02
  0.703125000      0.453125000     -0.105451092     -0.116220415      -2.02936195E-02
  0.734375000      0.453125000     -0.110768110     -0.147111058      -1.80844944E-02
  0.765625000      0.453125000     -0.115548596     -0.180916995      -1.53459888E-02
  0.796875000      0.453125000     -0.118244186     -0.216747582      -1.20997885E-02
  0.828125000      0.453125000     -0.116812423     -0.251784027      -8.47526453E-03
  0.859375000      0.453125000     -0.109010600     -0.280340016      -4.78042569E-03
  0.890625000      0.453125000      -9.29320306E-02 -0.292738378      -1.53720623E-03
  0.921875000      0.453125000      -6.79527968E-02 -0.273958385       6.04464090E-04
  0.953125000      0.453125000      -3.66906002E-02 -0.202911645       1.19964709E-03
  0.984375000      0.453125000      -1.00514358E-02  -6.28524348E-02   5.49514079E-04
   1.56250000E-02  0.484375000      -4.67920618E-05   5.61547317E-02   6.55854912E-03
   4.68750000E-02  0.484375000      -1.62419735E-03  0.121220984       6.34362176E-03
   7.81250000E-02  0.484375000      -5.99172572E-03  0.154181719       5.73756825E-03
  0.109375000      0.484375000      -1.22098438E-02  0.170687601       4.70217876E-03
  0.140625000      0.484375000      -1.90219618E-02  0.179454178       3.24522308E-03
  0.171875000      0.484375000      -2.57158279E-02  0.183818102       1.38990721E-03
  0.203125000      0.484375000      -3.19862887E-02  0.184727579      -8.27169861E-04
  0.234375000      0.484375000      -3.77107486E-02  0.182383329      -3.35378014E-03
  0.265625000      0.484375000      -4.28400896E-02  0.176830530      -6.12063846E-03
  0.296875000      0.484375000      -4.73568588E-02  0.168127507      -9.04229376E-03
  0.328125000      0.484375000      -5.12618572E-02  0.156386703      -1.20199434E-02
  0.359375000      0.484375000      -5.45712933E-02  0.141787589      -1.49458786E-02
  0.390625000      0.484375000      -5.73183671E-02  0.124586254      -1.77094936E-02
  0.421875000      0.484375000      -5.95573448E-02  0.105122916      -2.02046260E-02
  0.453125000      0.484375000      -6.13696724E-02   8.38210285E-02  -2.23375987E-02
  0.484375000      0.484375000      -6.28717989E-02   6.11700043E-02  -2.40346491E-02
  0.515625000      0.484375000      -6.42250627E-02   3.76828238E-02  -2.52471827E-02
  0.546875000      0.484375000      -6.56478107E-02   1.38226934E-02  -2.59531103E-02
  0.578125000      0.484375000      -6.74294159E-02  -1.01010874E-02  -2.61537042E-02
  0.609375000      0.484375000      -6.98508546E-02  -3.39065865E-02  -2.59250887E-02
  0.640625000      0.484375000      -7.31740221E-02  -5.80237769E-02  -2.52560787E-02
  0.671875000      0.484375000      -7.76641890E-02  -8.31716806E-02  -2.41623819E-02
  0.703125000      0.484375000      -8.34725425E-02 -0.110340193      -2.26392485E-02
  0.734375000      0.484375000      -9.04258639E-02 -0.140715659      -2.06557158E-02
  0.765625000      0.484375000      -9.77547094E-02 -0.175198555      -1.81633644E-02
  0.796875000      0.484375000     -0.103930861     -0.213590607      -1.51336584E-02
  0.828125000      0.484375000     -0.106710888     -0.253590047      -1.16279395E-02
  0.859375000      0.484375000     -0.103432059     -0.289612949      -7.88909476E-03
  0.890625000      0.484375000      -9.15824622E-02 -0.311392903      -4.41370998E-03
  0.921875000      0.484375000      -6.97708577E-02 -0.302094877      -1.91153423E-03
  0.953125000      0.484375000      -3.97083759E-02 -0.236100689      -9.93614201E-04
  0.984375000      0.484375000      -1.15537988E-02  -8.44580680E-02  -1.52322545E-03
   1.56250000E-02  0.515625000       4.95740387E-04   5.57048321E-02   5.05107921E-03
   4.68750000E-02  0.515625000       5.57576655E-04  0.123184375       4.89089265E-03
   7.81250000E-02  0.515625000      -1.53485558E-03  0.158676267       4.33830777E-03
  0.109375000      0.515625000      -5.54586109E-03  0.176420778       3.32145859E-03
  0.140625000      0.515625000      -1.03851464E-02  0.185371891       1.87890185E-03
  0.171875000      0.515625000      -1.52407065E-02  0.189450413       3.41247251E-05
  0.203125000      0.515625000      -1.97562091E-02  0.189883143      -2.17454904E-03
  0.234375000      0.515625000      -2.37936713E-02  0.186993033      -4.69546905E-03
  0.265625000      0.515625000      -2.73145065E-02  0.180875808      -7.46013317E-03
  0.296875000      0.515625000      -3.03237587E-02  0.171614453      -1.03832204E-02
  0.328125000      0.515625000      -3.28499600E-02  0.159338415      -1.33652119E-02
  0.359375000      0.515625000      -3.49388868E-02  0.144242764      -1.62968580E-02
  0.390625000      0.515625000      -3.66518870E-02  0.126600489      -1.90654211E-02
  0.421875000      0.515625000      -3.80659923E-02  0.106771633      -2.15624347E-02
  0.453125000      0.515625000      -3.92749757E-02   8.52037519E-02  -2.36923508E-02
  0.484375000      0.515625000      -4.03913185E-02   6.24158792E-02  -2.53807381E-02
  0.515625000      0.515625000      -4.15495299E-02   3.89583223E-02  -2.65803915E-02
  0.546875000      0.515625000      -4.29127440E-02   1.53426584E-02  -2.72733234E-02
  0.578125000      0.515625000      -4.46847454E-02  -8.05845670E-03  -2.74669155E-02
  0.609375000      0.515625000      -4.71110940E-02  -3.10930181E-02  -2.72545926E-02
  0.640625000      0.515625000      -5.04706725E-02  -5.41468263E-02  -2.66341604E-02
  0.671875000      0.515625000      -5.50820455E-02  -7.79400021E-02  -2.56322101E-02
  0.703125000      0.515625000      -6.12947196E-02 -0.103544533      -2.42586657E-02
  0.734375000      0.515625000      -6.92622587E-02 -0.132584929      -2.24896688E-02
  0.765625000      0.515625000      -7.85358101E-02 -0.166722149      -2.02639848E-02
  0.796875000      0.515625000      -8.77530575E-02 -0.206669703      -1.75120365E-02
  0.828125000      0.515625000      -9.45624262E-02 -0.250918567      -1.42250480E-02
  0.859375000      0.515625000      -9.58995223E-02 -0.294224083      -1.05630960E-02
  0.890625000      0.515625000      -8.86136591E-02 -0.325916141      -6.96498575E-03
  0.921875000      0.515625000      -7.04792440E-02 -0.327517509      -4.16345568E-03
  0.953125000      0.515625000      -4.21936065E-02 -0.269026697      -2.91932700E-03
  0.984375000      0.515625000      -1.29343849E-02 -0.108946577      -3.29891825E-03
   1.56250000E-02  0.546875000       9.89937223E-04   5.42183816E-02   3.73018486E-03
   4.68750000E-02  0.546875000       2.51960964E-03  0.123077631       3.60539649E-03
   7.81250000E-02  0.546875000       2.54046358E-03  0.160852969       3.10586626E-03
  0.109375000      0.546875000       7.62059120E-04  0.180032432       2.15955940E-03
  0.140625000      0.546875000      -2.01662211E-03  0.189378023       7.62659358E-04
  0.171875000      0.546875000      -5.00317942E-03  0.193287373      -1.03946682E-03
  0.203125000      0.546875000      -7.75052933E-03  0.193311319      -3.20238830E-03
  0.234375000      0.546875000      -1.00873047E-02  0.189942777      -5.67787699E-03
  0.265625000      0.546875000      -1.19832680E-02  0.183347985      -8.40052683E-03
  0.296875000      0.546875000      -1.34679265E-02  0.173642695      -1.12870336E-02
  0.328125000      0.546875000      -1.46009419E-02  0.160977170      -1.42389042E-02
  0.359375000      0.546875000      -1.54620027E-02  0.145562842      -1.71468668E-02
  0.390625000      0.546875000      -1.61459185E-02  0.127686992      -1.98971853E-02
  0.421875000      0.546875000      -1.67590827E-02  0.107722603      -2.23796759E-02
  0.453125000      0.546875000      -1.74159929E-02   8.61291289E-02  -2.44967099E-02
  0.484375000      0.546875000      -1.82349123E-02   6.34362027E-02  -2.61719786E-02
  0.515625000      0.546875000      -1.93318874E-02   4.02034074E-02  -2.73573212E-02
  0.546875000      0.546875000      -2.08133254E-02   1.69520732E-02  -2.80356556E-02
  0.578125000      0.546875000      -2.27789748E-02  -5.92090469E-03  -2.82189362E-02
  0.609375000      0.546875000      -2.53833383E-02  -2.81911343E-02  -2.80097984E-02
  0.640625000      0.546875000      -2.88546346E-02  -5.02097607E-02  -2.74113417E-02
  0.671875000      0.546875000      -3.34855579E-02  -7.26274550E-02  -2.64601875E-02
  0.703125000      0.546875000      -3.97561938E-02  -9.63672623E-02  -2.51904372E-02
  0.734375000      0.546875000      -4.81583700E-02 -0.123386778      -2.35962346E-02
  0.765625000      0.546875000      -5.86816370E-02 -0.156118602      -2.16181148E-02
  0.796875000      0.546875000      -7.03281611E-02 -0.196405455      -1.91622097E-02
  0.828125000      0.546875000      -8.08000416E-02 -0.243898451      -1.61560811E-02
  0.859375000      0.546875000      -8.66873339E-02 -0.294017583      -1.26673449E-02
  0.890625000      0.546875000      -8.41751248E-02 -0.335919380      -9.04914830E-03
  0.921875000      0.546875000      -7.01337159E-02 -0.349689662      -6.01857109E-03
  0.953125000      0.546875000      -4.41382602E-02 -0.301135898      -4.45956923E-03
  0.984375000      0.546875000      -1.41770840E-02 -0.136058316      -4.66662273E-03
   1.56250000E-02  0.578125000       1.39640900E-03   5.18313944E-02   2.62259413E-03
   4.68750000E-02  0.578125000       4.20300337E-03  0.121126950       2.54143681E-03
   7.81250000E-02  0.578125000       6.15498330E-03  0.160829514       2.09675427E-03
  0.109375000      0.578125000       6.49811374E-03  0.181490421       1.22046634E-03
  0.140625000      0.578125000       5.76341338E-03  0.191433519      -8.83192479E-05
  0.171875000      0.578125000       4.67904657E-03  0.195303977      -1.79864932E-03
  0.203125000      0.578125000       3.72475642E-03  0.194998771      -3.87420575E-03
  0.234375000      0.578125000       3.10176425E-03  0.191218883      -6.26542559E-03
  0.265625000      0.578125000       2.84641981E-03  0.184228405      -8.90897401E-03
  0.296875000      0.578125000       2.91024847E-03  0.174189717      -1.17249750E-02
  0.328125000      0.578125000       3.20148934E-03  0.161279798      -1.46176163E-02
  0.359375000      0.578125000       3.60368798E-03  0.145728022      -1.74790844E-02
  0.390625000      0.578125000       3.98516841E-03  0.127834022      -2.01957915E-02
  0.421875000      0.578125000       4.20612004E-03  0.107978135      -2.26564389E-02
  0.453125000      0.578125000       4.12598625E-03   8.66212770E-02  -2.47611254E-02
  0.484375000      0.578125000       3.61246313E-03   6.42871484E-02  -2.64303945E-02
  0.515625000      0.578125000       2.55212397E-03   4.15202156E-02  -2.76124924E-02
  0.546875000      0.578125000       8.61952198E-04   1.88169442E-02  -2.82867886E-02
  0.578125000      0.578125000      -1.48672855E-03  -3.46189970E-03  -2.84651071E-02
  0.609375000      0.578125000      -4.50235233E-03  -2.50212178E-02  -2.82569490E-02
  0.640625000      0.578125000      -8.29214230E-03  -4.61103246E-02  -2.76636817E-02
  0.671875000      0.578125000      -1.30725736E-02  -6.73080683E-02  -2.67218202E-02
  0.703125000      0.578125000      -1.93352066E-02  -8.91467482E-02  -2.55073272E-02
  0.734375000      0.578125000      -2.77896877E-02 -0.113744862      -2.40329932E-02
  0.765625000      0.578125000      -3.88972312E-02 -0.144124836      -2.22503114E-02
  0.796875000      0.578125000      -5.22485003E-02 -0.183397442      -2.00672112E-02
  0.828125000      0.578125000      -6.58483058E-02 -0.232831642      -1.73611604E-02
  0.859375000      0.578125000      -7.60667920E-02 -0.288976312      -1.41063482E-02
  0.890625000      0.578125000      -7.84212947E-02 -0.341116935      -1.05493236E-02
  0.921875000      0.578125000      -6.88063726E-02 -0.368147910      -7.35494681E-03
  0.953125000      0.578125000      -4.55595776E-02 -0.331920117      -5.49780391E-03
  0.984375000      0.578125000      -1.52798602E-02 -0.165515482      -5.51380310E-03
   1.56250000E-02  0.609375000       1.69879128E-03   4.87356409E-02   1.73697819E-03
   4.68750000E-02  0.609375000       5.55333402E-03  0.117560357       1.70166011E-03
   7.81250000E-02  0.609375000       9.21032298E-03  0.158785999       1.32527668E-03
  0.109375000      0.609375000       1.15163270E-02  0.180884182       5.41189918E-04
  0.140625000      0.609375000       1.27519034E-02  0.191539064      -6.56776829E-04
  0.171875000      0.609375000       1.35527151E-02  0.195483208      -2.24692142E-03
  0.203125000      0.609375000       1.43996608E-02  0.194929332      -4.19875700E-03
  0.234375000      0.609375000       1.55125847E-02  0.190802157      -6.47047115E-03
  0.265625000      0.609375000       1.69264525E-02  0.183491737      -9.00459569E-03
  0.296875000      0.609375000       1.85704827E-02  0.173225015      -1.17252134E-02
  0.328125000      0.609375000       2.03183964E-02  0.160213098      -1.45386970E-02
  0.359375000      0.609375000       2.20149383E-02  0.144704819      -1.73377097E-02
  0.390625000      0.609375000       2.34905202E-02  0.127009854      -2.00077854E-02
  0.421875000      0.609375000       2.45720223E-02  0.107510135      -2.24357396E-02
  0.453125000      0.609375000       2.50938144E-02   8.66582245E-02  -2.45191418E-02
  0.484375000      0.609375000       2.49106176E-02   6.49576038E-02  -2.61756852E-02
  0.515625000      0.609375000       2.39125788E-02   4.29186486E-02  -2.73507424E-02
  0.546875000      0.609375000       2.20425092E-02   2.09888760E-02  -2.80214548E-02
  0.578125000      0.609375000       1.93051733E-02  -5.38201479E-04  -2.81965472E-02
  0.609375000      0.609375000       1.58084966E-02  -2.14236099E-02  -2.79830433E-02
  0.640625000      0.609375000       1.15974639E-02  -4.16987985E-02  -2.73912959E-02
  0.671875000      0.609375000       6.42281072E-03  -6.17570207E-02  -2.64882352E-02
  0.703125000      0.609375000      -9.75948060E-05  -8.19081515E-02  -2.52956934E-02
  0.734375000      0.609375000      -8.51897057E-03 -0.104101896      -2.38892809E-02
  0.765625000      0.609375000      -1.97096970E-02 -0.131464764      -2.22240277E-02
  0.796875000      0.609375000      -3.40295024E-02 -0.168382600      -2.02577412E-02
  0.828125000      0.609375000      -5.00870794E-02 -0.218186125      -1.78298429E-02
  0.859375000      0.609375000      -6.42711446E-02 -0.279217124      -1.48280794E-02
  0.890625000      0.609375000      -7.14772791E-02 -0.341314137      -1.13792513E-02
  0.921875000      0.609375000      -6.65554777E-02 -0.382486910      -8.06481950E-03
  0.953125000      0.609375000      -4.64773364E-02 -0.360906243      -5.91778243E-03
  0.984375000      0.609375000      -1.62456501E-02 -0.197041214      -5.72246872E-03
   1.56250000E-02  0.640625000       1.88708771E-03   4.51492518E-02   1.06774515E-03
   4.68750000E-02  0.640625000       6.52338425E-03  0.112654790       1.07730401E-03
   7.81250000E-02  0.640625000       1.16047934E-02  0.154952109       7.81851937E-04
  0.109375000      0.640625000       1.56658944E-02  0.178350359       1.14957315E-04
  0.140625000      0.640625000       1.87590010E-02  0.189744323      -9.41011123E-04
  0.171875000      0.640625000       2.14052498E-02  0.193831980      -2.37762532E-03
  0.203125000      0.640625000       2.40538307E-02  0.193087265      -4.17474890E-03
  0.234375000      0.640625000       2.69219615E-02  0.188666672      -6.29927451E-03
  0.265625000      0.640625000       3.00330520E-02  0.181107104      -8.70031584E-03
  0.296875000      0.640625000       3.32895964E-02  0.170715243      -1.13063017E-02
  0.328125000      0.640625000       3.65290754E-02  0.157742888      -1.40257962E-02
  0.359375000      0.640625000       3.95575985E-02  0.142458469      -1.67518482E-02
  0.390625000      0.640625000       4.21698242E-02  0.125177801      -1.93689894E-02
  0.421875000      0.640625000       4.41635251E-02  0.106277004      -2.17620879E-02
  0.453125000      0.640625000       4.53534126E-02   8.61900225E-02  -2.38261372E-02
  0.484375000      0.640625000       4.55854908E-02   6.53873831E-02  -2.54756846E-02
  0.515625000      0.640625000       4.47502397E-02   4.43325005E-02  -2.66522653E-02
  0.546875000      0.640625000       4.27907072E-02   2.34146342E-02  -2.73281038E-02
  0.578125000      0.640625000       3.97079438E-02   2.86566303E-03  -2.75049210E-02
  0.609375000      0.640625000       3.56366709E-02  -1.72505938E-02  -2.72909049E-02
  0.640625000      0.640625000       3.06957252E-02  -3.67116220E-02  -2.66845357E-02
  0.671875000      0.640625000       2.48343647E-02  -5.57008088E-02  -2.57492512E-02
  0.703125000      0.640625000       1.79634579E-02  -7.45665729E-02  -2.45489143E-02
  0.734375000      0.640625000       9.64335725E-03  -9.46964771E-02  -2.31684949E-02
  0.765625000      0.640625000      -1.36776315E-03 -0.118663818      -2.16183923E-02
  0.796875000      0.640625000      -1.60635486E-02 -0.152164400      -1.97993573E-02
  0.828125000      0.640625000      -3.38216051E-02 -0.200586036      -1.75937377E-02
  0.859375000      0.640625000      -5.14624715E-02 -0.264990449      -1.48224197E-02
  0.890625000      0.640625000      -6.34003654E-02 -0.336395741      -1.14848949E-02
  0.921875000      0.640625000      -6.33890778E-02 -0.392338097      -8.05494562E-03
  0.953125000      0.640625000      -4.68870178E-02 -0.387635559      -5.59929525E-03
  0.984375000      0.640625000      -1.70720052E-02 -0.230359152      -5.16144186E-03
   1.56250000E-02  0.671875000       1.95252965E-03   4.13091220E-02   5.97620383E-04
   4.68750000E-02  0.671875000       7.06403516E-03  0.106745981       6.48456102E-04
   7.81250000E-02  0.671875000       1.32249966E-02  0.149617434       4.45943733E-04
  0.109375000      0.671875000       1.87754631E-02  0.174072742      -7.53203567E-05
  0.140625000      0.671875000       2.35739201E-02  0.186130285      -9.51353926E-04
  0.171875000      0.671875000       2.80094333E-02  0.190365046      -2.19517876E-03
  0.203125000      0.671875000       3.24623138E-02  0.189454600      -3.80304339E-03
  0.234375000      0.671875000       3.71160656E-02  0.184780508      -5.75296953E-03
  0.265625000      0.671875000       4.19653207E-02  0.177037239      -8.00104067E-03
  0.296875000      0.671875000       4.68785129E-02  0.166620985      -1.04794204E-02
  0.328125000      0.671875000       5.16552925E-02  0.153827742      -1.30979121E-02
  0.359375000      0.671875000       5.60650118E-02  0.138943315      -1.57489646E-02
  0.390625000      0.671875000       5.98709770E-02  0.122283593      -1.83152966E-02
  0.421875000      0.671875000       6.28478900E-02  0.104210109      -2.06792019E-02
  0.453125000      0.671875000       6.47970513E-02   8.51277858E-02  -2.27325335E-02
  0.484375000      0.671875000       6.55601025E-02   6.54645711E-02  -2.43860669E-02
  0.515625000      0.671875000       6.50279075E-02   4.56327759E-02  -2.55766809E-02
  0.546875000      0.671875000       6.31380230E-02   2.59734783E-02  -2.62706280E-02
  0.578125000      0.671875000       5.98652363E-02   6.67160982E-03  -2.64610071E-02
  0.609375000      0.671875000       5.53425625E-02  -1.24539342E-02  -2.62455456E-02
  0.640625000      0.671875000       4.97045629E-02  -3.09214033E-02  -2.56295353E-02
  0.671875000      0.671875000       4.29706015E-02  -4.88886312E-02  -2.46681571E-02
  0.703125000      0.671875000       3.51715125E-02  -6.67025894E-02  -2.34311875E-02
  0.734375000      0.671875000       2.61904038E-02  -8.52540731E-02  -2.19950583E-02
  0.765625000      0.671875000       1.55436117E-02 -0.106444180      -2.04196014E-02
  0.796875000      0.671875000       1.39453309E-03 -0.135536075      -1.87538005E-02
  0.828125000      0.671875000      -1.72607973E-02 -0.180798829      -1.67143494E-02
  0.859375000      0.671875000      -3.77028547E-02 -0.246693462      -1.41140893E-02
  0.890625000      0.671875000      -5.41372001E-02 -0.326319993      -1.08412579E-02
  0.921875000      0.671875000      -5.92194945E-02 -0.397343010      -7.24189728E-03
  0.953125000      0.671875000      -4.67263237E-02 -0.411626577      -4.40737279E-03
  0.984375000      0.671875000      -1.77393798E-02 -0.265170962      -3.67050432E-03
   1.56250000E-02  0.703125000       1.88233668E-03   3.74736935E-02   2.99862819E-04
   4.68750000E-02  0.703125000       7.11019430E-03  0.100240782       3.85778141E-04
   7.81250000E-02  0.703125000       1.39287692E-02  0.143141776       2.88817100E-04
  0.109375000      0.703125000       2.06409264E-02  0.168284774      -5.34926075E-05
  0.140625000      0.703125000       2.69589387E-02  0.180801347      -7.04722479E-04
  0.171875000      0.703125000       3.31220552E-02  0.185095668      -1.71090406E-03
  0.203125000      0.703125000       3.93969342E-02  0.183997482      -3.09267850E-03
  0.234375000      0.703125000       4.58914004E-02  0.179091811      -4.84233629E-03
  0.265625000      0.703125000       5.25451377E-02  0.171226561      -6.92272838E-03
  0.296875000      0.703125000       5.91807887E-02  0.160887659      -9.26800072E-03
  0.328125000      0.703125000       6.55578822E-02  0.148413241      -1.17870430E-02
  0.359375000      0.703125000       7.14120865E-02  0.134101048      -1.43697672E-02
  0.390625000      0.703125000       7.64811486E-02  0.118258916      -1.68955401E-02
  0.421875000      0.703125000       8.05233419E-02  0.101224467      -1.92429349E-02
  0.453125000      0.703125000       8.33324194E-02   8.33644569E-02  -2.12997925E-02
  0.484375000      0.703125000       8.47497284E-02   6.50570542E-02  -2.29724236E-02
  0.515625000      0.703125000       8.46716911E-02   4.66600284E-02  -2.41926350E-02
  0.546875000      0.703125000       8.30502138E-02   2.84668207E-02  -2.49215644E-02
  0.578125000      0.703125000       7.98811093E-02   1.06289256E-02  -2.51498912E-02
  0.609375000      0.703125000       7.51107484E-02  -7.11001875E-03  -2.49067564E-02
  0.640625000      0.703125000       6.88178316E-02  -2.43269186E-02  -2.42984053E-02
  0.671875000      0.703125000       6.12017289E-02  -4.11264487E-02  -2.33170670E-02
  0.703125000      0.703125000       5.23575023E-02  -5.78158125E-02  -2.20354088E-02
  0.734375000      0.703125000       4.23042700E-02  -7.51019046E-02  -2.05296185E-02
  0.765625000      0.703125000       3.08921076E-02  -9.45338905E-02  -1.88703761E-02
  0.796875000      0.703125000       1.74054578E-02 -0.119808227      -1.71100590E-02
  0.828125000      0.703125000      -6.27042726E-04 -0.159837455      -1.52486628E-02
  0.859375000      0.703125000      -2.29317211E-02 -0.224907622      -1.27496198E-02
  0.890625000      0.703125000      -4.34731580E-02 -0.311130345      -9.44327097E-03
  0.921875000      0.703125000      -5.38036302E-02 -0.397120833      -5.53909410E-03
  0.953125000      0.703125000      -4.58307937E-02 -0.432316184      -2.16925191E-03
  0.984375000      0.703125000      -1.81947760E-02 -0.301105797      -1.02924323E-03
   1.56250000E-02  0.734375000       1.64610147E-03   3.39446068E-02   1.39858981E-04
   4.68750000E-02  0.734375000       6.54788734E-03   9.36387479E-02   2.52660306E-04
   7.81250000E-02  0.734375000       1.35102328E-02  0.135961294       2.77694664E-04
  0.109375000      0.734375000       2.10017227E-02  0.161260217       1.55487243E-04
  0.140625000      0.734375000       2.86396220E-02  0.173869014      -2.18517380E-04
  0.171875000      0.734375000       3.64845693E-02  0.178019598      -9.37945442E-04
  0.203125000      0.734375000       4.46322933E-02  0.176651433      -2.05702987E-03
  0.234375000      0.734375000       5.30612618E-02  0.171515897      -3.58519424E-03
  0.265625000      0.734375000       6.16214946E-02  0.163591117      -5.49068023E-03
  0.296875000      0.734375000       7.00740069E-02  0.153438747      -7.70641165E-03
  0.328125000      0.734375000       7.81352893E-02  0.141428769      -1.01369657E-02
  0.359375000      0.734375000       8.55114609E-02  0.127861261      -1.26668653E-02
  0.390625000      0.734375000       9.19217542E-02  0.113026448      -1.51700368E-02
  0.421875000      0.734375000       9.71151143E-02   9.72292572E-02  -1.75198950E-02
  0.453125000      0.734375000      0.100882873       8.07912797E-02  -1.95992999E-02
  0.484375000      0.734375000      0.103067711       6.40368313E-02  -2.13093609E-02
  0.515625000      0.734375000      0.103567205       4.72675860E-02  -2.25760508E-02
  0.546875000      0.734375000      0.102328286       3.07282656E-02  -2.33537592E-02
  0.578125000      0.734375000       9.93214771E-02   1.45515772E-02  -2.36251634E-02
  0.609375000      0.734375000       9.44485217E-02  -1.38174871E-03  -2.33963635E-02
  0.640625000      0.734375000       8.77842382E-02  -1.70911066E-02  -2.27892175E-02
  0.671875000      0.734375000       7.95363113E-02  -3.24922539E-02  -2.17891484E-02
  0.703125000      0.734375000       6.98039234E-02  -4.78684381E-02  -2.04580575E-02
  0.734375000      0.734375000       5.86734712E-02  -6.38617426E-02  -1.88668575E-02
  0.765625000      0.734375000       4.61637527E-02  -8.18494856E-02  -1.70851033E-02
  0.796875000      0.734375000       3.20407152E-02 -0.104881436      -1.51659716E-02
  0.828125000      0.734375000       1.51359411E-02 -0.139826596      -1.31141096E-02
  0.859375000      0.734375000      -6.97726198E-03 -0.200501204      -1.07973833E-02
  0.890625000      0.734375000      -3.09680253E-02 -0.291005939      -7.28877634E-03
  0.921875000      0.734375000      -4.66516390E-02 -0.391233087      -2.82994448E-03
  0.953125000      0.734375000      -4.38660979E-02 -0.448964655       1.36954791E-03
  0.984375000      0.734375000      -1.83300748E-02 -0.337631643       3.10116750E-03
   1.56250000E-02  0.765625000       1.15919067E-03   3.11385356E-02   7.43431519E-05
   4.68750000E-02  0.765625000       5.13796508E-03   8.75624642E-02   2.08306024E-04
   7.81250000E-02  0.765625000       1.16349999E-02  0.128576174       3.82438069E-04
  0.109375000      0.765625000       1.95065495E-02  0.153280377       5.33491955E-04
  0.140625000      0.765625000       2.82970257E-02  0.165418833       4.96221357E-04
  0.171875000      0.765625000       3.78316045E-02  0.169089079       1.13513146E-04
  0.203125000      0.765625000       4.79614511E-02  0.167303890      -7.11074506E-04
  0.234375000      0.765625000       5.84716499E-02  0.161924630      -2.00527790E-03
  0.265625000      0.765625000       6.90827072E-02  0.154012501      -3.73932882E-03
  0.296875000      0.765625000       7.94770569E-02  0.144173086      -5.84004167E-03
  0.328125000      0.765625000       8.93264785E-02  0.132787511      -8.20315816E-03
  0.359375000      0.765625000       9.83136967E-02  0.120144039      -1.07043926E-02
  0.390625000      0.765625000      0.106148139      0.106504872      -1.32099204E-02
  0.421875000      0.765625000      0.112577647       9.21347588E-02  -1.55866100E-02
  0.453125000      0.765625000      0.117397070       7.73060173E-02  -1.77115761E-02
  0.484375000      0.765625000      0.120453387       6.22887611E-02  -1.94803551E-02
  0.515625000      0.765625000      0.121645249       4.73322645E-02  -2.08129138E-02
  0.546875000      0.765625000      0.120913647       3.26419398E-02  -2.16567237E-02
  0.578125000      0.765625000      0.118216023       1.83497965E-02  -2.19862498E-02
  0.609375000      0.765625000      0.113474593       4.44130227E-03  -2.17972714E-02
  0.640625000      0.765625000      0.106727719      -9.49685462E-03  -2.11953409E-02
  0.671875000      0.765625000       9.81231928E-02  -2.32288241E-02  -2.01853625E-02
  0.703125000      0.765625000       8.77704769E-02  -3.70426252E-02  -1.88053623E-02
  0.734375000      0.765625000       7.57810995E-02  -5.15647456E-02  -1.71161108E-02
  0.765625000      0.765625000       6.22523203E-02  -6.81062490E-02  -1.51763670E-02
  0.796875000      0.765625000       4.72004898E-02  -8.94493610E-02  -1.30284596E-02
  0.828125000      0.765625000       3.02849915E-02 -0.121439219      -1.06724761E-02
  0.859375000      0.765625000       9.42385010E-03 -0.175916180      -8.03207792E-03
  0.890625000      0.765625000      -1.58217493E-02 -0.266357362      -4.32934938E-03
  0.921875000      0.765625000      -3.68795544E-02 -0.379143566       1.08488137E-03
  0.953125000      0.765625000      -4.02179658E-02 -0.460505038       6.62379805E-03
  0.984375000      0.765625000      -1.79427415E-02 -0.373905867       9.28254984E-03
   1.56250000E-02  0.796875000       2.14416476E-04   2.97639910E-02   4.07692642E-05
   4.68750000E-02  0.796875000       2.37692753E-03   8.27935711E-02   2.15062231E-04
   7.81250000E-02  0.796875000       7.73976976E-03  0.121482730       5.87045739E-04
  0.109375000      0.796875000       1.56829022E-02  0.144556656       1.07892626E-03
  0.140625000      0.796875000       2.55782008E-02  0.155454367       1.44036696E-03
  0.171875000      0.796875000       3.69197279E-02  0.158175290       1.43865554E-03
  0.203125000      0.796875000       4.92313728E-02  0.155774564       9.28554335E-04
  0.234375000      0.796875000       6.20347634E-02  0.150139496      -1.33790280E-04
  0.265625000      0.796875000       7.48835802E-02  0.142337874      -1.71430851E-03
  0.296875000      0.796875000       8.73705298E-02  0.132967621      -3.72714829E-03
  0.328125000      0.796875000       9.91262868E-02  0.122390166      -6.05408475E-03
  0.359375000      0.796875000      0.109820195      0.110863812      -8.55857134E-03
  0.390625000      0.796875000      0.119163305       9.86122042E-02  -1.10970456E-02
  0.421875000      0.796875000      0.126912504       8.58543143E-02  -1.35288630E-02
  0.453125000      0.796875000      0.132874310       7.28115439E-02  -1.57251116E-02
  0.484375000      0.796875000      0.136906475       5.97015470E-02  -1.75759364E-02
  0.515625000      0.796875000      0.138916135       4.67249714E-02  -1.89958569E-02
  0.546875000      0.796875000      0.138853803       3.40501256E-02  -1.99266411E-02
  0.578125000      0.796875000      0.136704504       2.17951555E-02  -2.03378927E-02
  0.609375000      0.796875000      0.132470012       9.97795351E-03  -2.02264190E-02
  0.640625000      0.796875000      0.125985652      -1.79692963E-03  -1.96160860E-02
  0.671875000      0.796875000      0.117310911      -1.36450808E-02  -1.86093859E-02
  0.703125000      0.796875000      0.106715411      -2.56748777E-02  -1.71878152E-02
  0.734375000      0.796875000       9.42881703E-02  -3.85138169E-02  -1.53940544E-02
  0.765625000      0.796875000       8.01192522E-02  -5.34587651E-02  -1.32623874E-02
  0.796875000      0.796875000       6.42886013E-02  -7.32150525E-02  -1.08003132E-02
  0.828125000      0.796875000       4.67748009E-02 -0.103246301      -7.95331411E-03
  0.859375000      0.796875000       2.70401109E-02 -0.153516650      -4.55318438E-03
  0.890625000      0.796875000       2.40469771E-03 -0.238880336      -2.96567014E-04
  0.921875000      0.796875000      -2.29751691E-02 -0.360188007       6.57187775E-03
  0.953125000      0.796875000      -3.38049978E-02 -0.465297818       1.42945629E-02
  0.984375000      0.796875000      -1.66737624E-02 -0.408524454       1.84826348E-02
   1.56250000E-02  0.828125000      -1.43211847E-03   3.09805758E-02  -2.82626734E-05
   4.68750000E-02  0.828125000      -2.54307222E-03   8.05228502E-02   1.91375409E-04
   7.81250000E-02  0.828125000       8.88525508E-04  0.114956021       9.08494694E-04
  0.109375000      0.828125000       8.94506089E-03  0.135080576       1.81392604E-03
  0.140625000      0.828125000       2.01588310E-02  0.143818155       2.62522651E-03
  0.171875000      0.828125000       3.36073861E-02  0.145018250       3.03448853E-03
  0.203125000      0.828125000       4.84287664E-02  0.141795754       2.83857901E-03
  0.234375000      0.828125000       6.38104305E-02  0.135931045       1.98512804E-03
  0.265625000      0.828125000       7.91196600E-02  0.128386959       5.22698159E-04
  0.296875000      0.828125000       9.38658714E-02  0.119685151      -1.44246500E-03
  0.328125000      0.828125000      0.107653856      0.110129863      -3.77335213E-03
  0.359375000      0.828125000      0.120156065       9.99301672E-02  -6.31858408E-03
  0.390625000      0.828125000      0.131100208       8.92619193E-02  -8.92376062E-03
  0.421875000      0.828125000      0.140265107       7.82948211E-02  -1.14405230E-02
  0.453125000      0.828125000      0.147479862       6.71996474E-02  -1.37342801E-02
  0.484375000      0.828125000      0.152622879       5.61439991E-02  -1.56904217E-02
  0.515625000      0.828125000      0.155619413       4.52823639E-02  -1.72188170E-02
  0.546875000      0.828125000      0.156436667       3.47438753E-02  -1.82561018E-02
  0.578125000      0.828125000      0.155076444       2.46167202E-02  -1.87659431E-02
  0.609375000      0.828125000      0.151557013       1.49155855E-02  -1.87371895E-02
  0.640625000      0.828125000      0.145836830       5.47449850E-03  -1.81779526E-02
  0.671875000      0.828125000      0.137810737      -4.21211682E-03  -1.71546470E-02
  0.703125000      0.828125000      0.127628982      -1.43281454E-02  -1.57044828E-02
  0.734375000      0.828125000      0.115515508      -2.53187101E-02  -1.38077009E-02
  0.765625000      0.828125000      0.101497605      -3.84673849E-02  -1.14572477E-02
  0.796875000      0.828125000       8.56056958E-02  -5.64857125E-02  -8.59325845E-03
  0.828125000      0.828125000       6.78491220E-02  -8.47086459E-02  -5.05000679E-03
  0.859375000      0.828125000       4.79670763E-02 -0.132442445      -4.65826073E-04
  0.890625000      0.828125000       2.49483325E-02 -0.212306589       5.75374905E-03
  0.921875000      0.828125000      -2.62619648E-03 -0.333814502       1.41318664E-02
  0.953125000      0.828125000      -2.27299035E-02 -0.460745305       2.55392604E-02
  0.984375000      0.828125000      -1.38718365E-02 -0.439072728       3.23940739E-02
   1.56250000E-02  0.859375000      -4.26520873E-03   3.66765894E-02  -2.08470272E-04
   4.68750000E-02  0.859375000      -1.04060974E-02   8.20756331E-02   9.65934887E-05
   7.81250000E-02  0.859375000      -9.74618457E-03  0.109308131       1.26237993E-03
  0.109375000      0.859375000      -1.40237575E-03  0.124324247       2.74692336E-03
  0.140625000      0.859375000       1.19212586E-02  0.130032897       4.05202620E-03
  0.171875000      0.859375000       2.81243157E-02  0.129147545       4.88697598E-03
  0.203125000      0.859375000       4.59732972E-02  0.124991946       4.97756572E-03
  0.234375000      0.859375000       6.43005520E-02  0.119022325       4.28488851E-03
  0.265625000      0.859375000       8.23262185E-02  0.111957997       2.88732583E-03
  0.296875000      0.859375000       9.95190889E-02  0.104173325       9.19114682E-04
  0.328125000      0.859375000      0.115491226       9.58811045E-02  -1.46091101E-03
  0.359375000      0.859375000      0.129943073       8.72256756E-02  -4.08576382E-03
  0.390625000      0.859375000      0.142638281       7.83290565E-02  -6.79048058E-03
  0.421875000      0.859375000      0.153393507       6.93106502E-02  -9.41973925E-03
  0.453125000      0.859375000      0.162074447       6.02921434E-02  -1.18342135E-02
  0.484375000      0.859375000      0.168593794       5.13938218E-02  -1.39156021E-02
  0.515625000      0.859375000      0.172908410       4.27264795E-02  -1.55701376E-02
  0.546875000      0.859375000      0.175015122       3.43810171E-02  -1.67302079E-02
  0.578125000      0.859375000      0.174944535       2.64154021E-02  -1.73540022E-02
  0.609375000      0.859375000      0.172751188       1.88342258E-02  -1.74232796E-02
  0.640625000      0.859375000      0.168487996       1.15430206E-02  -1.69392210E-02
  0.671875000      0.859375000      0.162071079       4.16519120E-03  -1.59166269E-02
  0.703125000      0.859375000      0.153389961      -3.84090049E-03  -1.44058410E-02
  0.734375000      0.859375000      0.142664999      -1.29672131E-02  -1.24143772E-02
  0.765625000      0.859375000      0.130036443      -2.41736993E-02  -9.82758868E-03
  0.796875000      0.859375000      0.115380548      -4.02345359E-02  -6.46732282E-03
  0.828125000      0.859375000       9.85628217E-02  -6.63901940E-02  -1.97862973E-03
  0.859375000      0.859375000       7.90762305E-02 -0.111398675       4.31801518E-03
  0.890625000      0.859375000       5.55750020E-02 -0.186838433       1.34562962E-02
  0.921875000      0.859375000       2.61750445E-02 -0.302317500       2.62869634E-02
  0.953125000      0.859375000      -3.39697674E-03 -0.442576438       4.22420688E-02
  0.984375000      0.859375000      -8.27850308E-03 -0.461226523       5.40131927E-02
   1.56250000E-02  0.890625000      -9.09596682E-03   5.00362180E-02  -8.81335582E-04
   4.68750000E-02  0.890625000      -2.23270170E-02   8.80843699E-02  -2.70489400E-04
   7.81250000E-02  0.890625000      -2.39608232E-02  0.104269028       1.63282873E-03
  0.109375000      0.890625000      -1.44167393E-02  0.111470744       3.87030980E-03
  0.140625000      0.890625000       2.17731390E-03  0.112963490       5.68231940E-03
  0.171875000      0.890625000       2.24166848E-02  0.109768972       6.95262477E-03
  0.203125000      0.890625000       4.40790802E-02  0.104853660       7.27042696E-03
  0.234375000      0.890625000       6.58388361E-02   9.90685970E-02   6.66704215E-03
  0.265625000      0.890625000       8.69309753E-02   9.27897319E-02   5.26955351E-03
  0.296875000      0.890625000      0.106872350       8.62042457E-02   3.24466941E-03
  0.328125000      0.890625000      0.125331566       7.94170052E-02   7.72792497E-04
  0.359375000      0.890625000      0.142067313       7.25016892E-02  -1.96504313E-03
  0.390625000      0.890625000      0.156900376       6.55255616E-02  -4.79502603E-03
  0.421875000      0.890625000      0.169701904       5.85593805E-02  -7.55643938E-03
  0.453125000      0.890625000      0.180388689       5.16786315E-02  -1.01066064E-02
  0.484375000      0.890625000      0.188920856       4.49595600E-02  -1.23247672E-02
  0.515625000      0.890625000      0.195298791       3.84724401E-02  -1.41146891E-02
  0.546875000      0.890625000      0.199558675       3.22729498E-02  -1.54055255E-02
  0.578125000      0.890625000      0.201765567       2.63914913E-02  -1.61507390E-02
  0.609375000      0.890625000      0.202003375       2.08176076E-02  -1.63249634E-02
  0.640625000      0.890625000      0.200357407       1.54720061E-02  -1.59184635E-02
  0.671875000      0.890625000      0.196871221       1.01415310E-02  -1.49282673E-02
  0.703125000      0.890625000      0.191414833       4.32129577E-03  -1.33418255E-02
  0.734375000      0.890625000      0.183777034      -2.76702805E-03  -1.11622848E-02
  0.765625000      0.890625000      0.174078226      -1.20485481E-02  -8.33436102E-03
  0.796875000      0.890625000      0.162348300      -2.59777494E-02  -4.35123406E-03
  0.828125000      0.890625000      0.148048460      -4.95352969E-02   1.43980817E-03
  0.859375000      0.890625000      0.129840970      -9.05674174E-02   1.02250893E-02
  0.890625000      0.890625000      0.105052836     -0.159390166       2.37723887E-02
  0.921875000      0.890625000       7.05216751E-02 -0.265845895       4.36427295E-02
  0.953125000      0.890625000       2.79785246E-02 -0.406944811       6.85390979E-02
  0.984375000      0.890625000       2.75044702E-03 -0.466758817       8.86157677E-02
   1.56250000E-02  0.921875000      -1.58849023E-02   7.50152990E-02  -3.25603224E-03
   4.68750000E-02  0.921875000      -3.61043289E-02   9.65516418E-02  -1.41982595E-03
   7.81250000E-02  0.921875000      -3.59046385E-02   9.72309113E-02   1.87436864E-03
  0.109375000      0.921875000      -2.16365382E-02   9.46910977E-02   5.14092389E-03
  0.140625000      0.921875000       7.93284271E-04   9.07130167E-02   7.53295003E-03
  0.171875000      0.921875000       2.67729945E-02   8.57936740E-02   9.15979687E-03
  0.203125000      0.921875000       5.32563254E-02   8.06765258E-02   9.60707292E-03
  0.234375000      0.921875000       7.92154297E-02   7.55206048E-02   9.01117455E-03
  0.265625000      0.921875000      0.104079828       7.03757554E-02   7.55241886E-03
  0.296875000      0.921875000      0.127496138       6.52562305E-02   5.42736147E-03
  0.328125000      0.921875000      0.149231225       6.01677224E-02   2.83412868E-03
  0.359375000      0.921875000      0.169125378       5.51194809E-02  -3.56329620E-05
  0.390625000      0.921875000      0.187070340       5.01295328E-02  -3.00193857E-03
  0.421875000      0.921875000      0.202999830       4.52254266E-02  -5.90066332E-03
  0.453125000      0.921875000      0.216885746       4.04419973E-02  -8.58728960E-03
  0.484375000      0.921875000      0.228735447       3.58172990E-02  -1.09398421E-02
  0.515625000      0.921875000      0.238588706       3.13870683E-02  -1.28607657E-02
  0.546875000      0.921875000      0.246512532       2.71784794E-02  -1.42770670E-02
  0.578125000      0.921875000      0.252593249       2.32021753E-02  -1.51385292E-02
  0.609375000      0.921875000      0.256924838       1.94410011E-02  -1.54134221E-02
  0.640625000      0.921875000      0.259591490       1.58307180E-02  -1.50809912E-02
  0.671875000      0.921875000      0.260639548       1.22227408E-02  -1.41190477E-02
  0.703125000      0.921875000      0.260029554       8.30700062E-03  -1.24834301E-02
  0.734375000      0.921875000      0.257516444       3.39721143E-03  -1.00719910E-02
  0.765625000      0.921875000      0.252789229      -3.78934573E-03  -6.79006707E-03
  0.796875000      0.921875000      0.245625511      -1.53479129E-02  -1.97311398E-03
  0.828125000      0.921875000      0.235031128      -3.52778025E-02   5.65318810E-03
  0.859375000      0.921875000      0.218221545      -6.98170662E-02   1.79713964E-02
  0.890625000      0.921875000      0.190369040     -0.127511233       3.78305651E-02
  0.921875000      0.921875000      0.145585254     -0.218422860       6.81415349E-02
  0.953125000      0.921875000       8.18747133E-02 -0.348127902      0.108319670    
  0.984375000      0.921875000       2.27642544E-02 -0.441248894      0.144255295    
   1.56250000E-02  0.953125000      -1.66982673E-02  0.107596502      -1.07596498E-02
   4.68750000E-02  0.953125000      -2.75727473E-02   9.50597972E-02  -3.74293583E-03
   7.81250000E-02  0.953125000      -8.22126865E-03   7.91660547E-02   2.09433073E-03
  0.109375000      0.953125000       2.14991048E-02   6.87611848E-02   6.59679435E-03
  0.140625000      0.953125000       5.44056445E-02   6.12994693E-02   9.71472170E-03
  0.171875000      0.953125000       8.77354890E-02   5.58900163E-02   1.14741903E-02
  0.203125000      0.953125000      0.120434821       5.13897985E-02   1.19259739E-02
  0.234375000      0.953125000      0.151856184       4.74195704E-02   1.12592727E-02
  0.265625000      0.953125000      0.181675404       4.37867381E-02   9.69122536E-03
  0.296875000      0.953125000      0.209717244       4.03818488E-02   7.43928179E-03
  0.328125000      0.953125000      0.235879689       3.71406823E-02   4.71284613E-03
  0.359375000      0.953125000      0.260102689       3.40269767E-02   1.70953223E-03
  0.390625000      0.953125000      0.282355398       3.10233813E-02  -1.38775690E-03
  0.421875000      0.953125000      0.302631855       2.81259492E-02  -4.41372301E-03
  0.453125000      0.953125000      0.320949376       2.53395960E-02  -7.22355209E-03
  0.484375000      0.953125000      0.337347448       2.26743389E-02  -9.69525427E-03
  0.515625000      0.953125000      0.351886034       2.01413017E-02  -1.17309559E-02
  0.546875000      0.953125000      0.364641309       1.77485831E-02  -1.32565852E-02
  0.578125000      0.953125000      0.375699341       1.54967420E-02  -1.42193530E-02
  0.609375000      0.953125000      0.385145843       1.33715849E-02  -1.45823956E-02
  0.640625000      0.953125000      0.393049300       1.13325510E-02  -1.43149607E-02
  0.671875000      0.953125000      0.399434626       9.28911380E-03  -1.33753382E-02
  0.703125000      0.953125000      0.404241383       7.04403175E-03  -1.16801970E-02
  0.734375000      0.953125000      0.407272518       4.14076122E-03  -9.04893875E-03
  0.765625000      0.953125000      0.408101797      -6.38059340E-04  -5.10179624E-03
  0.796875000      0.953125000      0.405661583      -8.90047103E-03   1.08321419E-03
  0.828125000      0.953125000      0.397547603      -2.30246224E-02   1.12156235E-02
  0.859375000      0.953125000      0.379295379      -4.70184535E-02   2.80659962E-02
  0.890625000      0.953125000      0.343743742      -8.69180411E-02   5.58316633E-02
  0.921875000      0.953125000      0.281055212     -0.151557744       9.95998234E-02
  0.953125000      0.953125000      0.181806609     -0.252048343      0.162095368    
  0.984375000      0.953125000       6.10329397E-02 -0.357456684      0.229474753    
   1.56250000E-02  0.984375000       6.21462688E-02   6.21468835E-02  -2.84754820E-02
   4.68750000E-02  0.984375000      0.168908969       4.46173400E-02  -3.15800891E-03
   7.81250000E-02  0.984375000      0.246342719       3.28184105E-02   5.60160447E-03
  0.109375000      0.984375000      0.305442154       2.62833685E-02   1.01999864E-02
  0.140625000      0.984375000      0.354014635       2.22918168E-02   1.29672121E-02
  0.171875000      0.984375000      0.395939469       1.96359884E-02   1.43698677E-02
  0.203125000      0.984375000      0.433224648       1.76522173E-02   1.45340804E-02
  0.234375000      0.984375000      0.466913879       1.60398539E-02   1.36306984E-02
  0.265625000      0.984375000      0.497603118       1.46519737E-02   1.18603185E-02
  0.296875000      0.984375000      0.525662959       1.34099880E-02   9.43056867E-03
  0.328125000      0.984375000      0.551340342       1.22689903E-02   6.54491968E-03
  0.359375000      0.984375000      0.574810922       1.12026585E-02   3.39698116E-03
  0.390625000      0.984375000      0.596208870       1.01958308E-02   1.66657454E-04
  0.421875000      0.984375000      0.615645230       9.24061704E-03  -2.98313238E-03
  0.453125000      0.984375000      0.633219957       8.33373051E-03  -5.90944663E-03
  0.484375000      0.984375000      0.649029076       7.47474330E-03  -8.49160179E-03
  0.515625000      0.984375000      0.663169384       6.66452805E-03  -1.06324144E-02
  0.546875000      0.984375000      0.675738633       5.90359839E-03  -1.22575751E-02
  0.578125000      0.984375000      0.686834157       5.19084791E-03  -1.33129302E-02
  0.609375000      0.984375000      0.696546912       4.52085724E-03  -1.37581229E-02
  0.640625000      0.984375000      0.704948604       3.88008868E-03  -1.35549828E-02
  0.671875000      0.984375000      0.712067842       3.23846657E-03  -1.26455612E-02
  0.703125000      0.984375000      0.717831016       2.52473354E-03  -1.09052230E-02
  0.734375000      0.984375000      0.721906781       1.55170436E-03  -8.02757405E-03
  0.765625000      0.984375000      0.723241091      -2.15839478E-04  -3.18741752E-03
  0.796875000      0.984375000      0.719688654      -3.33468802E-03   4.56817541E-03
  0.828125000      0.984375000      0.707777977      -8.57290253E-03   1.71750076E-02
  0.859375000      0.984375000      0.681876421      -1.73250679E-02   3.81614678E-02
  0.890625000      0.984375000      0.632676601      -3.18705104E-02   7.28064179E-02
  0.921875000      0.984375000      0.544774294      -5.60266823E-02  0.128170788    
  0.953125000      0.984375000      0.392587215      -9.61556882E-02  0.211459771    
  0.984375000      0.984375000      0.148214340     -0.148213103      0.323077708    
