 VARIABLES="X","Y","U","V","P"
 ZONE F=POINT, I=          32 , J=          32
   1.56250000E-02   1.56250000E-02   211791.266      -211797.500       21416532.0    
   4.68750000E-02   1.56250000E-02   630386.750      -206922.078       21390034.0    
   7.81250000E-02   1.56250000E-02   1034471.69      -197362.344       21337672.0    
  0.109375000       1.56250000E-02   1415228.00      -183595.688       21260640.0    
  0.140625000       1.56250000E-02   1764712.88      -166148.641       21160668.0    
  0.171875000       1.56250000E-02   2076335.12      -145756.016       21039944.0    
  0.203125000       1.56250000E-02   2344952.25      -123200.867       20901022.0    
  0.234375000       1.56250000E-02   2567015.75      -99298.5781       20746732.0    
  0.265625000       1.56250000E-02   2740701.00      -74848.9297       20580070.0    
  0.296875000       1.56250000E-02   2865653.50      -50572.0820       20404092.0    
  0.328125000       1.56250000E-02   2942815.25      -27140.4727       20221836.0    
  0.359375000       1.56250000E-02   2974457.00      -5131.15332       20036238.0    
  0.390625000       1.56250000E-02   2963911.25       15037.0166       19850050.0    
  0.421875000       1.56250000E-02   2915187.00       33027.8516       19665790.0    
  0.453125000       1.56250000E-02   2832777.00       48697.6992       19485708.0    
  0.484375000       1.56250000E-02   2721480.50       61886.9336       19311760.0    
  0.515625000       1.56250000E-02   2586276.75       72611.8906       19145596.0    
  0.546875000       1.56250000E-02   2432034.75       80888.8203       18988550.0    
  0.578125000       1.56250000E-02   2263465.50       86909.8750       18841664.0    
  0.609375000       1.56250000E-02   2084927.75       90835.1172       18705684.0    
  0.640625000       1.56250000E-02   1900317.00       92888.4922       18581108.0    
  0.671875000       1.56250000E-02   1713143.25       93357.8750       18468196.0    
  0.703125000       1.56250000E-02   1526371.75       92451.0938       18367008.0    
  0.734375000       1.56250000E-02   1342406.25       90519.9688       18277434.0    
  0.765625000       1.56250000E-02   1163057.00       87820.3359       18199234.0    
  0.796875000       1.56250000E-02   989573.000       84656.0703       18132072.0    
  0.828125000       1.56250000E-02   822546.000       81331.1016       18075552.0    
  0.859375000       1.56250000E-02   661975.312       78101.4453       18029264.0    
  0.890625000       1.56250000E-02   507475.469       75191.1641       17992812.0    
  0.921875000       1.56250000E-02   358260.812       72840.3438       17965834.0    
  0.953125000       1.56250000E-02   213081.641       71161.1328       17948032.0    
  0.984375000       1.56250000E-02   70658.3438       70297.9609       17939200.0    
   1.56250000E-02   4.68750000E-02   216662.781      -640266.250       21442998.0    
   4.68750000E-02   4.68750000E-02   644813.562      -625413.188       21415890.0    
   7.81250000E-02   4.68750000E-02   1057787.38      -596360.875       21362332.0    
  0.109375000       4.68750000E-02   1446427.25      -554429.500       21283578.0    
  0.140625000       4.68750000E-02   1802534.62      -501407.438       21181424.0    
  0.171875000       4.68750000E-02   2119262.00      -439452.062       21058150.0    
  0.203125000       4.68750000E-02   2391386.50      -370993.375       20916408.0    
  0.234375000       4.68750000E-02   2615342.50      -298510.188       20759130.0    
  0.265625000       4.68750000E-02   2789400.75      -224386.469       20589412.0    
  0.296875000       4.68750000E-02   2913334.25      -150926.953       20410400.0    
  0.328125000       4.68750000E-02   2988228.50      -80149.0469       20225216.0    
  0.359375000       4.68750000E-02   3016607.50      -13703.8281       20036868.0    
  0.390625000       4.68750000E-02   3002043.25       47154.3555       19848160.0    
  0.421875000       4.68750000E-02   2948822.00       101401.383       19661652.0    
  0.453125000       4.68750000E-02   2861611.50       148461.891       19479612.0    
  0.484375000       4.68750000E-02   2745371.75       188032.609       19304016.0    
  0.515625000       4.68750000E-02   2605257.50       220066.203       19136512.0    
  0.546875000       4.68750000E-02   2446313.25       244819.219       18978432.0    
  0.578125000       4.68750000E-02   2273394.00       262708.000       18830794.0    
  0.609375000       4.68750000E-02   2090890.62       274276.594       18694324.0    
  0.640625000       4.68750000E-02   1902825.75       280180.969       18569492.0    
  0.671875000       4.68750000E-02   1712693.75       281252.781       18456522.0    
  0.703125000       4.68750000E-02   1523523.50       278291.688       18355448.0    
  0.734375000       4.68750000E-02   1337766.75       272193.312       18266116.0    
  0.765625000       4.68750000E-02   1157185.75       263805.250       18188254.0    
  0.796875000       4.68750000E-02   983077.750       254071.312       18121488.0    
  0.828125000       4.68750000E-02   815986.625       243775.375       18065384.0    
  0.859375000       4.68750000E-02   655831.688       233829.500       18019500.0    
  0.890625000       4.68750000E-02   502211.625       224905.938       17983412.0    
  0.921875000       4.68750000E-02   354228.906       217628.953       17956728.0    
  0.953125000       4.68750000E-02   210537.781       212494.938       17939136.0    
  0.984375000       4.68750000E-02   69794.4609       209841.250       17930412.0    
   1.56250000E-02   7.81250000E-02   226636.547      -1083517.88       21496530.0    
   4.68750000E-02   7.81250000E-02   674279.562      -1058045.50       21468174.0    
   7.81250000E-02   7.81250000E-02   1105444.12      -1008248.38       21412178.0    
  0.109375000       7.81250000E-02   1510166.50      -936385.500       21329902.0    
  0.140625000       7.81250000E-02   1879671.75      -845619.875       21223300.0    
  0.171875000       7.81250000E-02   2206727.75      -739675.875       21094830.0    
  0.203125000       7.81250000E-02   2485870.25      -622823.375       20947350.0    
  0.234375000       7.81250000E-02   2713597.00      -499301.500       20784000.0    
  0.265625000       7.81250000E-02   2888257.00      -373270.969       20608074.0    
  0.296875000       7.81250000E-02   3009863.00      -248685.625       20422916.0    
  0.328125000       7.81250000E-02   3080011.00      -128924.070       20231816.0    
  0.359375000       7.81250000E-02   3101733.50      -16680.1250       20037916.0    
  0.390625000       7.81250000E-02   3078989.25       85798.8672       19844124.0    
  0.421875000       7.81250000E-02   3016468.50       176913.500       19653086.0    
  0.453125000       7.81250000E-02   2919383.50       255608.344       19467124.0    
  0.484375000       7.81250000E-02   2793061.50       321548.250       19288232.0    
  0.515625000       7.81250000E-02   2643041.75       374717.906       19118066.0    
  0.546875000       7.81250000E-02   2474656.75       415550.000       18957928.0    
  0.578125000       7.81250000E-02   2292905.00       444748.875       18808808.0    
  0.609375000       7.81250000E-02   2102384.75       463242.688       18671384.0    
  0.640625000       7.81250000E-02   1907278.88       472247.281       18546072.0    
  0.671875000       7.81250000E-02   1711241.50       473058.281       18433028.0    
  0.703125000       7.81250000E-02   1517301.75       467195.250       18332212.0    
  0.734375000       7.81250000E-02   1327910.75       456001.625       18243402.0    
  0.765625000       7.81250000E-02   1144927.50       441061.062       18166252.0    
  0.796875000       7.81250000E-02   969536.875       423861.250       18100308.0    
  0.828125000       7.81250000E-02   802299.250       405810.062       18045076.0    
  0.859375000       7.81250000E-02   643102.062       388379.750       18000032.0    
  0.890625000       7.81250000E-02   491272.094       372802.656       17964696.0    
  0.921875000       7.81250000E-02   345847.875       360103.250       17938628.0    
  0.953125000       7.81250000E-02   205291.672       351146.250       17921468.0    
  0.984375000       7.81250000E-02   68003.1719       346541.812       17912968.0    
   1.56250000E-02  0.109375000       242125.844      -1552189.38       21578364.0    
   4.68750000E-02  0.109375000       720073.250      -1514900.25       21548070.0    
   7.81250000E-02  0.109375000       1179446.75      -1442136.25       21488284.0    
  0.109375000      0.109375000       1609055.50      -1337271.25       21400544.0    
  0.140625000      0.109375000       1999243.75      -1204937.75       21287042.0    
  0.171875000      0.109375000       2342058.00      -1050875.50       21150524.0    
  0.203125000      0.109375000       2631760.25      -881274.000       20994176.0    
  0.234375000      0.109375000       2864894.50      -702484.875       20821460.0    
  0.265625000      0.109375000       3040016.25      -520750.125       20635992.0    
  0.296875000      0.109375000       3157681.00      -341625.000       20441412.0    
  0.328125000      0.109375000       3220234.00      -170009.812       20241264.0    
  0.359375000      0.109375000       3231330.00      -9819.17188       20038892.0    
  0.390625000      0.109375000       3195637.00       135819.688       19837380.0    
  0.421875000      0.109375000       3118631.50       264732.344       19639488.0    
  0.453125000      0.109375000       3006246.25       375591.625       19447616.0    
  0.484375000      0.109375000       2864481.25       467902.594       19263782.0    
  0.515625000      0.109375000       2699259.00       541826.250       19089636.0    
  0.546875000      0.109375000       2516344.50       597987.375       18926456.0    
  0.578125000      0.109375000       2321087.00       637458.625       18775172.0    
  0.609375000      0.109375000       2118389.00       661728.000       18636394.0    
  0.640625000      0.109375000       1912641.38       672523.250       18510440.0    
  0.671875000      0.109375000       1707641.75       671700.125       18397372.0    
  0.703125000      0.109375000       1506467.00       661353.875       18297034.0    
  0.734375000      0.109375000       1311632.62       643579.750       18209104.0    
  0.765625000      0.109375000       1125045.38       620569.250       18133112.0    
  0.796875000      0.109375000       947826.750       594417.875       18068498.0    
  0.828125000      0.109375000       780505.125       567301.438       18014652.0    
  0.859375000      0.109375000       622824.250       541108.250       17970948.0    
  0.890625000      0.109375000       473935.125       517790.750       17936808.0    
  0.921875000      0.109375000       332572.469       498853.719       17911712.0    
  0.953125000      0.109375000       196974.500       485482.062       17895240.0    
  0.984375000      0.109375000       65188.2227       478622.875       17887092.0    
   1.56250000E-02  0.140625000       263912.781      -2058064.25       21690434.0    
   4.68750000E-02  0.140625000       784319.250      -2007217.75       21657414.0    
   7.81250000E-02  0.140625000       1283072.88      -1908113.75       21592318.0    
  0.109375000      0.140625000       1747365.25      -1765479.50       21496930.0    
  0.140625000      0.140625000       2166067.25      -1585961.00       21373784.0    
  0.171875000      0.140625000       2530391.50      -1377520.75       21226056.0    
  0.203125000      0.140625000       2834260.75      -1148827.88       21057378.0    
  0.234375000      0.140625000       3074120.50      -908683.500       20871684.0    
  0.265625000      0.140625000       3249117.00      -665539.188       20673048.0    
  0.296875000      0.140625000       3360603.25      -426984.625       20465508.0    
  0.328125000      0.140625000       3411815.50      -199506.375       20252966.0    
  0.359375000      0.140625000       3407561.75       11644.4307       20039052.0    
  0.390625000      0.140625000       3353541.00       202559.969       19827064.0    
  0.421875000      0.140625000       3256240.75       370586.594       19619920.0    
  0.453125000      0.140625000       3122554.00       514157.719       19420108.0    
  0.484375000      0.140625000       2959296.50       632730.875       19229684.0    
  0.515625000      0.140625000       2773127.00       726675.500       19050284.0    
  0.546875000      0.140625000       2570289.50       797064.875       18883132.0    
  0.578125000      0.140625000       2356645.75       845419.625       18729084.0    
  0.609375000      0.140625000       2137449.75       873740.000       18588632.0    
  0.640625000      0.140625000       1917251.50       884409.750       18461976.0    
  0.671875000      0.140625000       1700072.50       879940.250       18349040.0    
  0.703125000      0.140625000       1489181.50       862970.625       18249522.0    
  0.734375000      0.140625000       1287126.50       836427.938       18162938.0    
  0.765625000      0.140625000       1095765.75       803143.125       18088668.0    
  0.796875000      0.140625000       916269.250       765995.500       18025996.0    
  0.828125000      0.140625000       748989.750       727800.750       17974156.0    
  0.859375000      0.140625000       593591.438       691118.938       17932388.0    
  0.890625000      0.140625000       449017.625       658526.750       17899968.0    
  0.921875000      0.140625000       313539.188       632073.062       17876268.0    
  0.953125000      0.140625000       185058.438       613487.250       17860780.0    
  0.984375000      0.140625000       61141.6172       603925.250       17853138.0    
   1.56250000E-02  0.171875000       292955.312      -2614635.25       21835444.0    
   4.68750000E-02  0.171875000       870006.000      -2547757.00       21798790.0    
   7.81250000E-02  0.171875000       1421184.62      -2417532.50       21726610.0    
  0.109375000      0.171875000       1931208.50      -2230506.00       21621036.0    
  0.140625000      0.171875000       2387202.50      -1995815.25       21485092.0    
  0.171875000      0.171875000       2779191.00      -1724285.75       21322520.0    
  0.203125000      0.171875000       3100597.25      -1427691.00       21137590.0    
  0.234375000      0.171875000       3348183.00      -1117810.00       20934864.0    
  0.265625000      0.171875000       3521715.00      -805657.500       20719014.0    
  0.296875000      0.171875000       3623713.50      -501194.625       20494628.0    
  0.328125000      0.171875000       3658861.25      -212623.172       20266060.0    
  0.359375000      0.171875000       3633395.00       53462.6992       20037308.0    
  0.390625000      0.171875000       3554579.00       292333.938       19811944.0    
  0.421875000      0.171875000       3430229.25       500968.344       19593060.0    
  0.453125000      0.171875000       3268390.50       677720.250       19383252.0    
  0.484375000      0.171875000       3076999.25       822208.250       19184606.0    
  0.515625000      0.171875000       2863593.25       935154.375       18998726.0    
  0.546875000      0.171875000       2635088.50       1018144.31       18826756.0    
  0.578125000      0.171875000       2397762.00       1073403.25       18669436.0    
  0.609375000      0.171875000       2157379.00       1103507.38       18527126.0    
  0.640625000      0.171875000       1918841.75       1111480.50       18399846.0    
  0.671875000      0.171875000       1686202.75       1100601.88       18287344.0    
  0.703125000      0.171875000       1462954.50       1074262.25       18189134.0    
  0.734375000      0.171875000       1251805.00       1036060.25       18104528.0    
  0.765625000      0.171875000       1054613.00       989642.250       18032702.0    
  0.796875000      0.171875000       872484.375       938655.188       17972736.0    
  0.828125000      0.171875000       705628.500       886666.062       17923668.0    
  0.859375000      0.171875000       553550.125       837146.875       17884552.0    
  0.890625000      0.171875000       414889.219       793202.125       17854488.0    
  0.921875000      0.171875000       287532.969       757617.250       17832700.0    
  0.953125000      0.171875000       168823.812       732617.812       17818552.0    
  0.984375000      0.171875000       55623.3789       719712.625       17811600.0    
   1.56250000E-02  0.203125000       330770.062      -3237897.25       22017008.0    
   4.68750000E-02  0.203125000       981399.875      -3151491.00       21975622.0    
   7.81250000E-02  0.203125000       1600323.38      -2983543.50       21894240.0    
  0.109375000      0.203125000       2169083.00      -2743036.75       21775468.0    
  0.140625000      0.203125000       2672287.50      -2442320.00       21622984.0    
  0.171875000      0.203125000       3098515.50      -2096040.62       21441318.0    
  0.203125000      0.203125000       3440736.50      -1719766.25       21235574.0    
  0.234375000      0.203125000       3696154.00      -1329007.62       21011158.0    
  0.265625000      0.203125000       3865732.25      -938048.125       20773520.0    
  0.296875000      0.203125000       3953637.50      -559350.500       20527942.0    
  0.328125000      0.203125000       3966472.50      -203205.781       20279350.0    
  0.359375000      0.203125000       3912518.50       122595.742       20032194.0    
  0.390625000      0.203125000       3801046.50       412568.562       19790364.0    
  0.421875000      0.203125000       3641627.00       663354.875       19557156.0    
  0.453125000      0.203125000       3443793.75       873550.812       19335264.0    
  0.484375000      0.203125000       3216730.50       1043224.06       19126792.0    
  0.515625000      0.203125000       2969063.00       1173674.00       18933286.0    
  0.546875000      0.203125000       2708538.50       1267126.75       18755772.0    
  0.578125000      0.203125000       2442008.75       1326560.00       18594828.0    
  0.609375000      0.203125000       2175527.00       1355478.25       18450624.0    
  0.640625000      0.203125000       1914346.00       1357513.50       18322982.0    
  0.671875000      0.203125000       1662854.25       1336760.50       18211416.0    
  0.703125000      0.203125000       1424640.00       1297474.00       18115200.0    
  0.734375000      0.203125000       1202506.50       1243987.62       18033400.0    
  0.765625000      0.203125000       998360.625       1180795.50       17964940.0    
  0.796875000      0.203125000       813293.000       1112375.25       17908648.0    
  0.828125000      0.203125000       647481.500       1043189.38       17863312.0    
  0.859375000      0.203125000       500127.500       977609.750       17827738.0    
  0.890625000      0.203125000       369488.125       919543.750       17800814.0    
  0.921875000      0.203125000       252954.719       872618.438       17781564.0    
  0.953125000      0.203125000       147150.562       839653.500       17769202.0    
  0.984375000      0.203125000       48233.4297       822605.875       17763174.0    
   1.56250000E-02  0.234375000       379336.062      -3947271.00       22239820.0    
   4.68750000E-02  0.234375000       1124333.00      -3836581.50       22192356.0    
   7.81250000E-02  0.234375000       1829638.38      -3621909.50       22099172.0    
  0.109375000      0.234375000       2472433.00      -3315505.50       21963528.0    
  0.140625000      0.234375000       3034198.50      -2934191.00       21789994.0    
  0.171875000      0.234375000       3501744.50      -2497557.00       21584144.0    
  0.203125000      0.234375000       3867630.25      -2026230.25       21352194.0    
  0.234375000      0.234375000       4129901.00      -1540304.25       21100644.0    
  0.265625000      0.234375000       4291372.00      -1057991.00       20835950.0    
  0.296875000      0.234375000       4358561.00      -594865.125       20564256.0    
  0.328125000      0.234375000       4340813.00      -163271.797       20291200.0    
  0.359375000      0.234375000       4249170.00       227752.406       20021748.0    
  0.390625000      0.234375000       4095338.00       572088.438       19760160.0    
  0.421875000      0.234375000       3891211.50       866542.250       19509948.0    
  0.453125000      0.234375000       3648259.75       1110064.25       19273884.0    
  0.484375000      0.234375000       3377122.25       1303524.00       19054046.0    
  0.515625000      0.234375000       3087495.75       1449214.38       18851876.0    
  0.546875000      0.234375000       2787974.50       1550226.25       18668240.0    
  0.578125000      0.234375000       2486113.50       1610450.12       18503506.0    
  0.609375000      0.234375000       2188332.50       1634302.88       18357596.0    
  0.640625000      0.234375000       1900124.00       1626392.50       18230076.0    
  0.671875000      0.234375000       1626163.25       1591582.00       18120182.0    
  0.703125000      0.234375000       1370181.75       1534957.38       18026896.0    
  0.734375000      0.234375000       1135126.62       1461700.12       17948988.0    
  0.765625000      0.234375000       923000.500       1377214.88       17885072.0    
  0.796875000      0.234375000       734879.688       1286886.50       17833668.0    
  0.828125000      0.234375000       570861.500       1196222.25       17793256.0    
  0.859375000      0.234375000       429903.062       1110525.75       17762344.0    
  0.890625000      0.234375000       309899.562       1034851.00       17739542.0    
  0.921875000      0.234375000       207642.578       973674.625       17723622.0    
  0.953125000      0.234375000       118808.047       930714.125       17713596.0    
  0.984375000      0.234375000       38572.8672       908550.250       17708776.0    
   1.56250000E-02  0.265625000       441429.625      -4766918.00       22509908.0    
   4.68750000E-02  0.265625000       1306729.25      -4625452.50       22454672.0    
   7.81250000E-02  0.265625000       2121398.50      -4351730.50       22346442.0    
  0.109375000      0.265625000       2856803.00      -3962641.25       22189362.0    
  0.140625000      0.265625000       3490236.25      -3481092.00       21989216.0    
  0.171875000      0.265625000       4006476.50      -2933491.00       21752984.0    
  0.203125000      0.265625000       4397989.00      -2347064.50       21488348.0    
  0.234375000      0.265625000       4664393.50      -1747742.00       21203224.0    
  0.265625000      0.265625000       4811171.50      -1158613.25       20905336.0    
  0.296875000      0.265625000       4848377.00      -598689.375       20601910.0    
  0.328125000      0.265625000       4789110.50      -82484.8438       20299410.0    
  0.359375000      0.265625000       4647879.00       379737.531       20003410.0    
  0.390625000      0.265625000       4439836.00       781752.000       19718568.0    
  0.421875000      0.265625000       4179602.75       1120801.50       19448580.0    
  0.453125000      0.265625000       3880775.50       1396848.00       19196272.0    
  0.484375000      0.265625000       3555880.50       1611931.50       18963640.0    
  0.515625000      0.265625000       3215765.25       1769530.12       18751944.0    
  0.546875000      0.265625000       2869774.00       1874160.50       18561824.0    
  0.578125000      0.265625000       2526085.25       1930849.50       18393372.0    
  0.609375000      0.265625000       2191469.25       1944975.00       18246206.0    
  0.640625000      0.265625000       1871625.00       1922201.25       18119572.0    
  0.671875000      0.265625000       1571419.25       1868303.75       18012376.0    
  0.703125000      0.265625000       1294758.25       1789136.25       17923256.0    
  0.734375000      0.265625000       1044763.94       1690807.75       17850630.0    
  0.765625000      0.265625000       823546.375       1579525.75       17792746.0    
  0.796875000      0.265625000       632301.875       1461821.38       17747760.0    
  0.828125000      0.265625000       471119.969       1344265.25       17713768.0    
  0.859375000      0.265625000       338754.750       1233441.00       17688914.0    
  0.890625000      0.265625000       232638.547       1135682.25       17671454.0    
  0.921875000      0.265625000       148817.875       1056595.25       17659854.0    
  0.953125000      0.265625000       82023.4844       1000986.31       17652864.0    
  0.984375000      0.265625000       26066.9844       972316.438       17649608.0    
   1.56250000E-02  0.296875000       520766.969      -5727533.00       22834966.0    
   4.68750000E-02  0.296875000       1539483.00      -5546250.00       22769798.0    
   7.81250000E-02  0.296875000       2492448.50      -5196483.50       22642380.0    
  0.109375000      0.296875000       3343073.25      -4701850.00       22458092.0    
  0.140625000      0.296875000       4063348.50      -4093788.50       22224372.0    
  0.171875000      0.296875000       4635772.00      -3407943.00       21950096.0    
  0.203125000      0.296875000       5053379.50      -2680434.50       21644882.0    
  0.234375000      0.296875000       5318352.50      -1944750.38       21318468.0    
  0.265625000      0.296875000       5440425.00      -1229779.25       20980192.0    
  0.296875000      0.296875000       5434686.50      -558454.750       20638570.0    
  0.328125000      0.296875000       5319238.00       52520.3320       20301044.0    
  0.359375000      0.296875000       5113407.00       592101.688       19973860.0    
  0.390625000      0.296875000       4836402.00       1054590.00       19662060.0    
  0.421875000      0.296875000       4506307.50       1438290.50       19369502.0    
  0.453125000      0.296875000       4139389.75       1744818.25       19098964.0    
  0.484375000      0.296875000       3749804.50       1978024.00       18852270.0    
  0.515625000      0.296875000       3349725.00       2143083.50       18630428.0    
  0.546875000      0.296875000       2949294.00       2246211.50       18433740.0    
  0.578125000      0.296875000       2556928.00       2293907.00       18261946.0    
  0.609375000      0.296875000       2179684.25       2292685.50       18114296.0    
  0.640625000      0.296875000       1823452.75       2249316.25       17989648.0    
  0.671875000      0.296875000       1493098.25       2170407.75       17886516.0    
  0.703125000      0.296875000       1192685.75       2062614.50       17803150.0    
  0.734375000      0.296875000       925511.875       1932879.00       17737556.0    
  0.765625000      0.296875000       694013.375       1788382.75       17687576.0    
  0.796875000      0.296875000       499623.344       1636748.88       17650904.0    
  0.828125000      0.296875000       342481.875       1485744.25       17625200.0    
  0.859375000      0.296875000       221319.953       1343486.25       17608150.0    
  0.890625000      0.296875000       133053.906       1217822.50       17597574.0    
  0.921875000      0.296875000       72946.7188       1116090.25       17591544.0    
  0.953125000      0.296875000       34527.3672       1044437.38       17588472.0    
  0.984375000      0.296875000       9901.19727       1007427.31       17587238.0    
   1.56250000E-02  0.328125000       622673.438      -6868761.00       23224828.0    
   4.68750000E-02  0.328125000       1837735.50      -6634910.50       23146900.0    
   7.81250000E-02  0.328125000       2965796.50      -6185566.00       22994924.0    
  0.109375000      0.328125000       3959500.00      -5553973.00       22776008.0    
  0.140625000      0.328125000       4784143.50      -4783889.00       22499872.0    
  0.171875000      0.328125000       5419830.50      -3923723.50       22177952.0    
  0.203125000      0.328125000       5861182.00      -3021578.25       21822442.0    
  0.234375000      0.328125000       6115049.00      -2120692.00       21445438.0    
  0.265625000      0.328125000       6197467.00      -1256886.00       21058268.0    
  0.296875000      0.328125000       6130633.50      -457447.000       20671018.0    
  0.328125000      0.328125000       5939624.50       259136.453       20292220.0    
  0.359375000      0.328125000       5649949.00       881884.375       19928834.0    
  0.390625000      0.328125000       5286025.00       1406390.00       19586234.0    
  0.421875000      0.328125000       4869831.00       1833208.25       19268330.0    
  0.453125000      0.328125000       4420509.00       2166423.75       18977748.0    
  0.484375000      0.328125000       3954146.25       2412418.50       18716004.0    
  0.515625000      0.328125000       3483952.75       2578882.50       18483712.0    
  0.546875000      0.328125000       3020597.50       2673951.00       18280736.0    
  0.578125000      0.328125000       2572559.25       2705917.50       18106356.0    
  0.609375000      0.328125000       2146878.50       2682722.75       17959376.0    
  0.640625000      0.328125000       1749347.50       2612114.75       17838196.0    
  0.671875000      0.328125000       1384717.50       2501424.00       17740896.0    
  0.703125000      0.328125000       1057226.75       2358099.00       17665282.0    
  0.734375000      0.328125000       770528.000       2189798.75       17608912.0    
  0.765625000      0.328125000       527418.875       2004587.25       17569122.0    
  0.796875000      0.328125000       329667.406       1811114.38       17543112.0    
  0.828125000      0.328125000       177857.328       1618659.25       17528012.0    
  0.859375000      0.328125000       70833.0938       1437066.00       17520952.0    
  0.890625000      0.328125000       5242.76270       1276233.00       17519208.0    
  0.921875000      0.328125000      -24566.4531       1145634.75       17520330.0    
  0.953125000      0.328125000      -26640.1055       1053420.62       17522302.0    
  0.984375000      0.328125000      -10944.3184       1005645.31       17523678.0    
   1.56250000E-02  0.359375000       754575.250      -8242551.50       23692096.0    
   4.68750000E-02  0.359375000       2222630.00      -7938149.00       23597648.0    
   7.81250000E-02  0.359375000       3573383.50      -7356050.00       23414028.0    
  0.109375000      0.359375000       4744753.00      -6543894.00       23150788.0    
  0.140625000      0.359375000       5693598.00      -5563292.00       22820844.0    
  0.171875000      0.359375000       6398083.00      -4480904.00       22439122.0    
  0.203125000      0.359375000       6856410.50      -3360894.50       22021246.0    
  0.234375000      0.359375000       7083044.50      -2258968.75       21582348.0    
  0.265625000      0.359375000       7103675.00      -1219151.75       21136232.0    
  0.296875000      0.359375000       6950712.00      -273012.219       20694814.0    
  0.328125000      0.359375000       6658567.00       560018.188       20267812.0    
  0.359375000      0.359375000       6260661.00       1270322.25       19862868.0    
  0.390625000      0.359375000       5787726.00       1856280.75       19485576.0    
  0.421875000      0.359375000       5266341.00       2322013.00       19139728.0    
  0.453125000      0.359375000       4718600.00       2675466.00       18827594.0    
  0.484375000      0.359375000       4162263.50       2926609.50       18550202.0    
  0.515625000      0.359375000       3611257.50       3086238.25       18307600.0    
  0.546875000      0.359375000       3076328.75       3165081.00       18099074.0    
  0.578125000      0.359375000       2565699.50       3173353.25       17923328.0    
  0.609375000      0.359375000       2085881.25       3120471.00       17778620.0    
  0.640625000      0.359375000       1642153.75       3015099.00       17662840.0    
  0.671875000      0.359375000       1239087.25       2865199.50       17573586.0    
  0.703125000      0.359375000       881058.000       2678728.50       17508188.0    
  0.734375000      0.359375000       571995.375       2463856.25       17463682.0    
  0.765625000      0.359375000       315331.719       2229231.00       17436888.0    
  0.796875000      0.359375000       113695.602       1984602.12       17424428.0    
  0.828125000      0.359375000      -31566.4102       1740908.50       17422802.0    
  0.859375000      0.359375000      -121106.375       1510025.75       17428466.0    
  0.890625000      0.359375000      -158383.656       1304592.75       17438004.0    
  0.921875000      0.359375000      -149872.219       1136910.50       17448308.0    
  0.953125000      0.359375000      -105460.992       1018025.44       17456776.0    
  0.984375000      0.359375000      -37872.7031       956274.500       17461524.0    
   1.56250000E-02  0.390625000       927031.688      -9918792.00       24253022.0    
   4.68750000E-02  0.390625000       2724184.00      -9517778.00       24136968.0    
   7.81250000E-02  0.390625000       4360046.50      -8755209.00       23912184.0    
  0.109375000      0.390625000       5752262.00      -7700895.50       23591756.0    
  0.140625000      0.390625000       6847134.00      -6443115.00       23193116.0    
  0.171875000      0.390625000       7622228.00      -5074632.50       22736028.0    
  0.203125000      0.390625000       8083117.00      -3681311.00       22240692.0    
  0.234375000      0.390625000       8256791.00      -2334465.00       21726148.0    
  0.265625000      0.390625000       8183526.00      -1087285.25       21209208.0    
  0.296875000      0.390625000       7909929.00       25320.7031       20703876.0    
  0.328125000      0.390625000       7482982.00       984308.500       20221084.0    
  0.359375000      0.390625000       6946211.50       1783650.00       19769024.0    
  0.390625000      0.390625000       6337716.00       2426785.00       19353276.0    
  0.421875000      0.390625000       5689016.50       2923528.00       18977240.0    
  0.453125000      0.390625000       5025105.50       3287193.00       18642552.0    
  0.484375000      0.390625000       4364918.50       3532631.00       18349484.0    
  0.515625000      0.390625000       3722424.25       3674669.50       18097302.0    
  0.546875000      0.390625000       3107712.50       3727079.00       17884530.0    
  0.578125000      0.390625000       2527949.50       3702286.00       17709172.0    
  0.609375000      0.390625000       1988624.25       3611072.00       17568856.0    
  0.640625000      0.390625000       1494077.00       3462846.50       17460900.0    
  0.671875000      0.390625000       1048351.44       3265779.00       17382400.0    
  0.703125000      0.390625000       655882.250       3028075.00       17330168.0    
  0.734375000      0.390625000       321026.094       2757842.50       17300710.0    
  0.765625000      0.390625000       48164.7695       2464117.00       17290292.0    
  0.796875000      0.390625000      -158654.906       2157489.75       17294896.0    
  0.828125000      0.390625000      -296719.000       1850539.00       17310284.0    
  0.859375000      0.390625000      -365482.844       1557809.75       17332102.0    
  0.890625000      0.390625000      -367870.688       1295342.62       17356048.0    
  0.921875000      0.390625000      -311133.062       1079555.75       17378152.0    
  0.953125000      0.390625000      -207272.422       925621.625       17395006.0    
  0.984375000      0.390625000      -72690.3438       845406.375       17404116.0    
   1.56250000E-02  0.421875000       1155544.88      -11993320.0       24928822.0    
   4.68750000E-02  0.421875000       3386156.00      -11456852.0       24784128.0    
   7.81250000E-02  0.421875000       5390259.00      -10443982.0       24505126.0    
  0.109375000      0.421875000       7056853.00      -9059521.00       24110128.0    
  0.140625000      0.421875000       8319861.00      -7431890.00       23623098.0    
  0.171875000      0.421875000       9159887.00      -5691631.50       23070544.0    
  0.203125000      0.421875000       9596578.00      -3953856.50       22478794.0    
  0.234375000      0.421875000       9677070.00      -2309050.50       21871860.0    
  0.265625000      0.421875000       9463426.00      -819750.125       21270164.0    
  0.296875000      0.421875000       9022272.00       478206.312       20689920.0    
  0.328125000      0.421875000       8416896.00       1569016.75       20143236.0    
  0.359375000      0.421875000       7703137.00       2453783.75       19638532.0    
  0.390625000      0.421875000       6927604.50       3144256.75       19180982.0    
  0.421875000      0.421875000       6126749.00       3658571.00       18773158.0    
  0.453125000      0.421875000       5327702.50       4017627.50       18415670.0    
  0.484375000      0.421875000       4549740.00       4242518.00       18107692.0    
  0.515625000      0.421875000       3805705.50       4353077.00       17847420.0    
  0.546875000      0.421875000       3103945.25       4366646.00       17632420.0    
  0.578125000      0.421875000       2449692.50       4297943.50       17459844.0    
  0.609375000      0.421875000       1846407.50       4159057.00       17326604.0    
  0.640625000      0.421875000       1296861.88       3959438.50       17229420.0    
  0.671875000      0.421875000       804349.938       3707396.50       17164896.0    
  0.703125000      0.421875000       373120.500       3410342.00       17129288.0    
  0.734375000      0.421875000       8037.53125       3075675.50       17118624.0    
  0.765625000      0.421875000      -285021.125       2712178.50       17128600.0    
  0.796875000      0.421875000      -499882.375       2330956.50       17154512.0    
  0.828125000      0.421875000      -631246.375       1946203.50       17191286.0    
  0.859375000      0.421875000      -676322.375       1575606.75       17233560.0    
  0.890625000      0.421875000      -636649.188       1239604.62       17275926.0    
  0.921875000      0.421875000      -519586.125       960582.375       17313236.0    
  0.953125000      0.421875000      -339603.406       759884.250       17340976.0    
  0.984375000      0.421875000      -118080.141       654666.875       17355776.0    
   1.56250000E-02  0.453125000       1463462.75      -14599949.0       25747526.0    
   4.68750000E-02  0.453125000       4273466.00      -13868872.0       25564222.0    
   7.81250000E-02  0.453125000       6757366.00      -12501362.0       25212750.0    
  0.109375000      0.453125000       8764362.00      -10658472.0       24719348.0    
  0.140625000      0.453125000       10215022.0      -8530890.00       24117514.0    
  0.171875000      0.453125000       11100262.0      -6303801.50       23443296.0    
  0.203125000      0.453125000       11465698.0      -4131427.75       22731226.0    
  0.234375000      0.453125000       11390898.0      -2126314.50       22011594.0    
  0.265625000      0.453125000       10970600.0      -358530.562       21308980.0    
  0.296875000      0.453125000       10298512.0       1139435.12       20641736.0    
  0.328125000      0.453125000       9458559.00       2360833.00       20022862.0    
  0.359375000      0.453125000       8521451.00       3319034.25       19460428.0    
  0.390625000      0.453125000       7542503.00       4038681.25       18958560.0    
  0.421875000      0.453125000       6562387.00       4549553.50       18518400.0    
  0.453125000      0.453125000       5609052.00       4882728.00       18138976.0    
  0.484375000      0.453125000       4700368.00       5067292.50       17817926.0    
  0.515625000      0.453125000       3846552.25       5128843.00       17552038.0    
  0.546875000      0.453125000       3052579.00       5088868.50       17337670.0    
  0.578125000      0.453125000       2320360.75       4964241.00       17170988.0    
  0.609375000      0.453125000       1650120.50       4767884.00       17048112.0    
  0.640625000      0.453125000       1042416.75       4508792.50       16965210.0    
  0.671875000      0.453125000       499253.438       4194593.50       16918328.0    
  0.703125000      0.453125000       24161.1406       3830678.25       16903310.0    
  0.734375000      0.453125000      -377137.219       3422793.50       16915760.0    
  0.765625000      0.453125000      -696554.250       2978465.00       16950844.0    
  0.796875000      0.453125000      -924629.875       2508430.75       17003152.0    
  0.828125000      0.453125000      -1052068.75       2028259.50       17066668.0    
  0.859375000      0.453125000      -1072056.25       1559124.75       17134826.0    
  0.890625000      0.453125000      -982868.750       1127338.88       17200806.0    
  0.921875000      0.453125000      -790854.000       763741.500       17257828.0    
  0.953125000      0.453125000      -513177.188       499126.625       17299816.0    
  0.984375000      0.453125000      -177895.578       359240.500       17322120.0    
   1.56250000E-02  0.484375000       1886602.50      -17930444.0       26746734.0    
   4.68750000E-02  0.484375000       5484694.00      -16911856.0       26510342.0    
   7.81250000E-02  0.484375000       8600639.00      -15029214.0       26060304.0    
  0.109375000      0.484375000       11027335.0      -12537402.0       25435142.0    
  0.140625000      0.484375000       12674532.0      -9725521.00       24682660.0    
  0.171875000      0.484375000       13559350.0      -6857746.00       23852436.0    
  0.203125000      0.484375000       13774065.0      -4138990.50       22989964.0    
  0.234375000      0.484375000       13450278.0      -1704234.50       22133218.0    
  0.265625000      0.484375000       12729515.0       375991.438       21311264.0    
  0.296875000      0.484375000       11741664.0       2079209.75       20544238.0    
  0.328125000      0.484375000       10596496.0       3417574.00       19845264.0    
  0.359375000      0.484375000       9380986.00       4424273.50       19221104.0    
  0.390625000      0.484375000       8158124.00       5142777.00       18673872.0    
  0.421875000      0.484375000       6970796.00       5619106.00       18202428.0    
  0.453125000      0.484375000       5845442.00       5897115.00       17803502.0    
  0.484375000      0.484375000       4795855.00       6015568.50       17472634.0    
  0.515625000      0.484375000       3827281.00       6006755.00       17204822.0    
  0.546875000      0.484375000       2939343.25       5896191.00       16994948.0    
  0.578125000      0.484375000       2128652.75       5702763.00       16838058.0    
  0.609375000      0.484375000       1390994.50       5439337.00       16729460.0    
  0.640625000      0.484375000       723626.750       5114107.50       16664806.0    
  0.671875000      0.484375000       126200.000       4732014.00       16639663.0    
  0.703125000      0.484375000      -398679.531       4295494.00       16649635.0    
  0.734375000      0.484375000      -844175.625       3807013.75       16690040.0    
  0.765625000      0.484375000      -1199384.00       3271173.50       16755630.0    
  0.796875000      0.484375000      -1450087.88       2696904.50       16840352.0    
  0.828125000      0.484375000      -1580591.88       2100167.75       16937178.0    
  0.859375000      0.484375000      -1577263.00       1505837.25       17038100.0    
  0.890625000      0.484375000      -1432009.88       947787.500       17134476.0    
  0.921875000      0.484375000      -1147797.50       468662.562       17217288.0    
  0.953125000      0.484375000      -744089.312       114325.703       17278176.0    
  0.984375000      0.484375000      -257948.938      -75087.6406       17310532.0    
   1.56250000E-02  0.515625000       2482068.00      -22267070.0       27977848.0    
   4.68750000E-02  0.515625000       7174665.50      -20809572.0       27666696.0    
   7.81250000E-02  0.515625000       11131788.0      -18157684.0       27079792.0    
  0.109375000      0.515625000       14068070.0      -14728950.0       26275356.0    
  0.140625000      0.515625000       15894679.0      -10969552.0       25322992.0    
  0.171875000      0.515625000       16686792.0      -7257476.50       24291592.0    
  0.203125000      0.515625000       16619210.0      -3858201.25       23241084.0    
  0.234375000      0.515625000       15905820.0      -923324.750       22218448.0    
  0.265625000      0.515625000       14754064.0       1491064.00       21256786.0    
  0.296875000      0.515625000       13340176.0       3386633.00       20377330.0    
  0.328125000      0.515625000       11803623.0       4808205.00       19591722.0    
  0.359375000      0.515625000       10246654.0       5819540.00       18903922.0    
  0.390625000      0.515625000       8737336.00       6490413.00       18312648.0    
  0.421875000      0.515625000       7316725.50       6888050.00       17813300.0    
  0.453125000      0.515625000       6005514.50       7071893.00       17399428.0    
  0.484375000      0.515625000       4810008.00       7091771.00       17063826.0    
  0.515625000      0.515625000       3727174.00       6987018.00       16799248.0    
  0.546875000      0.515625000       2748587.50       6786919.00       16598866.0    
  0.578125000      0.515625000       1863485.50       6511654.00       16456490.0    
  0.609375000      0.515625000       1061464.50       6172909.00       16366676.0    
  0.640625000      0.515625000       335116.000       5777015.00       16324580.0    
  0.671875000      0.515625000      -319360.344       5324465.00       16325557.0    
  0.703125000      0.515625000      -900839.500       4812934.00       16365193.0    
  0.734375000      0.515625000      -1401457.50       4239435.00       16438786.0    
  0.765625000      0.515625000      -1806663.50       3603160.00       16540923.0    
  0.796875000      0.515625000      -2095635.50       2908922.75       16665066.0    
  0.828125000      0.515625000      -2243284.50       2171026.00       16803188.0    
  0.859375000      0.515625000      -2224610.50       1417293.38       16945620.0    
  0.890625000      0.515625000      -2020064.25       690465.125       17081372.0    
  0.921875000      0.515625000      -1624314.75       50214.8438       17198344.0    
  0.953125000      0.515625000      -1056908.38      -434015.594       17284730.0    
  0.984375000      0.515625000      -367286.188      -696991.875       17330830.0    
   1.56250000E-02  0.546875000       3344192.00      -28039310.0       29512668.0    
   4.68750000E-02  0.546875000       9594092.00      -25885036.0       29093188.0    
   7.81250000E-02  0.546875000       14681204.0      -22048324.0       28311612.0    
  0.109375000      0.546875000       18215488.0      -17238264.0       27258838.0    
  0.140625000      0.546875000       20146006.0      -12155498.0       26038298.0    
  0.171875000      0.546875000       20670700.0      -7335837.00       24746418.0    
  0.203125000      0.546875000       20108216.0      -3106116.25       23461454.0    
  0.234375000      0.546875000       18799096.0       387410.531       22240026.0    
  0.265625000      0.546875000       17039026.0       3129174.00       21117562.0    
  0.296875000      0.546875000       15058804.0       5171889.00       20114624.0    
  0.328125000      0.546875000       13029402.0       6611909.00       19238796.0    
  0.359375000      0.546875000       11063194.0       7557404.50       18488936.0    
  0.390625000      0.546875000       9226634.00       8113131.00       17858464.0    
  0.421875000      0.546875000       7552276.00       8372093.00       17337846.0    
  0.453125000      0.546875000       6049163.00       8411709.00       16916384.0    
  0.484375000      0.546875000       4710980.00       8293427.00       16583392.0    
  0.515625000      0.546875000       3522429.00       8063258.00       16328956.0    
  0.546875000      0.546875000       2463979.25       7753368.50       16144304.0    
  0.578125000      0.546875000       1514684.00       7384072.00       16021968.0    
  0.609375000      0.546875000       656356.000       6964485.00       15955898.0    
  0.640625000      0.546875000      -124858.609       6497222.00       15940847.0    
  0.671875000      0.546875000      -837881.375       5976660.50       15972349.0    
  0.703125000      0.546875000      -1483709.25       5393228.00       16046328.0    
  0.734375000      0.546875000      -2053949.50       4735676.00       16158482.0    
  0.765625000      0.546875000      -2529896.25       3994376.00       16303660.0    
  0.796875000      0.546875000      -2882222.00       3166159.50       16475189.0    
  0.828125000      0.546875000      -3072450.75       2259836.00       16664222.0    
  0.859375000      0.546875000      -3058053.25       1303314.00       16859272.0    
  0.890625000      0.546875000      -2799081.25       348621.406       17046450.0    
  0.921875000      0.546875000      -2272277.75      -521889.188       17209336.0    
  0.953125000      0.546875000      -1491275.25      -1201100.75       17330904.0    
  0.984375000      0.546875000      -520897.844      -1578567.25       17396338.0    
   1.56250000E-02  0.578125000       4636577.50      -35925424.0       31454248.0    
   4.68750000E-02  0.578125000       13165750.0      -32612586.0       30872220.0    
   7.81250000E-02  0.578125000       19778458.0      -26885774.0       29805898.0    
  0.109375000      0.578125000       23960930.0      -19997726.0       28402384.0    
  0.140625000      0.578125000       25797104.0      -13060270.0       26818388.0    
  0.171875000      0.578125000       25736174.0      -6809975.00       25188880.0    
  0.203125000      0.578125000       24344496.0      -1608496.12       23613836.0    
  0.234375000      0.578125000       22143208.0       2466108.75       22157696.0    
  0.265625000      0.578125000       19538604.0       5473926.50       20855232.0    
  0.296875000      0.578125000       16822912.0       7565465.00       19722006.0    
  0.328125000      0.578125000       14189138.0       8914074.00       18757702.0    
  0.359375000      0.578125000       11747877.0       9687844.00       17952836.0    
  0.390625000      0.578125000       9552025.00       10034700.0       17293056.0    
  0.421875000      0.578125000       7615303.50       10076889.0       16762142.0    
  0.453125000      0.578125000       5926849.00       9910572.00       16343971.0    
  0.484375000      0.578125000       4461557.00       9607832.00       16023664.0    
  0.515625000      0.578125000       3187115.00       9219861.00       15788236.0    
  0.546875000      0.578125000       2069232.25       8779956.00       15626852.0    
  0.578125000      0.578125000       1074609.75       8306286.00       15530818.0    
  0.609375000      0.578125000       174783.156       7804871.00       15493644.0    
  0.640625000      0.578125000      -652716.562       7271383.00       15510014.0    
  0.671875000      0.578125000      -1423354.00       6692512.00       15576080.0    
  0.703125000      0.578125000      -2141824.00       6048772.50       15688646.0    
  0.734375000      0.578125000      -2800309.50       5317017.50       15844430.0    
  0.765625000      0.578125000      -3376179.50       4474378.00       16039222.0    
  0.796875000      0.578125000      -3830175.25       3503857.50       16266854.0    
  0.828125000      0.578125000      -4106255.50       2402117.50       16518140.0    
  0.859375000      0.578125000      -4135950.25       1190304.75       16779874.0    
  0.890625000      0.578125000      -3845256.25      -73790.7188       17034732.0    
  0.921875000      0.578125000      -3174038.25      -1281075.75       17260468.0    
  0.953125000      0.578125000      -2113570.25      -2265225.50       17431952.0    
  0.984375000      0.578125000      -744724.250      -2831323.50       17525598.0    
   1.56250000E-02  0.609375000       6657547.50      -47046036.0       33955176.0    
   4.68750000E-02  0.609375000       18634020.0      -41695900.0       33118690.0    
   7.81250000E-02  0.609375000       27295872.0      -32834740.0       31622180.0    
  0.109375000      0.609375000       32041040.0      -22765914.0       29713332.0    
  0.140625000      0.609375000       33333758.0      -13246178.0       27633146.0    
  0.171875000      0.609375000       32122476.0      -5211315.00       25568112.0    
  0.203125000      0.609375000       29382152.0       1046589.38       23640204.0    
  0.234375000      0.609375000       25879506.0       5625383.50       21913698.0    
  0.265625000      0.609375000       22138516.0       8747005.00       20418320.0    
  0.296875000      0.609375000       18498952.0       10710292.0       19156414.0    
  0.328125000      0.609375000       15151780.0       11796682.0       18114108.0    
  0.359375000      0.609375000       12183820.0       12248918.0       17269320.0    
  0.390625000      0.609375000       9615680.00       12263386.0       16596993.0    
  0.421875000      0.609375000       7428147.00       11991870.0       16072320.0    
  0.453125000      0.609375000       5580106.00       11546952.0       15672600.0    
  0.484375000      0.609375000       4020269.50       11008307.0       15378163.0    
  0.515625000      0.609375000       2694552.50       10428978.0       15172726.0    
  0.546875000      0.609375000       1550398.75       9840576.00       15043383.0    
  0.578125000      0.609375000       539599.188       9256543.00       14980488.0    
  0.609375000      0.609375000      -378541.750       8677968.00       14977218.0    
  0.640625000      0.609375000      -1237217.75       8091502.00       15028823.0    
  0.671875000      0.609375000      -2060491.88       7474058.00       15132586.0    
  0.703125000      0.609375000      -2859203.50       6793523.00       15286895.0    
  0.734375000      0.609375000      -3628344.00       6011021.00       15490367.0    
  0.765625000      0.609375000      -4343056.50       5084928.50       15740720.0    
  0.796875000      0.609375000      -4954482.50       3976540.25       16033376.0    
  0.828125000      0.609375000      -5386050.00       2659713.50       16359806.0    
  0.859375000      0.609375000      -5534008.00       1135065.75       16705702.0    
  0.890625000      0.609375000      -5270444.50      -546628.812       17050208.0    
  0.921875000      0.609375000      -4463719.00      -2255253.00       17363644.0    
  0.953125000      0.609375000      -3041526.75      -3738106.75       17608422.0    
  0.984375000      0.609375000      -1086975.75      -4637458.50       17745272.0    
   1.56250000E-02  0.640625000       9987787.00      -63356440.0       37250320.0    
   4.68750000E-02  0.640625000       27377684.0      -54172408.0       35994072.0    
   7.81250000E-02  0.640625000       38708080.0      -39894080.0       33823344.0    
  0.109375000      0.640625000       43549568.0      -24908544.0       31172672.0    
  0.140625000      0.640625000       43351704.0      -11890182.0       28414320.0    
  0.171875000      0.640625000       40036656.0      -1801890.00       25795792.0    
  0.203125000      0.640625000       35186868.0       5447422.00       23450048.0    
  0.234375000      0.640625000       29841586.0       10264603.0       21427644.0    
  0.265625000      0.640625000       24623512.0       13196778.0       19739896.0    
  0.296875000      0.640625000       19872588.0       14743936.0       18365344.0    
  0.328125000      0.640625000       15727765.0       15321192.0       17268718.0    
  0.359375000      0.640625000       12214582.0       15252625.0       16410228.0    
  0.390625000      0.640625000       9294976.00       14781052.0       15750986.0    
  0.421875000      0.640625000       6898870.00       14082142.0       15255836.0    
  0.453125000      0.640625000       4943286.00       13278135.0       14894644.0    
  0.484375000      0.640625000       3343582.50       12450087.0       14642643.0    
  0.515625000      0.640625000       2019368.25       11647574.0       14480284.0    
  0.546875000      0.640625000       896960.875       10896219.0       14392836.0    
  0.578125000      0.640625000      -87982.8438       10202506.0       14370081.0    
  0.609375000      0.640625000      -990420.500       9559048.00       14405225.0    
  0.640625000      0.640625000      -1856626.00       8942990.00       14494725.0    
  0.671875000      0.640625000      -2721333.50       8319495.00       14637668.0    
  0.703125000      0.640625000      -3604861.00       7641509.00       14834903.0    
  0.734375000      0.640625000      -4508904.00       6850966.00       15088046.0    
  0.765625000      0.640625000      -5410660.00       5881493.50       15398123.0    
  0.796875000      0.640625000      -6255390.00       4663524.00       15763789.0    
  0.828125000      0.640625000      -6947122.00       3133288.50       16178979.0    
  0.859375000      0.640625000      -7341685.50       1247979.62       16629969.0    
  0.890625000      0.640625000      -7235548.00      -980288.062       17093260.0    
  0.921875000      0.640625000      -6365537.00      -3439142.50       17531296.0    
  0.953125000      0.640625000      -4495836.50      -5774936.00       17888080.0    
  0.984375000      0.640625000      -1644088.12      -7315460.00       18095352.0    
   1.56250000E-02  0.671875000       15843793.0      -88499856.0       41718504.0    
   4.68750000E-02  0.671875000       42097748.0      -71490624.0       39723496.0    
   7.81250000E-02  0.671875000       56559008.0      -47460712.0       36452608.0    
  0.109375000      0.671875000       60045056.0      -24934732.0       32697968.0    
  0.140625000      0.671875000       56440408.0      -7498267.50       29023452.0    
  0.171875000      0.671875000       49452384.0       4573795.00       25726388.0    
  0.203125000      0.671875000       41443092.0       12340733.0       22908116.0    
  0.234375000      0.671875000       33631008.0       16835954.0       20589624.0    
  0.265625000      0.671875000       26617852.0       19059852.0       18736076.0    
  0.296875000      0.671875000       20623366.0       19764792.0       17287836.0    
  0.328125000      0.671875000       15660470.0       19502192.0       16179252.0    
  0.359375000      0.671875000       11643682.0       18665794.0       15347739.0    
  0.390625000      0.671875000       8445196.00       17529904.0       14737968.0    
  0.421875000      0.671875000       5925229.00       16279599.0       14303324.0    
  0.453125000      0.671875000       3948050.75       15034444.0       14006002.0    
  0.484375000      0.671875000       2389708.50       13866764.0       13816364.0    
  0.515625000      0.671875000       1140603.50       12815055.0       13712063.0    
  0.546875000      0.671875000       105330.438       11893365.0       13677121.0    
  0.578125000      0.671875000      -797491.000       11098850.0       13701172.0    
  0.609375000      0.671875000      -1638057.25       10412651.0       13778174.0    
  0.640625000      0.671875000      -2476771.00       9802034.00       13906388.0    
  0.671875000      0.671875000      -3361973.50       9219946.00       14087460.0    
  0.703125000      0.671875000      -4327732.50       8603446.00       14325673.0    
  0.734375000      0.671875000      -5388359.50       7872729.00       14626938.0    
  0.765625000      0.671875000      -6530498.00       6931926.00       14997332.0    
  0.796875000      0.671875000      -7702687.00       5672130.00       15441012.0    
  0.828125000      0.671875000      -8800568.00       3976443.00       15957266.0    
  0.859375000      0.671875000      -9646558.00       1727739.62       16536372.0    
  0.890625000      0.671875000      -9957522.00      -1159438.38       17155066.0    
  0.921875000      0.671875000      -9258428.00      -4711899.00       17771988.0    
  0.953125000      0.671875000      -6918050.00      -8562761.00       18307502.0    
  0.984375000      0.671875000      -2627599.75      -11470278.0       18639182.0    
   1.56250000E-02  0.703125000       27001650.0      -129819888.       48006964.0    
   4.68750000E-02  0.703125000       68419712.0      -95247400.0       44604120.0    
   7.81250000E-02  0.703125000       85262432.0      -53089192.0       39462824.0    
  0.109375000      0.703125000       83512208.0      -19568280.0       34064292.0    
  0.140625000      0.703125000       72899712.0       2422595.50       29197008.0    
  0.171875000      0.703125000       59907428.0       15580142.0       25118930.0    
  0.203125000      0.703125000       47441312.0       22610678.0       21824976.0    
  0.234375000      0.703125000       36560696.0       25752686.0       19258858.0    
  0.265625000      0.703125000       27552348.0       26485388.0       17308336.0    
  0.296875000      0.703125000       20314926.0       25778748.0       15858288.0    
  0.328125000      0.703125000       14628768.0       24271846.0       14804454.0    
  0.359375000      0.703125000       10242296.0       22387046.0       14057994.0    
  0.390625000      0.703125000       6908781.00       20397892.0       13546121.0    
  0.421875000      0.703125000       4403408.00       18474432.0       13211004.0    
  0.453125000      0.703125000       2530450.50       16714354.0       13007982.0    
  0.484375000      0.703125000       1124194.00       15167706.0       12903580.0    
  0.515625000      0.703125000       45968.8438       13851567.0       12873676.0    
  0.546875000      0.703125000      -819243.250       12763532.0       12902043.0    
  0.578125000      0.703125000      -1568695.38       11886530.0       12978684.0    
  0.609375000      0.703125000      -2287237.75       11190158.0       13099277.0    
  0.640625000      0.703125000      -3049331.00       10632302.0       13264422.0    
  0.671875000      0.703125000      -3919920.00       10155162.0       13479042.0    
  0.703125000      0.703125000      -4952078.00       9681062.00       13751798.0    
  0.734375000      0.703125000      -6180424.50       9108296.00       14094252.0    
  0.765625000      0.703125000      -7611259.00       8309236.50       14519460.0    
  0.796875000      0.703125000      -9210874.00       7132080.00       15039821.0    
  0.828125000      0.703125000      -10891846.0       5401437.00       15663876.0    
  0.859375000      0.703125000      -12481960.0       2905780.50       16391672.0    
  0.890625000      0.703125000      -13679169.0      -628237.875       17206180.0    
  0.921875000      0.703125000      -13769026.0      -5609574.00       18077164.0    
  0.953125000      0.703125000      -11254774.0      -12185528.0       18909448.0    
  0.984375000      0.703125000      -4551920.50      -18369992.0       19484334.0    
   1.56250000E-02  0.734375000       50426304.0      -203533344.       57301112.0    
   4.68750000E-02  0.734375000       118834616.      -125131152.       50946856.0    
   7.81250000E-02  0.734375000       132234616.      -49081336.0       42514864.0    
  0.109375000      0.734375000       115557184.      -2027376.00       34744048.0    
  0.140625000      0.734375000       91553984.0       21956720.0       28472644.0    
  0.171875000      0.734375000       69613312.0       33061124.0       23598668.0    
  0.203125000      0.734375000       51623340.0       36995472.0       19943336.0    
  0.234375000      0.734375000       37505720.0       37200132.0       17267438.0    
  0.265625000      0.734375000       26643912.0       35417416.0       15351608.0    
  0.296875000      0.734375000       18409826.0       32630472.0       14014458.0    
  0.328125000      0.734375000       12268768.0       29440294.0       13110788.0    
  0.359375000      0.734375000       7769728.00       26224206.0       12526323.0    
  0.390625000      0.734375000       4532581.50       23206308.0       12172840.0    
  0.421875000      0.734375000       2241690.25       20508964.0       11983605.0    
  0.453125000      0.734375000       641326.438       18181920.0       11909461.0    
  0.484375000      0.734375000      -473078.688       16237440.0       11915110.0    
  0.515625000      0.734375000      -1263506.88       14659779.0       11976530.0    
  0.546875000      0.734375000      -1859706.00       13423036.0       12078156.0    
  0.578125000      0.734375000      -2370928.25       12492554.0       12211784.0    
  0.609375000      0.734375000      -2892285.00       11828219.0       12375347.0    
  0.640625000      0.734375000      -3511767.75       11381223.0       12572307.0    
  0.671875000      0.734375000      -4313213.50       11087554.0       12811386.0    
  0.703125000      0.734375000      -5374597.00       10859254.0       13106354.0    
  0.734375000      0.734375000      -6760184.00       10575266.0       13475574.0    
  0.765625000      0.734375000      -8506715.00       10076505.0       13940885.0    
  0.796875000      0.734375000      -10610487.0       9171182.00       14525492.0    
  0.828125000      0.734375000      -13027577.0       7645671.50       15250982.0    
  0.859375000      0.734375000      -15679275.0       5242567.00       16133670.0    
  0.890625000      0.734375000      -18475072.0       1479186.12       17175878.0    
  0.921875000      0.734375000      -20816180.0      -4729754.00       18384232.0    
  0.953125000      0.734375000      -19679868.0      -15906182.0       19718414.0    
  0.984375000      0.734375000      -8812866.00      -30985884.0       20829752.0    
   1.56250000E-02  0.765625000       105426512.      -349196704.       71953880.0    
   4.68750000E-02  0.765625000       222885024.      -148637120.       58700824.0    
   7.81250000E-02  0.765625000       208357440.      -13637199.0       44426752.0    
  0.109375000      0.765625000       154694288.       40057896.0       33604016.0    
  0.140625000      0.765625000       108092256.       56420904.0       26013332.0    
  0.171875000      0.765625000       74906712.0       58383744.0       20654196.0    
  0.203125000      0.765625000       51580228.0       55496940.0       16958880.0    
  0.234375000      0.765625000       34982652.0       50832752.0       14442636.0    
  0.265625000      0.765625000       22982684.0       45457220.0       12772408.0    
  0.296875000      0.765625000       14337802.0       39940592.0       11710733.0    
  0.328125000      0.765625000       8222502.00       34664332.0       11081839.0    
  0.359375000      0.765625000       4008310.75       29879046.0       10753845.0    
  0.390625000      0.765625000       1193540.00       25701812.0       10629319.0    
  0.421875000      0.765625000      -620648.125       22174906.0       10637497.0    
  0.453125000      0.765625000      -1741373.25       19269866.0       10729062.0    
  0.484375000      0.765625000      -2398279.00       16941158.0       10869985.0    
  0.515625000      0.765625000      -2768135.75       15128487.0       11038428.0    
  0.546875000      0.765625000      -2986467.00       13775856.0       11221816.0    
  0.578125000      0.765625000      -3163513.00       12831534.0       11414685.0    
  0.609375000      0.765625000      -3398568.50       12248039.0       11617745.0    
  0.640625000      0.765625000      -3789996.50       11976253.0       11837550.0    
  0.671875000      0.765625000      -4441891.00       11954988.0       12086724.0    
  0.703125000      0.765625000      -5464367.50       12095895.0       12384400.0    
  0.734375000      0.765625000      -6963173.00       12264680.0       12756464.0    
  0.765625000      0.765625000      -9015344.00       12268736.0       13234794.0    
  0.796875000      0.765625000      -11641709.0       11873286.0       13854828.0    
  0.828125000      0.765625000      -14820446.0       10868158.0       14651986.0    
  0.859375000      0.765625000      -18644376.0       9167640.00       15660098.0    
  0.890625000      0.765625000      -23660888.0       6601936.00       16917722.0    
  0.921875000      0.765625000      -31169478.0       1572881.75       18480232.0    
  0.953125000      0.765625000      -37514072.0      -14832930.0       20618866.0    
  0.984375000      0.765625000      -19633162.0      -57112500.0       23080246.0    
   1.56250000E-02  0.796875000       251039152.      -673080064.       97034432.0    
   4.68750000E-02  0.796875000       454421632.      -94218104.0       65701936.0    
   7.81250000E-02  0.796875000       321010432.       109379600.       41752976.0    
  0.109375000      0.796875000       185722032.       127448912.       28470124.0    
  0.140625000      0.796875000       109915808.       108560392.       20513436.0    
  0.171875000      0.796875000       68725120.0       90064280.0       15650694.0    
  0.203125000      0.796875000       44072352.0       76445848.0       12579556.0    
  0.234375000      0.796875000       27465998.0       65497352.0       10652600.0    
  0.265625000      0.796875000       15751750.0       55797808.0       9517336.00    
  0.296875000      0.796875000       7616937.00       47091936.0       8935482.00    
  0.328125000      0.796875000       2207223.50       39434556.0       8729380.00    
  0.359375000      0.796875000      -1191695.62       32938960.0       8764614.00    
  0.390625000      0.796875000      -3172810.00       27564220.0       8945575.00    
  0.421875000      0.796875000      -4191018.50       23225776.0       9204266.00    
  0.453125000      0.796875000      -4591468.00       19789534.0       9496702.00    
  0.484375000      0.796875000      -4614790.00       17131654.0       9795518.00    
  0.515625000      0.796875000      -4428511.00       15138516.0       10084488.0    
  0.546875000      0.796875000      -4156660.00       13720463.0       10355630.0    
  0.578125000      0.796875000      -3898745.75       12809470.0       10607284.0    
  0.609375000      0.796875000      -3747565.25       12355992.0       10843266.0    
  0.640625000      0.796875000      -3804819.00       12321124.0       11072970.0    
  0.671875000      0.796875000      -4193572.00       12661931.0       11312308.0    
  0.703125000      0.796875000      -5064903.00       13309572.0       11585182.0    
  0.734375000      0.796875000      -6587346.00       14131384.0       11925004.0    
  0.765625000      0.796875000      -8898103.00       14890662.0       12374574.0    
  0.796875000      0.796875000      -12011016.0       15257837.0       12981551.0    
  0.828125000      0.796875000      -15733230.0       14971011.0       13788527.0    
  0.859375000      0.796875000      -19943332.0       14461690.0       14823408.0    
  0.890625000      0.796875000      -26103806.0       15884886.0       16122638.0    
  0.921875000      0.796875000      -42290464.0       21163144.0       17788096.0    
  0.953125000      0.796875000      -78373968.0       15202451.0       20812204.0    
  0.984375000      0.796875000      -51097928.0      -119152512.       27128564.0    
   1.56250000E-02  0.828125000       684425856.      -1.48178227E+09   144054592.    
   4.68750000E-02  0.828125000       1.00539731E+09   378139072.       60045628.0    
   7.81250000E-02  0.828125000       430200576.       446427008.       25534056.0    
  0.109375000      0.828125000       153997744.       275331200.       14739451.0    
  0.140625000      0.828125000       70565120.0       167150192.       10340562.0    
  0.171875000      0.828125000       42787520.0       119607016.       8097832.00    
  0.203125000      0.828125000       27012952.0       95879136.0       6681393.00    
  0.234375000      0.828125000       14334612.0       79436144.0       5877330.00    
  0.265625000      0.828125000       4577272.50       65366616.0       5605183.50    
  0.296875000      0.828125000      -2022947.88       53274912.0       5727475.00    
  0.328125000      0.828125000      -5933952.50       43126400.0       6105568.00    
  0.359375000      0.828125000      -7863434.50       34918312.0       6614506.50    
  0.390625000      0.828125000      -8517419.00       28424814.0       7172950.00    
  0.421875000      0.828125000      -8396429.00       23387560.0       7729659.00    
  0.453125000      0.828125000      -7834242.00       19540140.0       8253699.00    
  0.484375000      0.828125000      -7049296.00       16660872.0       8728615.00    
  0.515625000      0.828125000      -6179327.00       14575692.0       9147250.00    
  0.546875000      0.828125000      -5315513.00       13159538.0       9508466.00    
  0.578125000      0.828125000      -4527983.50       12331218.0       9815384.00    
  0.609375000      0.828125000      -3886916.25       12046770.0       10074866.0    
  0.640625000      0.828125000      -3484057.50       12292670.0       10298120.0    
  0.671875000      0.828125000      -3453443.00       13067466.0       10502615.0    
  0.703125000      0.828125000      -3994912.50       14358736.0       10714906.0    
  0.734375000      0.828125000      -5382079.00       16079794.0       10974756.0    
  0.765625000      0.828125000      -7888894.00       17956276.0       11337419.0    
  0.796875000      0.828125000      -11561620.0       19427756.0       11865561.0    
  0.828125000      0.828125000      -15616475.0       19645332.0       12598968.0    
  0.859375000      0.828125000      -17739008.0       18877164.0       13476557.0    
  0.890625000      0.828125000      -16954696.0       25447300.0       14277700.0    
  0.921875000      0.828125000      -32633846.0       68244784.0       14923146.0    
  0.953125000      0.828125000      -178808448.       185871040.       16424672.0    
  0.984375000      0.828125000      -154171296.      -281888256.       34897616.0    
   1.56250000E-02  0.859375000       2.11192525E+09  -3.64360141E+09   236940864.    
   4.68750000E-02  0.859375000       2.39747098E+09   2.79810048E+09  -12801340.0    
   7.81250000E-02  0.859375000       231981280.       1.25281741E+09  -26354096.0    
  0.109375000      0.859375000      -93500656.0       414985632.      -14824135.0    
  0.140625000      0.859375000      -45500656.0       179340896.      -5413758.00    
  0.171875000      0.859375000      -2260864.00       130468744.      -1705498.75    
  0.203125000      0.859375000       4102049.00       110002544.      -477958.062    
  0.234375000      0.859375000      -2921413.75       91664592.0       254750.016    
  0.265625000      0.859375000      -10367204.0       73497360.0       1148065.25    
  0.296875000      0.859375000      -14604496.0       57759588.0       2193954.75    
  0.328125000      0.859375000      -16120614.0       45045800.0       3300215.25    
  0.359375000      0.859375000      -15886896.0       35250112.0       4382552.00    
  0.390625000      0.859375000      -14694822.0       27866454.0       5384211.50    
  0.421875000      0.859375000      -13072315.0       22374744.0       6277725.00    
  0.453125000      0.859375000      -11315747.0       18331724.0       7054202.50    
  0.484375000      0.859375000      -9577313.00       15402034.0       7714867.00    
  0.515625000      0.859375000      -7928107.00       13348214.0       8265721.00    
  0.546875000      0.859375000      -6399377.00       12014432.0       8714673.00    
  0.578125000      0.859375000      -5009538.00       11312431.0       9070332.00    
  0.609375000      0.859375000      -3784200.50       11212092.0       9342030.00    
  0.640625000      0.859375000      -2780779.00       11741705.0       9540701.00    
  0.671875000      0.859375000      -2123321.50       12968880.0       9681851.00    
  0.703125000      0.859375000      -2047992.62       14999904.0       9790580.00    
  0.734375000      0.859375000      -2969186.00       17909068.0       9908418.00    
  0.765625000      0.859375000      -5519180.50       21546336.0       10103032.0    
  0.796875000      0.859375000      -10269346.0       25082366.0       10469672.0    
  0.828125000      0.859375000      -16155240.0       25927838.0       11080652.0    
  0.859375000      0.859375000      -13865198.0       18377398.0       11700827.0    
  0.890625000      0.859375000       23368268.0       6925112.00       10797572.0    
  0.921875000      0.859375000       104340000.       133237456.       5198928.50    
  0.953125000      0.859375000      -447896256.       1.02139142E+09  -10137874.0    
  0.984375000      0.859375000      -524535712.      -688655232.       47785144.0    
   1.56250000E-02  0.890625000       7.15447552E+09  -9.04351027E+09   379763328.    
   4.68750000E-02  0.890625000       6.03622144E+09   1.41810012E+10  -390442176.    
   7.81250000E-02  0.890625000      -1.84372326E+09   2.28550221E+09  -187199248.    
  0.109375000      0.890625000      -923128768.       38315168.0      -66139128.0    
  0.140625000      0.890625000      -225283728.       34234368.0      -22386870.0    
  0.171875000      0.890625000      -32868080.0       118526656.      -11700374.0    
  0.203125000      0.890625000      -14522697.0       125700144.      -8236921.50    
  0.234375000      0.890625000      -23221596.0       104994912.      -5963183.00    
  0.265625000      0.890625000      -29534162.0       80069840.0      -3744101.50    
  0.296875000      0.890625000      -30609154.0       59499652.0      -1563555.75    
  0.328125000      0.890625000      -28472696.0       44184988.0       436825.500    
  0.359375000      0.890625000      -25060884.0       33219280.0       2188337.75    
  0.390625000      0.890625000      -21400744.0       25443216.0       3680268.75    
  0.421875000      0.890625000      -17935178.0       19929372.0       4929728.00    
  0.453125000      0.890625000      -14809414.0       16020597.0       5962961.50    
  0.484375000      0.890625000      -12034690.0       13275114.0       6806454.00    
  0.515625000      0.890625000      -9568864.00       11407212.0       7483341.00    
  0.546875000      0.890625000      -7353529.00       10243386.0       8012331.00    
  0.578125000      0.890625000      -5332288.50       9697363.00       8407763.00    
  0.609375000      0.890625000      -3461646.00       9760288.00       8680296.00    
  0.640625000      0.890625000      -1733394.25       10503202.0       8837152.00    
  0.671875000      0.890625000      -205795.016       12086618.0       8887444.00    
  0.703125000      0.890625000       922678.812       14800810.0       8844414.00    
  0.734375000      0.890625000       1128384.38       19087026.0       8737104.00    
  0.765625000      0.890625000      -836207.000       25504236.0       8633971.00    
  0.796875000      0.890625000      -7675947.50       34396420.0       8690385.00    
  0.828125000      0.890625000      -23574776.0       44313352.0       9202842.00    
  0.859375000      0.890625000      -45404888.0       44578864.0       10257449.0    
  0.890625000      0.890625000       7569772.00      -6723560.00       8376763.00    
  0.921875000      0.890625000       643367808.      -525090560.      -25268080.0    
  0.953125000      0.890625000      -1.33680870E+09   4.00838912E+09  -144060864.    
  0.984375000      0.890625000      -1.94439040E+09  -2.76417638E+09   29972616.0    
   1.56250000E-02  0.921875000       2.61322629E+10  -4.02324070E+10   42663560.0    
   4.68750000E-02  0.921875000       1.80385280E+10   5.35836099E+10  -2.15434803E+09
   7.81250000E-02  0.921875000      -8.71020851E+09  -6.12340429E+09  -589372032.    
  0.109375000      0.921875000      -410958656.       80905152.0      -78062896.0    
  0.140625000      0.921875000       324765120.       260859824.      -21610960.0    
  0.171875000      0.921875000       141310000.       263713296.      -19039564.0    
  0.203125000      0.921875000       3888074.00       190775408.      -17145692.0    
  0.234375000      0.921875000      -46162080.0       127235776.      -13246960.0    
  0.265625000      0.921875000      -55081728.0       83879744.0      -9063796.00    
  0.296875000      0.921875000      -50330576.0       56415120.0      -5353456.00    
  0.328125000      0.921875000      -42358744.0       39141824.0      -2281531.50    
  0.359375000      0.921875000      -34615884.0       28071484.0       200098.578    
  0.390625000      0.921875000      -27979530.0       20793994.0       2189745.50    
  0.421875000      0.921875000      -22492132.0       15899640.0       3781492.25    
  0.453125000      0.921875000      -17968316.0       12559566.0       5051709.50    
  0.484375000      0.921875000      -14189980.0       10280648.0       6058565.50    
  0.515625000      0.921875000      -10959412.0       8769693.00       6844773.00    
  0.546875000      0.921875000      -8108590.00       7861964.50       7440469.00    
  0.578125000      0.921875000      -5492243.00       7482676.00       7865362.50    
  0.609375000      0.921875000      -2978688.50       7641250.00       8129669.50    
  0.640625000      0.921875000      -455930.250       8434450.00       8234984.00    
  0.671875000      0.921875000       2170207.00       10090793.0       8177295.50    
  0.703125000      0.921875000       4940821.00       13058886.0       7944591.00    
  0.734375000      0.921875000       7699222.50       18197348.0       7521816.00    
  0.765625000      0.921875000       9653495.00       27204812.0       6903104.50    
  0.796875000      0.921875000       7868870.00       43717744.0       6128319.00    
  0.828125000      0.921875000      -8712627.00       76704328.0       5380971.00    
  0.859375000      0.921875000      -92992320.0       153281408.       5300136.50    
  0.890625000      0.921875000      -545929344.       352805728.       10461230.0    
  0.921875000      0.921875000      -606505088.       841632704.       73991192.0    
  0.953125000      0.921875000       3.48513024E+09  -1.55782579E+09  -474403904.    
  0.984375000      0.921875000       3.62725171E+09   1.72791578E+09   127290528.    
   1.56250000E-02  0.953125000      -3.89840323E+10   7.65381632E+09   2.36601549E+09
   4.68750000E-02  0.953125000      -4.05323080E+10  -604766208.      -6.10638029E+09
   7.81250000E-02  0.953125000       2.87011328E+09   6.61011046E+09   587705280.    
  0.109375000      0.953125000       4.98472755E+09   3.05354470E+09  -119358528.    
  0.140625000      0.953125000       636430592.       1.37862118E+09  -68036104.0    
  0.171875000      0.953125000       16661332.0       608188800.      -47525068.0    
  0.203125000      0.953125000      -121159456.       274881216.      -33522772.0    
  0.234375000      0.953125000      -123685568.       135069568.      -22603952.0    
  0.265625000      0.953125000      -98557888.0       73505264.0      -14591884.0    
  0.296875000      0.953125000      -74738896.0       43796364.0      -8795297.00    
  0.328125000      0.953125000      -56610264.0       28147072.0      -4545187.00    
  0.359375000      0.953125000      -43335492.0       19233780.0      -1364135.50    
  0.390625000      0.953125000      -33543718.0       13808814.0       1060819.12    
  0.421875000      0.953125000      -26156656.0       10340243.0       2934194.25    
  0.453125000      0.953125000      -20421448.0       8052180.00       4391395.00    
  0.484375000      0.953125000      -15819412.0       6528273.00       5523303.50    
  0.515625000      0.953125000      -11984082.0       5538248.00       6391038.00    
  0.546875000      0.953125000      -8638166.00       4958545.00       7034805.00    
  0.578125000      0.953125000      -5550046.50       4740033.00       7478653.00    
  0.609375000      0.953125000      -2505219.75       4895080.00       7731514.00    
  0.640625000      0.953125000       723070.125       5510817.50       7788567.50    
  0.671875000      0.953125000       4428793.00       6791026.00       7630399.00    
  0.703125000      0.953125000       9046409.00       9151458.00       7213236.00    
  0.734375000      0.953125000       15302157.0       13429456.0       6457224.00    
  0.765625000      0.953125000       24712590.0       21343008.0       5215482.00    
  0.796875000      0.953125000       41615100.0       36512332.0       3181637.50    
  0.828125000      0.953125000       82598888.0       66848576.0      -483510.031    
  0.859375000      0.953125000       220923040.       134297424.      -8790700.00    
  0.890625000      0.953125000       751689920.       265906352.      -33824584.0    
  0.921875000      0.953125000       3.16063488E+09   978856192.      -107197456.    
  0.953125000      0.953125000      -2.18440166E+09  -4.35033600E+09  -420434624.    
  0.984375000      0.953125000      -4.75805133E+09   3.10577152E+09  -168254576.    
   1.56250000E-02  0.984375000       5.32848927E+10   4.14540677E+10  -439591616.    
   4.68750000E-02  0.984375000       2.32971080E+10  -4.24110858E+10  -7.68176230E+09
   7.81250000E-02  0.984375000      -3.52543785E+10   1.41112207E+10  -1.17619686E+09
  0.109375000      0.984375000      -7.11738368E+09   2.77844787E+09  -413278560.    
  0.140625000      0.984375000      -2.56318746E+09   1.07028320E+09  -183287104.    
  0.171875000      0.984375000      -1.02351373E+09   398638720.      -94088808.0    
  0.203125000      0.984375000      -466902144.       152092720.      -52443848.0    
  0.234375000      0.984375000      -244957568.       64157460.0      -30935372.0    
  0.265625000      0.984375000      -145829792.       31106186.0      -18678190.0    
  0.296875000      0.984375000      -95478512.0       17127902.0      -11036358.0    
  0.328125000      0.984375000      -66835656.0       10454790.0      -5900358.50    
  0.359375000      0.984375000      -48929280.0       6919157.00      -2252183.75    
  0.390625000      0.984375000      -36867060.0       4869589.00       441067.375    
  0.421875000      0.984375000      -28248464.0       3600256.25       2479018.75    
  0.453125000      0.984375000      -21781476.0       2780230.75       4041687.00    
  0.484375000      0.984375000      -16705102.0       2241817.50       5242436.00    
  0.515625000      0.984375000      -12529424.0       1896355.00       6154265.50    
  0.546875000      0.984375000      -8908240.00       1696129.75       6823414.50    
  0.578125000      0.984375000      -5557827.00       1625471.38       7276417.00    
  0.609375000      0.984375000      -2208685.25       1689091.62       7521223.00    
  0.640625000      0.984375000       1439781.25       1921848.62       7548811.00    
  0.671875000      0.984375000       5812896.50       2404970.75       7329571.00    
  0.703125000      0.984375000       11589516.0       3303398.00       6799279.00    
  0.734375000      0.984375000       19930580.0       4939401.50       5839714.00    
  0.765625000      0.984375000       32884608.0       7898296.50       4241152.00    
  0.796875000      0.984375000       53874928.0       12976721.0       1646161.50    
  0.828125000      0.984375000       88774000.0       19571306.0      -2505410.75    
  0.859375000      0.984375000       145796816.       17418346.0      -9539382.00    
  0.890625000      0.984375000       214771648.      -85917200.0      -23973914.0    
  0.921875000      0.984375000      -238043648.      -470657664.      -73458464.0    
  0.953125000      0.984375000       706617664.       359127808.      -83213216.0    
  0.984375000      0.984375000       1.06895616E+09  -897889280.      -157808704.    
