 VARIABLES="X","Y","U","V","P"
 ZONE F=POINT, I=          32 , J=          32
   1.56250000E-02   1.56250000E-02  -2.86464601E-05   2.79807828E-05   2.17068219E-03
   4.68750000E-02   1.56250000E-02  -1.97911693E-04   1.39718424E-04   2.15959852E-03
   7.81250000E-02   1.56250000E-02  -5.49716875E-04   2.10281985E-04   2.15545413E-03
  0.109375000       1.56250000E-02  -1.00235315E-03   2.40538822E-04   2.16431450E-03
  0.140625000       1.56250000E-02  -1.49298576E-03   2.48265103E-04   2.18789978E-03
  0.171875000       1.56250000E-02  -1.98934926E-03   2.46254815E-04   2.22635921E-03
  0.203125000       1.56250000E-02  -2.47787684E-03   2.40412279E-04   2.27954704E-03
  0.234375000       1.56250000E-02  -2.95279594E-03   2.32626553E-04   2.34739087E-03
  0.265625000       1.56250000E-02  -3.41049815E-03   2.23171272E-04   2.42990605E-03
  0.296875000       1.56250000E-02  -3.84744210E-03   2.11840175E-04   2.52712728E-03
  0.328125000       1.56250000E-02  -4.25958307E-03   1.98335052E-04   2.63901893E-03
  0.359375000       1.56250000E-02  -4.64227982E-03   1.82357413E-04   2.76543945E-03
  0.390625000       1.56250000E-02  -4.99031646E-03   1.63630713E-04   2.90606194E-03
  0.421875000       1.56250000E-02  -5.29795466E-03   1.41909899E-04   3.06032435E-03
  0.453125000       1.56250000E-02  -5.55901323E-03   1.16997355E-04   3.22738942E-03
  0.484375000       1.56250000E-02  -5.76699525E-03   8.87736242E-05   3.40606738E-03
  0.515625000       1.56250000E-02  -5.91525389E-03   5.72098106E-05   3.59481759E-03
  0.546875000       1.56250000E-02  -5.99718792E-03   2.23831303E-05   3.79167916E-03
  0.578125000       1.56250000E-02  -6.00659801E-03  -1.53845085E-05   3.99426091E-03
  0.609375000       1.56250000E-02  -5.93728945E-03  -5.64080838E-05   4.19936888E-03
  0.640625000       1.56250000E-02  -5.78339631E-03  -1.00041121E-04   4.40369220E-03
  0.671875000       1.56250000E-02  -5.54066058E-03  -1.45322032E-04   4.60353587E-03
  0.703125000       1.56250000E-02  -5.20691741E-03  -1.91115483E-04   4.79489006E-03
  0.734375000       1.56250000E-02  -4.78245504E-03  -2.36100968E-04   4.97355312E-03
  0.765625000       1.56250000E-02  -4.27041529E-03  -2.78747175E-04   5.13530802E-03
  0.796875000       1.56250000E-02  -3.67736281E-03  -3.17161583E-04   5.27610630E-03
  0.828125000       1.56250000E-02  -3.01451795E-03  -3.48575559E-04   5.39226132E-03
  0.859375000       1.56250000E-02  -2.30084499E-03  -3.68019129E-04   5.48069971E-03
  0.890625000       1.56250000E-02  -1.56991323E-03  -3.65859829E-04   5.53941727E-03
  0.921875000       1.56250000E-02  -8.81917425E-04  -3.25105764E-04   5.56829479E-03
  0.953125000       1.56250000E-02  -3.36158497E-04  -2.23644805E-04   5.57088340E-03
  0.984375000       1.56250000E-02  -5.70071206E-05  -5.79557454E-05   5.55760274E-03
   1.56250000E-02   4.68750000E-02  -1.45990503E-04   2.01054558E-04   2.18179869E-03
   4.68750000E-02   4.68750000E-02  -6.45317661E-04   6.31641829E-04   2.17053317E-03
   7.81250000E-02   4.68750000E-02  -1.47628412E-03   8.97059508E-04   2.16917926E-03
  0.109375000       4.68750000E-02  -2.48902175E-03   1.01504766E-03   2.18008575E-03
  0.140625000       4.68750000E-02  -3.57581419E-03   1.04707130E-03   2.20445986E-03
  0.171875000       4.68750000E-02  -4.67479602E-03   1.03865657E-03   2.24279659E-03
  0.203125000       4.68750000E-02  -5.75468270E-03   1.01225171E-03   2.29530828E-03
  0.234375000       4.68750000E-02  -6.79915491E-03   9.75960342E-04   2.36214651E-03
  0.265625000       4.68750000E-02  -7.79750105E-03   9.31613322E-04   2.44342885E-03
  0.296875000       4.68750000E-02  -8.74041114E-03   8.78919614E-04   2.53923796E-03
  0.328125000       4.68750000E-02  -9.61845927E-03   8.17037013E-04   2.64955731E-03
  0.359375000       4.68750000E-02  -1.04216430E-02   7.45040365E-04   2.77427677E-03
  0.390625000       4.68750000E-02  -1.11392960E-02   6.62045204E-04   2.91307596E-03
  0.421875000       4.68750000E-02  -1.17601370E-02   5.67270792E-04   3.06542101E-03
  0.453125000       4.68750000E-02  -1.22723859E-02   4.60122246E-04   3.23049980E-03
  0.484375000       4.68750000E-02  -1.26639903E-02   3.40280531E-04   3.40713304E-03
  0.515625000       4.68750000E-02  -1.29229240E-02   2.07789286E-04   3.59381875E-03
  0.546875000       4.68750000E-02  -1.30375195E-02   6.30712311E-05   3.78861767E-03
  0.578125000       4.68750000E-02  -1.29965153E-02  -9.30965034E-05   3.98906646E-03
  0.609375000       4.68750000E-02  -1.27895949E-02  -2.60522414E-04   4.19211667E-03
  0.640625000       4.68750000E-02  -1.24085899E-02  -4.36593051E-04   4.39445674E-03
  0.671875000       4.68750000E-02  -1.18482867E-02  -6.17749349E-04   4.59239585E-03
  0.703125000       4.68750000E-02  -1.11071169E-02  -7.99702015E-04   4.78192978E-03
  0.734375000       4.68750000E-02  -1.01879416E-02  -9.77401622E-04   4.95886989E-03
  0.765625000       4.68750000E-02  -9.09890607E-03  -1.14490720E-03   5.11903968E-03
  0.796875000       4.68750000E-02  -7.85472244E-03  -1.29473559E-03   5.25843538E-03
  0.828125000       4.68750000E-02  -6.47930102E-03  -1.41585479E-03   5.37351100E-03
  0.859375000       4.68750000E-02  -5.01140533E-03  -1.48896500E-03   5.46147954E-03
  0.890625000       4.68750000E-02  -3.51560023E-03  -1.47836166E-03   5.52081037E-03
  0.921875000       4.68750000E-02  -2.09884765E-03  -1.32410391E-03   5.55188768E-03
  0.953125000       4.68750000E-02  -9.25487664E-04  -9.50546819E-04   5.55777736E-03
  0.984375000       4.68750000E-02  -2.12063023E-04  -3.29316914E-04   5.54433279E-03
   1.56250000E-02   7.81250000E-02  -2.27806770E-04   5.73063444E-04   2.18533818E-03
   4.68750000E-02   7.81250000E-02  -9.51530994E-04   1.47863664E-03   2.17079651E-03
   7.81250000E-02   7.81250000E-02  -2.08895444E-03   2.01393152E-03   2.16927426E-03
  0.109375000       7.81250000E-02  -3.43665108E-03   2.25407351E-03   2.18062568E-03
  0.140625000       7.81250000E-02  -4.86635789E-03   2.31998903E-03   2.20512599E-03
  0.171875000       7.81250000E-02  -6.30565779E-03   2.29943870E-03   2.24310113E-03
  0.203125000       7.81250000E-02  -7.71616679E-03   2.23724497E-03   2.29485333E-03
  0.234375000       7.81250000E-02  -9.07625444E-03   2.15085945E-03   2.36065849E-03
  0.265625000       7.81250000E-02  -1.03710480E-02   2.04512803E-03   2.44073081E-03
  0.296875000       7.81250000E-02  -1.15878023E-02   1.92027690E-03   2.53523374E-03
  0.328125000       7.81250000E-02  -1.27140870E-02   1.77513761E-03   2.64422502E-03
  0.359375000       7.81250000E-02  -1.37371477E-02   1.60821620E-03   2.76765483E-03
  0.390625000       7.81250000E-02  -1.46437287E-02   1.41802861E-03   2.90525821E-03
  0.421875000       7.81250000E-02  -1.54200569E-02   1.20325573E-03   3.05657880E-03
  0.453125000       7.81250000E-02  -1.60519183E-02   9.62917227E-04   3.22086411E-03
  0.484375000       7.81250000E-02  -1.65248513E-02   6.96544419E-04   3.39700794E-03
  0.515625000       7.81250000E-02  -1.68244094E-02   4.04367573E-04   3.58354021E-03
  0.546875000       7.81250000E-02  -1.69365387E-02   8.73867102E-05   3.77854542E-03
  0.578125000       7.81250000E-02  -1.68480687E-02  -2.52916245E-04   3.97950877E-03
  0.609375000       7.81250000E-02  -1.65479556E-02  -6.13959623E-04   4.18357085E-03
  0.640625000       7.81250000E-02  -1.60281137E-02  -9.90420114E-04   4.38730326E-03
  0.671875000       7.81250000E-02  -1.52837131E-02  -1.37524714E-03   4.58692480E-03
  0.703125000       7.81250000E-02  -1.43141383E-02  -1.75975822E-03   4.77832276E-03
  0.734375000       7.81250000E-02  -1.31240338E-02  -2.13361159E-03   4.95719211E-03
  0.765625000       7.81250000E-02  -1.17244311E-02  -2.48447713E-03   5.11921383E-03
  0.796875000       7.81250000E-02  -1.01343971E-02  -2.79665575E-03   5.26025053E-03
  0.828125000       7.81250000E-02  -8.38408992E-03  -3.04704346E-03   5.37669891E-03
  0.859375000       7.81250000E-02  -6.52096327E-03  -3.19625810E-03   5.46575710E-03
  0.890625000       7.81250000E-02  -4.62139724E-03  -3.17395921E-03   5.52591262E-03
  0.921875000       7.81250000E-02  -2.80894572E-03  -2.86526699E-03   5.55740763E-03
  0.953125000       7.81250000E-02  -1.27618480E-03  -2.12307740E-03   5.56246052E-03
  0.984375000       7.81250000E-02  -3.04402405E-04  -8.48470256E-04   5.54460939E-03
   1.56250000E-02  0.109375000      -2.71370373E-04   1.07046764E-03   2.17370037E-03
   4.68750000E-02  0.109375000      -1.12144777E-03   2.55101174E-03   2.15631491E-03
   7.81250000E-02  0.109375000      -2.43612216E-03   3.38915130E-03   2.15369416E-03
  0.109375000      0.109375000      -3.97395715E-03   3.75987054E-03   2.16457760E-03
  0.140625000      0.109375000      -5.59302652E-03   3.85843404E-03   2.18861364E-03
  0.171875000      0.109375000      -7.21650664E-03   3.81921278E-03   2.22592033E-03
  0.203125000      0.109375000      -8.80394131E-03   3.71081708E-03   2.27677869E-03
  0.234375000      0.109375000      -1.03319790E-02   3.56076960E-03   2.34151958E-03
  0.265625000      0.109375000      -1.17841065E-02   3.37743759E-03   2.42045522E-03
  0.296875000      0.109375000      -1.31460736E-02   3.16192233E-03   2.51383800E-03
  0.328125000      0.109375000      -1.44041125E-02   2.91296886E-03   2.62181414E-03
  0.359375000      0.109375000      -1.55442758E-02   2.62867147E-03   2.74443999E-03
  0.390625000      0.109375000      -1.65521931E-02   2.30703130E-03   2.88155256E-03
  0.421875000      0.109375000      -1.74130127E-02   1.94623577E-03   3.03279725E-03
  0.453125000      0.109375000      -1.81114264E-02   1.54491188E-03   3.19753052E-03
  0.484375000      0.109375000      -1.86317917E-02   1.10239629E-03   3.37474840E-03
  0.515625000      0.109375000      -1.89583804E-02   6.19040802E-04   3.56305484E-03
  0.546875000      0.109375000      -1.90758053E-02   9.64644714E-05   3.76058323E-03
  0.578125000      0.109375000      -1.89698897E-02  -4.62383206E-04   3.96484137E-03
  0.609375000      0.109375000      -1.86287202E-02  -1.05198310E-03   4.17292956E-03
  0.640625000      0.109375000      -1.80431940E-02  -1.66416413E-03   4.38132556E-03
  0.671875000      0.109375000      -1.72076598E-02  -2.28803931E-03   4.58607916E-03
  0.703125000      0.109375000      -1.61210299E-02  -2.90996814E-03   4.78285132E-03
  0.734375000      0.109375000      -1.47880111E-02  -3.51350335E-03   4.96708229E-03
  0.765625000      0.109375000      -1.32204965E-02  -4.07883478E-03   5.13414619E-03
  0.796875000      0.109375000      -1.14394519E-02  -4.58063697E-03   5.27963974E-03
  0.828125000      0.109375000      -9.47817881E-03  -4.98201093E-03   5.39966486E-03
  0.859375000      0.109375000      -7.38867186E-03  -5.22137526E-03   5.49124368E-03
  0.890625000      0.109375000      -5.25373267E-03  -5.19085862E-03   5.55271190E-03
  0.921875000      0.109375000      -3.20739881E-03  -4.71470319E-03   5.58410771E-03
  0.953125000      0.109375000      -1.46373117E-03  -3.55763547E-03   5.58733242E-03
  0.984375000      0.109375000      -3.50168761E-04  -1.50573521E-03   5.56551525E-03
   1.56250000E-02  0.140625000      -2.92548735E-04   1.63263211E-03   2.14380422E-03
   4.68750000E-02  0.140625000      -1.20976451E-03   3.75215174E-03   2.12447648E-03
   7.81250000E-02  0.140625000      -2.62511987E-03   4.91357129E-03   2.12064176E-03
  0.109375000      0.140625000      -4.27335873E-03   5.41704614E-03   2.13064672E-03
  0.140625000      0.140625000      -6.00221008E-03   5.54468203E-03   2.15385575E-03
  0.171875000      0.140625000      -7.73177017E-03   5.48148109E-03   2.19025323E-03
  0.203125000      0.140625000      -9.42095183E-03   5.32060862E-03   2.24010902E-03
  0.234375000      0.140625000      -1.10462066E-02   5.09967003E-03   2.30379030E-03
  0.265625000      0.140625000      -1.25907566E-02   4.83055599E-03   2.38168985E-03
  0.296875000      0.140625000      -1.40400175E-02   4.51530982E-03   2.47416506E-03
  0.328125000      0.140625000      -1.53798610E-02   4.15266771E-03   2.58149300E-03
  0.359375000      0.140625000      -1.65959764E-02   3.74036329E-03   2.70382594E-03
  0.390625000      0.140625000      -1.76735949E-02   3.27588478E-03   2.84116878E-03
  0.421875000      0.140625000      -1.85973682E-02   2.75686360E-03   2.99330777E-03
  0.453125000      0.140625000      -1.93513390E-02   2.18142010E-03   3.15973768E-03
  0.484375000      0.140625000      -1.99190192E-02   1.54853030E-03   3.33959470E-03
  0.515625000      0.140625000      -2.02835910E-02   8.58489773E-04   3.53161199E-03
  0.546875000      0.140625000      -2.04283278E-02   1.13416325E-04   3.73400329E-03
  0.578125000      0.140625000      -2.03373805E-02  -6.82159152E-04   3.94430989E-03
  0.609375000      0.140625000      -1.99966058E-02  -1.52031891E-03   4.15946031E-03
  0.640625000      0.140625000      -1.93943232E-02  -2.39000749E-03   4.37579444E-03
  0.671875000      0.140625000      -1.85223538E-02  -3.27628152E-03   4.58915439E-03
  0.703125000      0.140625000      -1.73773654E-02  -4.16013133E-03   4.79486352E-03
  0.734375000      0.140625000      -1.59624126E-02  -5.01828082E-03   4.98793460E-03
  0.765625000      0.140625000      -1.42887104E-02  -5.82240988E-03   5.16326353E-03
  0.796875000      0.140625000      -1.23778675E-02  -6.53622299E-03   5.31599019E-03
  0.828125000      0.140625000      -1.02655198E-02  -7.10742502E-03   5.44179929E-03
  0.859375000      0.140625000      -8.00812803E-03  -7.45032076E-03   5.53736184E-03
  0.890625000      0.140625000      -5.69588318E-03  -7.41661526E-03   5.60084637E-03
  0.921875000      0.140625000      -3.47517524E-03  -6.76353928E-03   5.63226035E-03
  0.953125000      0.140625000      -1.58152566E-03  -5.15368301E-03   5.63367642E-03
  0.984375000      0.140625000      -3.76328098E-04  -2.23492854E-03   5.60874585E-03
   1.56250000E-02  0.171875000      -3.04449815E-04   2.22789752E-03   2.09465250E-03
   4.68750000E-02  0.171875000      -1.26272172E-03   5.02842944E-03   2.07393034E-03
   7.81250000E-02  0.171875000      -2.74414616E-03   6.52965065E-03   2.06894265E-03
  0.109375000      0.171875000      -4.46812157E-03   7.16875261E-03   2.07791617E-03
  0.140625000      0.171875000      -6.27419306E-03   7.32345274E-03   2.10010214E-03
  0.171875000      0.171875000      -8.07958283E-03   7.23318802E-03   2.13543908E-03
  0.203125000      0.171875000      -9.84273292E-03   7.01672770E-03   2.18419498E-03
  0.234375000      0.171875000      -1.15403216E-02   6.72185048E-03   2.24681571E-03
  0.265625000      0.171875000      -1.31558776E-02   6.36388594E-03   2.32376787E-03
  0.296875000      0.171875000      -1.46750677E-02   5.94577054E-03   2.41552340E-03
  0.328125000      0.171875000      -1.60839390E-02   5.46619575E-03   2.52250326E-03
  0.359375000      0.171875000      -1.73682570E-02   4.92245518E-03   2.64502037E-03
  0.390625000      0.171875000      -1.85131878E-02   4.31141816E-03   2.78325123E-03
  0.421875000      0.171875000      -1.95030980E-02   3.62997293E-03   2.93718115E-03
  0.453125000      0.171875000      -2.03214493E-02   2.87546194E-03   3.10647744E-03
  0.484375000      0.171875000      -2.09507979E-02   2.04618648E-03   3.29046557E-03
  0.515625000      0.171875000      -2.13729106E-02   1.14200730E-03   3.48804845E-03
  0.546875000      0.171875000      -2.15690751E-02   1.65107936E-04   3.69758299E-03
  0.578125000      0.171875000      -2.15206761E-02  -8.79093481E-04   3.91663983E-03
  0.609375000      0.171875000      -2.12100148E-02  -1.98092917E-03   4.14192537E-03
  0.640625000      0.171875000      -2.06213631E-02  -3.12665803E-03   4.36962163E-03
  0.671875000      0.171875000      -1.97423249E-02  -4.29719873E-03   4.59523825E-03
  0.703125000      0.171875000      -1.85655616E-02  -5.46773709E-03   4.81366925E-03
  0.734375000      0.171875000      -1.70908421E-02  -6.60730992E-03   5.01930621E-03
  0.765625000      0.171875000      -1.53273717E-02  -7.67769665E-03   5.20640146E-03
  0.796875000      0.171875000      -1.32967308E-02  -8.62971134E-03   5.36940107E-03
  0.828125000      0.171875000      -1.10372268E-02  -9.39318724E-03   5.50334528E-03
  0.859375000      0.171875000      -8.61144066E-03  -9.85521078E-03   5.60449483E-03
  0.890625000      0.171875000      -6.12010621E-03  -9.82283056E-03   5.67081477E-03
  0.921875000      0.171875000      -3.72598786E-03  -8.97970144E-03   5.70251374E-03
  0.953125000      0.171875000      -1.68847409E-03  -6.87624793E-03   5.70220407E-03
  0.984375000      0.171875000      -3.99281416E-04  -3.01323272E-03   5.67441899E-03
   1.56250000E-02  0.203125000      -3.14191304E-04   2.84483051E-03   2.02596700E-03
   4.68750000E-02  0.203125000      -1.30670716E-03   6.35839393E-03   2.00403482E-03
   7.81250000E-02  0.203125000      -2.84471456E-03   8.21475312E-03   1.99791556E-03
  0.109375000      0.203125000      -4.63553704E-03   8.99408013E-03   2.00577499E-03
  0.140625000      0.203125000      -6.51162025E-03   9.17589758E-03   2.02680845E-03
  0.171875000      0.203125000      -8.38735513E-03   9.05746408E-03   2.06095097E-03
  0.203125000      0.203125000      -1.02206040E-02   8.78441520E-03   2.10850360E-03
  0.234375000      0.203125000      -1.19883446E-02   8.41501541E-03   2.16998905E-03
  0.265625000      0.203125000      -1.36746299E-02   7.96804670E-03   2.24599568E-03
  0.296875000      0.203125000      -1.52656790E-02   7.44727813E-03   2.33710650E-03
  0.328125000      0.203125000      -1.67480316E-02   6.85127033E-03   2.44392059E-03
  0.359375000      0.203125000      -1.81078073E-02   6.17675250E-03   2.56695016E-03
  0.390625000      0.203125000      -1.93303321E-02   5.41974837E-03   2.70656822E-03
  0.421875000      0.203125000      -2.03998201E-02   4.57609724E-03   2.86300085E-03
  0.453125000      0.203125000      -2.12991461E-02   3.64194484E-03   3.03615071E-03
  0.484375000      0.203125000      -2.20097043E-02   2.61438009E-03   3.22558987E-03
  0.515625000      0.203125000      -2.25113854E-02   1.49219297E-03   3.43043683E-03
  0.546875000      0.203125000      -2.27827467E-02   2.76848994E-04   3.64923989E-03
  0.578125000      0.203125000      -2.28013694E-02  -1.02641503E-03   3.87972780E-03
  0.609375000      0.203125000      -2.25447919E-02  -2.40687653E-03   4.11829213E-03
  0.640625000      0.203125000      -2.19917595E-02  -3.84866190E-03   4.36094729E-03
  0.671875000      0.203125000      -2.11238284E-02  -5.32867853E-03   4.60280105E-03
  0.703125000      0.203125000      -1.99276861E-02  -6.81590568E-03   4.83813463E-03
  0.734375000      0.203125000      -1.83978882E-02  -8.27061571E-03   5.06056193E-03
  0.765625000      0.203125000      -1.65401269E-02  -9.64277610E-03   5.26341051E-03
  0.796875000      0.203125000      -1.43752703E-02  -1.08674318E-02   5.44015598E-03
  0.828125000      0.203125000      -1.19449273E-02  -1.18527226E-02   5.58496453E-03
  0.859375000      0.203125000      -9.32015851E-03  -1.24537107E-02   5.69349295E-03
  0.890625000      0.203125000      -6.61636004E-03  -1.24269854E-02   5.76355401E-03
  0.921875000      0.203125000      -4.01790580E-03  -1.13756629E-02   5.79572143E-03
  0.953125000      0.203125000      -1.81286572E-03  -8.73038825E-03   5.79349790E-03
  0.984375000      0.203125000      -4.26205021E-04  -3.84140527E-03   5.76254074E-03
   1.56250000E-02  0.234375000      -3.24799010E-04   3.48214246E-03   1.93761080E-03
   4.68750000E-02  0.234375000      -1.35367294E-03   7.73864985E-03   1.91442668E-03
   7.81250000E-02  0.234375000      -2.95110676E-03   9.96565260E-03   1.90711219E-03
  0.109375000      0.234375000      -4.81244642E-03   1.08910548E-02   1.91374286E-03
  0.140625000      0.234375000      -6.76316116E-03   1.11014219E-02   1.93348259E-03
  0.171875000      0.234375000      -8.71476065E-03   1.09549565E-02   1.96625618E-03
  0.203125000      0.234375000      -1.06244581E-02   1.06255226E-02   2.01242883E-03
  0.234375000      0.234375000      -1.24695366E-02   1.01823416E-02   2.07261252E-03
  0.265625000      0.234375000      -1.42347310E-02   9.64778103E-03   2.14750925E-03
  0.296875000      0.234375000      -1.59070343E-02   9.02642962E-03   2.23788712E-03
  0.328125000      0.234375000      -1.74737424E-02   8.31664726E-03   2.34452100E-03
  0.359375000      0.234375000      -1.89216305E-02   7.51443254E-03   2.46814312E-03
  0.390625000      0.234375000      -2.02364363E-02   6.61469763E-03   2.60939379E-03
  0.421875000      0.234375000      -2.14024279E-02   5.61181502E-03   2.76876707E-03
  0.453125000      0.234375000      -2.24019941E-02   4.50017583E-03   2.94647063E-03
  0.484375000      0.234375000      -2.32152939E-02   3.27490410E-03   3.14240530E-03
  0.515625000      0.234375000      -2.38200240E-02   1.93279958E-03   3.35598481E-03
  0.546875000      0.234375000      -2.41913982E-02   4.73506807E-04   3.58598167E-03
  0.578125000      0.234375000      -2.43023708E-02  -1.09915819E-03   3.83047923E-03
  0.609375000      0.234375000      -2.41244584E-02  -2.77454918E-03   4.08554450E-03
  0.640625000      0.234375000      -2.36290805E-02  -4.53559170E-03   4.34699375E-03
  0.671875000      0.234375000      -2.27895882E-02  -6.35562558E-03   4.60947212E-03
  0.703125000      0.234375000      -2.15841830E-02  -8.19720514E-03   4.86647384E-03
  0.734375000      0.234375000      -1.99996252E-02  -1.00106075E-02   5.11060236E-03
  0.765625000      0.234375000      -1.80358700E-02  -1.17314421E-02   5.33392979E-03
  0.796875000      0.234375000      -1.57118533E-02  -1.32749286E-02   5.52857295E-03
  0.828125000      0.234375000      -1.30729461E-02  -1.45218708E-02   5.68748591E-03
  0.859375000      0.234375000      -1.02014579E-02  -1.52882840E-02   5.80549985E-03
  0.890625000      0.234375000      -7.23268930E-03  -1.52724814E-02   5.88023663E-03
  0.921875000      0.234375000      -4.37971065E-03  -1.39891179E-02   5.91287669E-03
  0.953125000      0.234375000      -1.96694653E-03  -1.07422527E-02   5.90817258E-03
  0.984375000      0.234375000      -4.59646835E-04  -4.72992612E-03   5.87328337E-03
   1.56250000E-02  0.265625000      -3.37319827E-04   4.14261827E-03   1.82938366E-03
   4.68750000E-02  0.265625000      -1.40815042E-03   9.17413738E-03   1.80478301E-03
   7.81250000E-02  0.265625000      -3.07307485E-03   1.17883282E-02   1.79613056E-03
  0.109375000      0.265625000      -5.01396088E-03   1.28664076E-02   1.80137437E-03
  0.140625000      0.265625000      -7.04875821E-03   1.31073780E-02   1.81960640E-03
  0.171875000      0.265625000      -9.08592343E-03   1.29335504E-02   1.85076124E-03
  0.203125000      0.265625000      -1.10819936E-02   1.25484578E-02   1.89526088E-03
  0.234375000      0.265625000      -1.30146379E-02   1.20328646E-02   1.95382396E-03
  0.265625000      0.265625000      -1.48694292E-02   1.14129437E-02   2.02727923E-03
  0.296875000      0.265625000      -1.66343898E-02   1.06941871E-02   2.11660028E-03
  0.328125000      0.265625000      -1.82979051E-02   9.87471640E-03   2.22275686E-03
  0.359375000      0.265625000      -1.98477767E-02   8.94965976E-03   2.34676152E-03
  0.390625000      0.265625000      -2.12705713E-02   7.91252125E-03   2.48953141E-03
  0.421875000      0.265625000      -2.25509815E-02   6.75574178E-03   2.65192054E-03
  0.453125000      0.265625000      -2.36712098E-02   5.47126867E-03   2.83450889E-03
  0.484375000      0.265625000      -2.46103462E-02   4.05131793E-03   3.03758308E-03
  0.515625000      0.265625000      -2.53438149E-02   2.48947972E-03   3.26095941E-03
  0.546875000      0.265625000      -2.58430578E-02   7.82139483E-04   3.50378919E-03
  0.578125000      0.265625000      -2.60759518E-02  -1.06944691E-03   3.76466289E-03
  0.609375000      0.265625000      -2.60066092E-02  -3.05730244E-03   4.03949525E-03
  0.640625000      0.265625000      -2.55967900E-02  -5.16411010E-03   4.32384200E-03
  0.671875000      0.265625000      -2.48090103E-02  -7.36073405E-03   4.61177668E-03
  0.703125000      0.265625000      -2.36096531E-02  -9.60348733E-03   4.89593484E-03
  0.734375000      0.265625000      -2.19739694E-02  -1.18314466E-02   5.16758487E-03
  0.765625000      0.265625000      -1.98926926E-02  -1.39627140E-02   5.41712157E-03
  0.796875000      0.265625000      -1.73804481E-02  -1.58871617E-02   5.63476840E-03
  0.828125000      0.265625000      -1.44862235E-02  -1.74501352E-02   5.81181236E-03
  0.859375000      0.265625000      -1.13067236E-02  -1.84184443E-02   5.94185060E-03
  0.890625000      0.265625000      -8.00408423E-03  -1.84211992E-02   6.02225494E-03
  0.921875000      0.265625000      -4.83018206E-03  -1.68747567E-02   6.05506264E-03
  0.953125000      0.265625000      -2.15715496E-03  -1.29498690E-02   6.04687072E-03
  0.984375000      0.265625000      -5.00459515E-04  -5.69267431E-03   6.00689137E-03
   1.56250000E-02  0.296875000      -3.52064962E-04   4.83040046E-03   1.70100108E-03
   4.68750000E-02  0.296875000      -1.47168024E-03   1.06731541E-02   1.67476828E-03
   7.81250000E-02  0.296875000      -3.21416650E-03   1.36926342E-02   1.66457566E-03
  0.109375000      0.296875000      -5.24569210E-03   1.49304280E-02   1.66819547E-03
  0.140625000      0.296875000      -7.37573300E-03   1.52041083E-02   1.68462866E-03
  0.171875000      0.296875000      -9.50939581E-03   1.50035527E-02   1.71379745E-03
  0.203125000      0.296875000      -1.16025303E-02   1.45635484E-02   1.75618974E-03
  0.234375000      0.296875000      -1.36333182E-02   1.39770769E-02   1.81262870E-03
  0.265625000      0.296875000      -1.55883944E-02   1.32744424E-02   1.88411027E-03
  0.296875000      0.296875000      -1.74571499E-02   1.24622136E-02   1.97177473E-03
  0.328125000      0.296875000      -1.92294940E-02   1.15383137E-02   2.07685493E-03
  0.359375000      0.296875000      -2.08947770E-02   1.04969256E-02   2.20063236E-03
  0.390625000      0.296875000      -2.24409699E-02   9.32987407E-03   2.34439294E-03
  0.421875000      0.296875000      -2.38538124E-02   8.02718662E-03   2.50937510E-03
  0.453125000      0.296875000      -2.51159184E-02   6.57759421E-03   2.69663008E-03
  0.484375000      0.296875000      -2.62058005E-02   4.96930815E-03   2.90696183E-03
  0.515625000      0.296875000      -2.70969551E-02   3.19123338E-03   3.14072426E-03
  0.546875000      0.296875000      -2.77571641E-02   1.23475352E-03   3.39764380E-03
  0.578125000      0.296875000      -2.81482320E-02  -9.03423293E-04   3.67664406E-03
  0.609375000      0.296875000      -2.82254871E-02  -3.22101032E-03   3.97450058E-03
  0.640625000      0.296875000      -2.79391594E-02  -5.70243876E-03   4.28597815E-03
  0.671875000      0.296875000      -2.72374526E-02  -8.31808895E-03   4.60474845E-03
  0.703125000      0.296875000      -2.60703824E-02  -1.10190473E-02   4.92239092E-03
  0.734375000      0.296875000      -2.43963487E-02  -1.37323579E-02   5.22851571E-03
  0.765625000      0.296875000      -2.21913755E-02  -1.63550247E-02   5.51131973E-03
  0.796875000      0.296875000      -1.94613747E-02  -1.87442638E-02   5.75849507E-03
  0.828125000      0.296875000      -1.62574276E-02  -2.06985157E-02   5.95881231E-03
  0.859375000      0.296875000      -1.26939155E-02  -2.19204742E-02   6.10406045E-03
  0.890625000      0.296875000      -8.96915793E-03  -2.19539925E-02   6.19117683E-03
  0.921875000      0.296875000      -5.38861565E-03  -2.01038215E-02   6.22343132E-03
  0.953125000      0.296875000      -2.38898792E-03  -1.54008474E-02   6.21008547E-03
  0.984375000      0.296875000      -5.48964832E-04  -6.74469862E-03   6.16336847E-03
   1.56250000E-02  0.328125000      -3.69154150E-04   5.55006275E-03   1.55208039E-03
   4.68750000E-02  0.328125000      -1.54490396E-03   1.22453161E-02   1.52395992E-03
   7.81250000E-02  0.328125000      -3.37589136E-03   1.56899802E-02   1.51197216E-03
  0.109375000      0.328125000      -5.50995301E-03   1.70947127E-02   1.51367148E-03
  0.140625000      0.328125000      -7.74687296E-03   1.74028315E-02   1.52791908E-03
  0.171875000      0.328125000      -9.98802483E-03   1.71756893E-02   1.55463349E-03
  0.203125000      0.328125000      -1.21885464E-02   1.66811030E-02   1.59434217E-03
  0.234375000      0.328125000      -1.43272905E-02   1.60250738E-02   1.64797844E-03
  0.265625000      0.328125000      -1.63922589E-02   1.52424965E-02   1.71668152E-03
  0.296875000      0.328125000      -1.83746368E-02   1.43412799E-02   1.80180324E-03
  0.328125000      0.328125000      -2.02664137E-02   1.33193266E-02   1.90482044E-03
  0.359375000      0.328125000      -2.20591705E-02   1.21698696E-02   2.02734536E-03
  0.390625000      0.328125000      -2.37430800E-02   1.08828917E-02   2.17103143E-03
  0.421875000      0.328125000      -2.53058393E-02   9.44555737E-03   2.33758986E-03
  0.453125000      0.328125000      -2.67314315E-02   7.84260780E-03   2.52862880E-03
  0.484375000      0.328125000      -2.79987622E-02   6.05707336E-03   2.74560996E-03
  0.515625000      0.328125000      -2.90802605E-02   4.07152623E-03   2.98956386E-03
  0.546875000      0.328125000      -2.99404822E-02   1.87009387E-03   3.26098222E-03
  0.578125000      0.328125000      -3.05343661E-02  -5.58860658E-04   3.55946086E-03
  0.609375000      0.328125000      -3.08074020E-02  -3.22061218E-03   3.88306798E-03
  0.640625000      0.328125000      -3.06965094E-02  -6.10568095E-03   4.22591157E-03
  0.671875000      0.328125000      -3.01315114E-02  -9.18749068E-03   4.58125118E-03
  0.703125000      0.328125000      -2.90401448E-02  -1.24143269E-02   4.93958499E-03
  0.734375000      0.328125000      -2.73563955E-02  -1.57014057E-02   5.28856367E-03
  0.765625000      0.328125000      -2.50331238E-02  -1.89210474E-02   5.61354123E-03
  0.796875000      0.328125000      -2.20597722E-02  -2.18886640E-02   5.89867774E-03
  0.828125000      0.328125000      -1.84851494E-02  -2.43399329E-02   6.12909812E-03
  0.859375000      0.328125000      -1.44437468E-02  -2.58913152E-02   6.29376434E-03
  0.890625000      0.328125000      -1.01822503E-02  -2.59767603E-02   6.38870988E-03
  0.921875000      0.328125000      -6.08165469E-03  -2.37694979E-02   6.41900208E-03
  0.953125000      0.328125000      -2.66929087E-03  -1.81544125E-02   6.39785780E-03
  0.984375000      0.328125000      -6.05197391E-04  -7.90138636E-03   6.34204876E-03
   1.56250000E-02  0.359375000      -3.88733839E-04   6.30644429E-03   1.38218049E-03
   4.68750000E-02  0.359375000      -1.62844977E-03   1.39009794E-02   1.35189213E-03
   7.81250000E-02  0.359375000      -3.55952047E-03   1.77925527E-02   1.33781903E-03
  0.109375000      0.359375000      -5.80848427E-03   1.93713494E-02   1.33722043E-03
  0.140625000      0.359375000      -8.16401001E-03   1.97148249E-02   1.34883600E-03
  0.171875000      0.359375000      -1.05232522E-02   1.94602795E-02   1.37251243E-03
  0.203125000      0.359375000      -1.28406091E-02   1.89105831E-02   1.40881178E-03
  0.234375000      0.359375000      -1.50957964E-02   1.81857236E-02   1.45876803E-03
  0.265625000      0.359375000      -1.72785353E-02   1.73257589E-02   1.52364303E-03
  0.296875000      0.359375000      -1.93823241E-02   1.63403787E-02   1.60499325E-03
  0.328125000      0.359375000      -2.14019157E-02   1.52277825E-02   1.70457002E-03
  0.359375000      0.359375000      -2.33319886E-02   1.39804091E-02   1.82429585E-03
  0.390625000      0.359375000      -2.51659639E-02   1.25863701E-02   1.96624827E-03
  0.421875000      0.359375000      -2.68947035E-02   1.10296560E-02   2.13265256E-03
  0.453125000      0.359375000      -2.85049342E-02   9.29032825E-03   2.32577790E-03
  0.484375000      0.359375000      -2.99773924E-02   7.34504126E-03   2.54781963E-03
  0.515625000      0.359375000      -3.12847570E-02   5.16817346E-03   2.80072610E-03
  0.546875000      0.359375000      -3.23892608E-02   2.73373188E-03   3.08594899E-03
  0.578125000      0.359375000      -3.32404226E-02   1.78555201E-05   3.40405107E-03
  0.609375000      0.359375000      -3.37732285E-02  -2.99643958E-03   3.75541882E-03
  0.640625000      0.359375000      -3.39083895E-02  -6.31081220E-03   4.13334183E-03
  0.671875000      0.359375000      -3.35533731E-02  -9.90792736E-03   4.53109900E-03
  0.703125000      0.359375000      -3.26064639E-02  -1.37380585E-02   4.93818801E-03
  0.734375000      0.359375000      -3.09671331E-02  -1.77070014E-02   5.34007000E-03
  0.765625000      0.359375000      -2.85525508E-02  -2.16599032E-02   5.71849383E-03
  0.796875000      0.359375000      -2.53226459E-02  -2.53599659E-02   6.05273666E-03
  0.828125000      0.359375000      -2.13140529E-02  -2.84589492E-02   6.32255850E-03
  0.859375000      0.359375000      -1.66802742E-02  -3.04546505E-02   6.51240489E-03
  0.890625000      0.359375000      -1.17303776E-02  -3.06319557E-02   6.61654398E-03
  0.921875000      0.359375000      -6.95308764E-03  -2.79992390E-02   6.64243754E-03
  0.953125000      0.359375000      -3.00909718E-03  -2.12879889E-02   6.60927873E-03
  0.984375000      0.359375000      -6.68939610E-04  -9.17791948E-03   6.54081348E-03
   1.56250000E-02  0.390625000      -4.11063753E-04   7.10479030E-03   1.19079161E-03
   4.68750000E-02  0.390625000      -1.72331941E-03   1.56513117E-02   1.15800533E-03
   7.81250000E-02  0.390625000      -3.76694417E-03   2.00132392E-02   1.14151742E-03
  0.109375000      0.390625000      -6.14373945E-03   2.17727534E-02   1.13825279E-03
  0.140625000      0.390625000      -8.62962939E-03   2.21511777E-02   1.14671746E-03
  0.171875000      0.390625000      -1.11170076E-02   2.18669027E-02   1.16667314E-03
  0.203125000      0.390625000      -1.35594774E-02   2.12601554E-02   1.19871064E-03
  0.234375000      0.390625000      -1.59378275E-02   2.04660762E-02   1.24389934E-03
  0.265625000      0.390625000      -1.82439126E-02   1.95306372E-02   1.30365591E-03
  0.296875000      0.390625000      -2.04741396E-02   1.84659362E-02   1.37969805E-03
  0.328125000      0.390625000      -2.26268396E-02   1.72709487E-02   1.47401774E-03
  0.359375000      0.390625000      -2.47008055E-02   1.59377195E-02   1.58886146E-03
  0.390625000      0.390625000      -2.66940035E-02   1.44526698E-02   1.72674400E-03
  0.421875000      0.390625000      -2.86020264E-02   1.27965361E-02   1.89042604E-03
  0.453125000      0.390625000      -3.04161832E-02   1.09442035E-02   2.08289782E-03
  0.484375000      0.390625000      -3.21211219E-02   8.86486005E-03   2.30724271E-03
  0.515625000      0.390625000      -3.36919203E-02   6.52269553E-03   2.56649731E-03
  0.546875000      0.390625000      -3.50906774E-02   3.87849123E-03   2.86336034E-03
  0.578125000      0.390625000      -3.62629928E-02   8.92369775E-04   3.19979014E-03
  0.609375000      0.390625000      -3.71354893E-02  -2.47007562E-03   3.57877393E-03
  0.640625000      0.390625000      -3.76112387E-02  -6.23093732E-03   3.99435591E-03
  0.671875000      0.390625000      -3.75697389E-02  -1.03893224E-02   4.43990342E-03
  0.703125000      0.390625000      -3.68724242E-02  -1.49062797E-02   4.90429252E-03
  0.734375000      0.390625000      -3.53716835E-02  -1.96846463E-02   5.37076266E-03
  0.765625000      0.390625000      -3.29315662E-02  -2.45431475E-02   5.81671298E-03
  0.796875000      0.390625000      -2.94617265E-02  -2.91829780E-02   6.21489855E-03
  0.828125000      0.390625000      -2.49667615E-02  -3.31461653E-02   6.53710030E-03
  0.859375000      0.390625000      -1.96083542E-02  -3.57662812E-02   6.76044263E-03
  0.890625000      0.390625000      -1.37684364E-02  -3.61167118E-02   6.87573710E-03
  0.921875000      0.390625000      -8.08731653E-03  -3.29793841E-02   6.89337961E-03
  0.953125000      0.390625000      -3.43207456E-03  -2.49135233E-02   6.84155058E-03
  0.984375000      0.390625000      -7.40487245E-04  -1.05895475E-02   6.75490359E-03
   1.56250000E-02  0.421875000      -4.36596049E-04   7.95105472E-03   9.77344578E-04
   4.68750000E-02  0.421875000      -1.83116505E-03   1.75087079E-02   9.41719627E-04
   7.81250000E-02  0.421875000      -4.00116947E-03   2.23659463E-02   9.22469422E-04
  0.109375000      0.421875000      -6.51962217E-03   2.43117847E-02   9.16103483E-04
  0.140625000      0.421875000      -9.14783217E-03   2.47227550E-02   9.20874532E-04
  0.171875000      0.421875000      -1.17727863E-02   2.44041905E-02   9.36391647E-04
  0.203125000      0.421875000      -1.43472366E-02   2.37363465E-02   9.63206985E-04
  0.234375000      0.421875000      -1.68532915E-02   2.28708833E-02   1.00243464E-03
  0.265625000      0.421875000      -1.92853808E-02   2.18606424E-02   1.05556799E-03
  0.296875000      0.421875000      -2.16435045E-02   2.07209438E-02   1.12442742E-03
  0.328125000      0.421875000      -2.39304639E-02   1.94522962E-02   1.21127767E-03
  0.359375000      0.421875000      -2.61503570E-02   1.80469826E-02   1.31860480E-03
  0.390625000      0.421875000      -2.83071976E-02   1.64902359E-02   1.44931441E-03
  0.421875000      0.421875000      -3.04032136E-02   1.47598116E-02   1.60674611E-03
  0.453125000      0.421875000      -3.24366614E-02   1.28253289E-02   1.79464021E-03
  0.484375000      0.421875000      -3.43989581E-02   1.06477402E-02   2.01705145E-03
  0.515625000      0.421875000      -3.62709723E-02   8.17933679E-03   2.27827090E-03
  0.546875000      0.421875000      -3.80184278E-02   5.36467321E-03   2.58253794E-03
  0.578125000      0.421875000      -3.95869017E-02   2.14346591E-03   2.93376087E-03
  0.609375000      0.421875000      -4.08963338E-02  -1.54295517E-03   3.33637907E-03
  0.640625000      0.421875000      -4.18328792E-02  -5.74972015E-03   3.79028590E-03
  0.671875000      0.421875000      -4.22467142E-02  -1.05024371E-02   4.28743241E-03
  0.703125000      0.421875000      -4.19548117E-02  -1.57870222E-02   4.81716683E-03
  0.734375000      0.421875000      -4.07483354E-02  -2.15161592E-02   5.36099775E-03
  0.765625000      0.421875000      -3.84160206E-02  -2.74894647E-02   5.89151587E-03
  0.796875000      0.421875000      -3.47868428E-02  -3.33413035E-02   6.37311116E-03
  0.828125000      0.421875000      -2.97973175E-02  -3.84779721E-02   6.76602963E-03
  0.859375000      0.421875000      -2.35846229E-02  -4.20111567E-02   7.03568477E-03
  0.890625000      0.421875000      -1.65947489E-02  -4.27071899E-02   7.16590136E-03
  0.921875000      0.421875000      -9.66752879E-03  -3.90028879E-02   7.16994796E-03
  0.953125000      0.421875000      -4.00010496E-03  -2.92184278E-02   7.08911149E-03
  0.984375000      0.421875000      -8.24597199E-04  -1.21565610E-02   6.97506219E-03
   1.56250000E-02  0.453125000      -4.66043712E-04   8.85235704E-03   7.41190976E-04
   4.68750000E-02  0.453125000      -1.95457367E-03   1.94874853E-02   7.02317222E-04
   7.81250000E-02  0.453125000      -4.26689489E-03   2.48661377E-02   6.79947436E-04
  0.109375000      0.453125000      -6.94226427E-03   2.70020738E-02   6.70099456E-04
  0.140625000      0.453125000      -9.72518511E-03   2.74402797E-02   6.70623267E-04
  0.171875000      0.453125000      -1.24965627E-02   2.70797145E-02   6.80958387E-04
  0.203125000      0.453125000      -1.52082331E-02   2.63437070E-02   7.01583573E-04
  0.234375000      0.453125000      -1.78438853E-02   2.54020449E-02   7.33535388E-04
  0.265625000      0.453125000      -2.04010624E-02   2.43156217E-02   7.78385147E-04
  0.296875000      0.453125000      -2.28840597E-02   2.31040195E-02   8.38025240E-04
  0.328125000      0.453125000      -2.53011212E-02   2.17702519E-02   9.14771343E-04
  0.359375000      0.453125000      -2.76629273E-02   2.03078222E-02   1.01137441E-03
  0.390625000      0.453125000      -2.99811885E-02   1.87016707E-02   1.13109010E-03
  0.421875000      0.453125000      -3.22669372E-02   1.69273838E-02   1.27776130E-03
  0.453125000      0.453125000      -3.45282704E-02   1.49498302E-02   1.45580166E-03
  0.484375000      0.453125000      -3.67671102E-02   1.27217099E-02   1.67029840E-03
  0.515625000      0.453125000      -3.89749035E-02   1.01825316E-02   1.92683307E-03
  0.546875000      0.453125000      -4.11268920E-02   7.25827971E-03   2.23138742E-03
  0.578125000      0.453125000      -4.31744084E-02   3.86318332E-03   2.59006396E-03
  0.609375000      0.453125000      -4.50341627E-02  -9.63207858E-05   3.00851930E-03
  0.640625000      0.453125000      -4.65806425E-02  -4.71632741E-03   3.49697028E-03
  0.671875000      0.453125000      -4.76387143E-02  -1.00670569E-02   4.04568529E-03
  0.703125000      0.453125000      -4.79764827E-02  -1.61799677E-02   4.64612246E-03
  0.734375000      0.453125000      -4.73112464E-02  -2.29986254E-02   5.27931843E-03
  0.765625000      0.453125000      -4.53324579E-02  -3.03219818E-02   5.91349229E-03
  0.796875000      0.453125000      -4.17483449E-02  -3.77259739E-02   6.50317362E-03
  0.828125000      0.453125000      -3.63681950E-02  -4.44667563E-02   6.99308608E-03
  0.859375000      0.453125000      -2.92314421E-02  -4.93756235E-02   7.33012520E-03
  0.890625000      0.453125000      -2.07884014E-02  -5.07797152E-02   7.48405233E-03
  0.921875000      0.453125000      -1.20989885E-02  -4.65514883E-02   7.46845920E-03
  0.953125000      0.453125000      -4.87871189E-03  -3.45623232E-02   7.34280050E-03
  0.984375000      0.453125000      -9.44085536E-04  -1.39268003E-02   7.18480069E-03
   1.56250000E-02  0.484375000      -5.00506780E-04   9.81763192E-03   4.81527240E-04
   4.68750000E-02  0.484375000      -2.09747371E-03   2.16048285E-02   4.38944146E-04
   7.81250000E-02  0.484375000      -4.57118358E-03   2.75316238E-02   4.13119851E-04
  0.109375000      0.484375000      -7.42091145E-03   2.98585109E-02   3.99439188E-04
  0.140625000      0.484375000      -1.03717800E-02   3.03144976E-02   3.95281997E-04
  0.171875000      0.484375000      -1.32978605E-02   2.98998598E-02   3.99795099E-04
  0.203125000      0.484375000      -1.61501020E-02   2.90844366E-02   4.13281407E-04
  0.234375000      0.484375000      -1.89141277E-02   2.80580223E-02   4.36727569E-04
  0.265625000      0.484375000      -2.15911455E-02   2.68909540E-02   4.71590814E-04
  0.296875000      0.484375000      -2.41905414E-02   2.56082974E-02   5.19723806E-04
  0.328125000      0.484375000      -2.67269947E-02   2.42168158E-02   5.83501882E-04
  0.359375000      0.484375000      -2.92189997E-02   2.27125194E-02   6.65755419E-04
  0.390625000      0.484375000      -3.16876397E-02   2.10814551E-02   7.69961567E-04
  0.421875000      0.484375000      -3.41550633E-02   1.92985013E-02   9.00322630E-04
  0.453125000      0.484375000      -3.66423577E-02   1.73251852E-02   1.06181484E-03
  0.484375000      0.484375000      -3.91663238E-02   1.51071381E-02   1.26048329E-03
  0.515625000      0.484375000      -4.17346880E-02   1.25713944E-02   1.50308735E-03
  0.546875000      0.484375000      -4.43390384E-02   9.62402113E-03   1.79742207E-03
  0.578125000      0.484375000      -4.69447300E-02   6.14899956E-03   2.15193140E-03
  0.609375000      0.484375000      -4.94786650E-02   2.00997293E-03   2.57530715E-03
  0.640625000      0.484375000      -5.18187806E-02  -2.93762982E-03   3.08359414E-03
  0.671875000      0.484375000      -5.37688583E-02  -8.83919559E-03   3.67652276E-03
  0.703125000      0.484375000      -5.50483912E-02  -1.57920327E-02   4.34626499E-03
  0.734375000      0.484375000      -5.52986935E-02  -2.38029398E-02   5.07594040E-03
  0.765625000      0.484375000      -5.40903695E-02  -3.27060632E-02   5.83166070E-03
  0.796875000      0.484375000      -5.09637669E-02  -4.20536473E-02   6.55851513E-03
  0.828125000      0.484375000      -4.55131158E-02  -5.09708151E-02   7.18236761E-03
  0.859375000      0.484375000      -3.75475511E-02  -5.79750724E-02   7.62260240E-03
  0.890625000      0.484375000      -2.73721628E-02  -6.08005598E-02   7.82133732E-03
  0.921875000      0.484375000      -1.61964893E-02  -5.63983917E-02   7.78279919E-03
  0.953125000      0.484375000      -6.46694750E-03  -4.16683182E-02   7.58925686E-03
  0.984375000      0.484375000      -1.17652887E-03  -1.60483830E-02   7.35666417E-03
   1.56250000E-02  0.515625000      -5.41642890E-04   1.08585581E-02   1.97353773E-04
   4.68750000E-02  0.515625000      -2.26571364E-03   2.38821842E-02   1.50522828E-04
   7.81250000E-02  0.515625000      -4.92445892E-03   3.03836707E-02   1.20959754E-04
  0.109375000      0.515625000      -7.96914659E-03   3.28978635E-02   1.03234866E-04
  0.140625000      0.515625000      -1.11024966E-02   3.33563983E-02   9.41141770E-05
  0.171875000      0.515625000      -1.41910501E-02   3.28696817E-02   9.23569241E-05
  0.203125000      0.515625000      -1.71850231E-02   3.19579877E-02   9.80052719E-05
  0.234375000      0.515625000      -2.00724974E-02   3.08332257E-02   1.11819529E-04
  0.265625000      0.515625000      -2.28590518E-02   2.95766965E-02   1.35089067E-04
  0.296875000      0.515625000      -2.55599581E-02   2.82203555E-02   1.69524763E-04
  0.328125000      0.515625000      -2.81972419E-02   2.67761461E-02   2.17346620E-04
  0.359375000      0.515625000      -3.07983514E-02   2.52441354E-02   2.81315442E-04
  0.390625000      0.515625000      -3.33952308E-02   2.36133784E-02   3.64946667E-04
  0.421875000      0.515625000      -3.60232480E-02   2.18602680E-02   4.72582236E-04
  0.453125000      0.515625000      -3.87196839E-02   1.99456178E-02   6.09549286E-04
  0.484375000      0.515625000      -4.15210202E-02   1.78107191E-02   7.82431918E-04
  0.515625000      0.515625000      -4.44583595E-02   1.53725296E-02   9.99070937E-04
  0.546875000      0.515625000      -4.75500822E-02   1.25182774E-02   1.26879185E-03
  0.578125000      0.515625000      -5.07907048E-02   9.10066627E-03   1.60238775E-03
  0.609375000      0.515625000      -5.41347116E-02   4.93625458E-03   2.01209192E-03
  0.640625000      0.515625000      -5.74707650E-02  -1.87615631E-04   2.51119933E-03
  0.671875000      0.515625000      -6.06043339E-02  -6.50502602E-03   3.12941778E-03
  0.703125000      0.515625000      -6.32343143E-02  -1.42152868E-02   3.85378813E-03
  0.734375000      0.515625000      -6.49303049E-02  -2.34313570E-02   4.67417017E-03
  0.765625000      0.515625000      -6.51307404E-02  -3.40828300E-02   5.55987330E-03
  0.796875000      0.515625000      -6.31540045E-02  -4.57770154E-02   6.45158859E-03
  0.828125000      0.515625000      -5.82604855E-02  -5.75883463E-02   7.25729298E-03
  0.859375000      0.515625000      -4.98365685E-02  -6.77441657E-02   7.85978977E-03
  0.890625000      0.515625000      -3.77981663E-02  -7.32431859E-02   8.15135892E-03
  0.921875000      0.515625000      -2.32882667E-02  -6.96401447E-02   8.10064748E-03
  0.953125000      0.515625000      -9.56290308E-03  -5.18806875E-02   7.80972047E-03
  0.984375000      0.515625000      -1.73201191E-03  -1.89568996E-02   7.44978432E-03
   1.56250000E-02  0.546875000      -5.91924239E-04   1.19909532E-02  -1.12656126E-04
   4.68750000E-02  0.546875000      -2.46789865E-03   2.63472032E-02  -1.64368481E-04
   7.81250000E-02  0.546875000      -5.34185953E-03   3.34484540E-02  -1.97890928E-04
  0.109375000      0.546875000      -8.60653538E-03   3.61395776E-02  -2.19636335E-04
  0.140625000      0.546875000      -1.19387247E-02   3.65774035E-02  -2.33661063E-04
  0.171875000      0.546875000      -1.51969437E-02   3.59926969E-02  -2.41756294E-04
  0.203125000      0.546875000      -1.83312036E-02   3.49605456E-02  -2.44331342E-04
  0.234375000      0.546875000      -2.13328712E-02   3.37172672E-02  -2.40903173E-04
  0.265625000      0.546875000      -2.42127795E-02   3.23567167E-02  -2.30508362E-04
  0.296875000      0.546875000      -2.69929543E-02   3.09191868E-02  -2.11759674E-04
  0.328125000      0.546875000      -2.97035761E-02   2.94232015E-02  -1.82758580E-04
  0.359375000      0.546875000      -3.23818326E-02   2.78746579E-02  -1.41012439E-04
  0.390625000      0.546875000      -3.50715294E-02   2.62678973E-02  -8.32733567E-05
  0.421875000      0.546875000      -3.78228575E-02   2.45838817E-02  -5.36995276E-06
  0.453125000      0.546875000      -4.06919681E-02   2.27866862E-02   9.79701435E-05
  0.484375000      0.546875000      -4.37395871E-02   2.08181329E-02   2.33431143E-04
  0.515625000      0.546875000      -4.70277444E-02   1.85906030E-02   4.09303932E-04
  0.546875000      0.546875000      -5.06130904E-02   1.59777943E-02   6.35820208E-04
  0.578125000      0.546875000      -5.45349047E-02   1.28047038E-02   9.25333414E-04
  0.609375000      0.546875000      -5.87958246E-02   8.83902051E-03   1.29254896E-03
  0.640625000      0.546875000      -6.33357763E-02   3.78840207E-03   1.75417191E-03
  0.671875000      0.546875000      -6.79976791E-02  -2.68207490E-03   2.34154705E-03
  0.703125000      0.546875000      -7.24799633E-02  -1.09209958E-02   3.08202719E-03
  0.734375000      0.546875000      -7.62992948E-02  -2.12033950E-02   3.96035938E-03
  0.765625000      0.546875000      -7.87514597E-02  -3.36499810E-02   4.95808478E-03
  0.796875000      0.546875000      -7.88652375E-02  -4.80637960E-02   6.02412038E-03
  0.828125000      0.546875000      -7.54242167E-02  -6.36267439E-02   7.06011336E-03
  0.859375000      0.546875000      -6.71812296E-02  -7.83632696E-02   7.91135244E-03
  0.890625000      0.546875000      -5.34057207E-02  -8.84287357E-02   8.39300174E-03
  0.921875000      0.546875000      -3.48679349E-02  -8.74936059E-02   8.38506781E-03
  0.953125000      0.546875000      -1.53770726E-02  -6.72355890E-02   7.97513407E-03
  0.984375000      0.546875000      -3.05864681E-03  -2.37460770E-02   7.41768721E-03
   1.56250000E-02  0.578125000      -6.55041309E-04   1.32367937E-02  -4.50414256E-04
   4.68750000E-02  0.578125000      -2.71667237E-03   2.90364549E-02  -5.07790013E-04
   7.81250000E-02  0.578125000      -5.84522448E-03   3.67589444E-02  -5.45272895E-04
  0.109375000      0.578125000      -9.36088059E-03   3.96066792E-02  -5.70634147E-04
  0.140625000      0.578125000      -1.29105728E-02   3.99895050E-02  -5.88993134E-04
  0.171875000      0.578125000      -1.63448211E-02   3.92704755E-02  -6.02962857E-04
  0.203125000      0.578125000      -1.96146108E-02   3.80843356E-02  -6.13481971E-04
  0.234375000      0.578125000      -2.27159932E-02   3.66941616E-02  -6.20594830E-04
  0.265625000      0.578125000      -2.56663486E-02   3.52078900E-02  -6.23797008E-04
  0.296875000      0.578125000      -2.84954160E-02   3.36752832E-02  -6.22196821E-04
  0.328125000      0.578125000      -3.12421247E-02   3.21227089E-02  -6.14421151E-04
  0.359375000      0.578125000      -3.39536965E-02   3.05635482E-02  -5.98523999E-04
  0.390625000      0.578125000      -3.66859809E-02   2.89998967E-02  -5.71821991E-04
  0.421875000      0.578125000      -3.95044461E-02   2.74209976E-02  -5.30767720E-04
  0.453125000      0.578125000      -4.24854830E-02   2.57995240E-02  -4.70687693E-04
  0.484375000      0.578125000      -4.57173884E-02   2.40851976E-02  -3.85523192E-04
  0.515625000      0.578125000      -4.92998958E-02   2.21952498E-02  -2.67434836E-04
  0.546875000      0.578125000      -5.33404648E-02   2.00009234E-02  -1.06491076E-04
  0.578125000      0.578125000      -5.79445250E-02   1.73103213E-02   1.09693079E-04
  0.609375000      0.578125000      -6.31956756E-02   1.38496738E-02   3.96432646E-04
  0.640625000      0.578125000      -6.91212714E-02   9.24932770E-03   7.72063388E-04
  0.671875000      0.578125000      -7.56394789E-02   3.04497383E-03   1.25839480E-03
  0.703125000      0.578125000      -8.24958831E-02  -5.29996213E-03   1.92083884E-03
  0.734375000      0.578125000      -8.91633183E-02  -1.63254645E-02   2.77725770E-03
  0.765625000      0.578125000      -9.47482660E-02  -3.04757636E-02   3.81438877E-03
  0.796875000      0.578125000      -9.79043245E-02  -4.79517393E-02   5.01141651E-03
  0.828125000      0.578125000      -9.68085006E-02  -6.82581738E-02   6.29543606E-03
  0.859375000      0.578125000      -8.94452184E-02  -8.93196687E-02   7.49552343E-03
  0.890625000      0.578125000      -7.43114054E-02 -0.106362380       8.33335146E-03
  0.921875000      0.578125000      -5.15774898E-02 -0.110812701       8.52394290E-03
  0.953125000      0.578125000      -2.50542983E-02  -8.99139121E-02   8.03744048E-03
  0.984375000      0.578125000      -5.81413507E-03  -3.26156989E-02   7.23854359E-03
   1.56250000E-02  0.609375000      -7.36557064E-04   1.46273030E-02  -8.18709028E-04
   4.68750000E-02  0.609375000      -3.03067919E-03   3.19992751E-02  -8.82705441E-04
   7.81250000E-02  0.609375000      -6.46603853E-03   4.03573811E-02  -9.23884916E-04
  0.109375000      0.609375000      -1.02714077E-02   4.33266461E-02  -9.51831695E-04
  0.140625000      0.609375000      -1.40597355E-02   4.36049923E-02  -9.73208109E-04
  0.171875000      0.609375000      -1.76747330E-02   4.27017584E-02  -9.91682056E-04
  0.203125000      0.609375000      -2.10707821E-02   4.13165390E-02  -1.00899360E-03
  0.234375000      0.609375000      -2.42509991E-02   3.97413597E-02  -1.02587556E-03
  0.265625000      0.609375000      -2.72412095E-02   3.80992591E-02  -1.04249071E-03
  0.296875000      0.609375000      -3.00800540E-02   3.64500731E-02  -1.05862645E-03
  0.328125000      0.609375000      -3.28155495E-02   3.48286629E-02  -1.07362890E-03
  0.359375000      0.609375000      -3.55045423E-02   3.32570523E-02  -1.08640781E-03
  0.390625000      0.609375000      -3.82138938E-02   3.17473412E-02  -1.09518273E-03
  0.421875000      0.609375000      -4.10230346E-02   3.03009842E-02  -1.09752128E-03
  0.453125000      0.609375000      -4.40276451E-02   2.89056376E-02  -1.09004998E-03
  0.484375000      0.609375000      -4.73440811E-02   2.75286324E-02  -1.06819917E-03
  0.515625000      0.609375000      -5.11136353E-02   2.61060055E-02  -1.02596777E-03
  0.546875000      0.609375000      -5.55047169E-02   2.45251320E-02  -9.55573050E-04
  0.578125000      0.609375000      -6.07092008E-02   2.25995071E-02  -8.47129093E-04
  0.609375000      0.609375000      -6.69258162E-02   2.00351514E-02  -6.88222121E-04
  0.640625000      0.609375000      -7.43188635E-02   1.63920205E-02  -4.63368458E-04
  0.671875000      0.609375000      -8.29361975E-02   1.10508548E-02  -1.52474866E-04
  0.703125000      0.609375000      -9.25747156E-02   3.20535945E-03   2.71395140E-04
  0.734375000      0.609375000     -0.102622494      -8.09766352E-03   9.31600225E-04
  0.765625000      0.609375000     -0.111914292      -2.38059033E-02   1.84796576E-03
  0.796875000      0.609375000     -0.118650660      -4.47048917E-02   3.03172739E-03
  0.828125000      0.609375000     -0.120391443      -7.08343834E-02   4.49963193E-03
  0.859375000      0.609375000     -0.114405811     -0.100065544       6.12384407E-03
  0.890625000      0.609375000      -9.85014141E-02 -0.126626849       7.54900556E-03
  0.921875000      0.609375000      -7.21716732E-02 -0.139584169       8.25339183E-03
  0.953125000      0.609375000      -3.86405922E-02 -0.121172599       7.91514572E-03
  0.984375000      0.609375000      -1.03986859E-02  -4.88238260E-02   6.93705678E-03
   1.56250000E-02  0.640625000      -8.45009577E-04   1.62078049E-02  -1.22169731E-03
   4.68750000E-02  0.640625000      -3.43777472E-03   3.53033021E-02  -1.29356747E-03
   7.81250000E-02  0.640625000      -7.24985311E-03   4.42982167E-02  -1.33770623E-03
  0.109375000      0.640625000      -1.13931801E-02   4.73319627E-02  -1.36624312E-03
  0.140625000      0.640625000      -1.54431835E-02   4.74355258E-02  -1.38806377E-03
  0.171875000      0.640625000      -1.92401856E-02   4.62808385E-02  -1.40839652E-03
  0.203125000      0.640625000      -2.27465462E-02   4.46376055E-02  -1.43008970E-03
  0.234375000      0.640625000      -2.59764642E-02   4.28283289E-02  -1.45474495E-03
  0.265625000      0.640625000      -2.89670769E-02   4.09912318E-02  -1.48338417E-03
  0.296875000      0.640625000      -3.17674279E-02   3.91956866E-02  -1.51659513E-03
  0.328125000      0.640625000      -3.44347209E-02   3.74845751E-02  -1.55467470E-03
  0.359375000      0.640625000      -3.70341539E-02   3.58887017E-02  -1.59759005E-03
  0.390625000      0.640625000      -3.96410041E-02   3.44315246E-02  -1.64484477E-03
  0.421875000      0.640625000      -4.23449427E-02   3.31301317E-02  -1.69564970E-03
  0.453125000      0.640625000      -4.52565178E-02   3.19936723E-02  -1.74864568E-03
  0.484375000      0.640625000      -4.85157743E-02   3.10182534E-02  -1.80185866E-03
  0.515625000      0.640625000      -5.23030050E-02   3.01763639E-02  -1.85276486E-03
  0.546875000      0.640625000      -5.68498522E-02   2.93975100E-02  -1.89820142E-03
  0.578125000      0.640625000      -6.24461360E-02   2.85348427E-02  -1.93450251E-03
  0.609375000      0.640625000      -6.94304258E-02   2.73104906E-02  -1.95778417E-03
  0.640625000      0.640625000      -7.81400502E-02   2.52327658E-02  -1.96354417E-03
  0.671875000      0.640625000      -8.87855142E-02   2.14906670E-02  -1.94388861E-03
  0.703125000      0.640625000     -0.101227120       1.48683656E-02  -1.87887345E-03
  0.734375000      0.640625000     -0.114694096       3.78039014E-03  -1.72070588E-03
  0.765625000      0.640625000     -0.127596408      -1.34619744E-02  -1.22526695E-03
  0.796875000      0.640625000     -0.137691170      -3.81884091E-02  -3.38923681E-04
  0.828125000      0.640625000     -0.142160490      -7.11105913E-02   1.11986708E-03
  0.859375000      0.640625000     -0.137844175     -0.110060856       3.16691492E-03
  0.890625000      0.640625000     -0.122051954     -0.148297012       5.43192215E-03
  0.921875000      0.640625000      -9.35269892E-02 -0.172736853       7.12385774E-03
  0.953125000      0.640625000      -5.43329343E-02 -0.160714954       7.43124448E-03
  0.984375000      0.640625000      -1.63098816E-02  -7.55258724E-02   6.49857987E-03
   1.56250000E-02  0.671875000      -9.93849477E-04   1.80456080E-02  -1.66570442E-03
   4.68750000E-02  0.671875000      -3.98029666E-03   3.90423685E-02  -1.74701470E-03
   7.81250000E-02  0.671875000      -8.26308876E-03   4.86514494E-02  -1.79253286E-03
  0.109375000      0.671875000      -1.28032742E-02   5.16597033E-02  -1.81820523E-03
  0.140625000      0.671875000      -1.71375796E-02   5.14896289E-02  -1.83619070E-03
  0.171875000      0.671875000      -2.11106353E-02   4.99944240E-02  -1.85393775E-03
  0.203125000      0.671875000      -2.47009434E-02   4.80184555E-02  -1.87580334E-03
  0.234375000      0.671875000      -2.79402547E-02   4.59146500E-02  -1.90455467E-03
  0.265625000      0.671875000      -3.08812521E-02   4.38346937E-02  -1.94218080E-03
  0.296875000      0.671875000      -3.35853770E-02   4.18551639E-02  -1.99023448E-03
  0.328125000      0.671875000      -3.61188576E-02   4.00247201E-02  -2.04997207E-03
  0.359375000      0.671875000      -3.85529734E-02   3.83813977E-02  -2.12263782E-03
  0.390625000      0.671875000      -4.09671217E-02   3.69596854E-02  -2.20929831E-03
  0.421875000      0.671875000      -4.34547104E-02   3.57940644E-02  -2.31115520E-03
  0.453125000      0.671875000      -4.61321995E-02   3.49202529E-02  -2.42957869E-03
  0.484375000      0.671875000      -4.91520278E-02   3.43733728E-02  -2.56639882E-03
  0.515625000      0.671875000      -5.27199358E-02   3.41805294E-02  -2.72423308E-03
  0.546875000      0.671875000      -5.71160391E-02   3.43424678E-02  -2.90735927E-03
  0.578125000      0.671875000      -6.27138242E-02   3.47928405E-02  -3.12287826E-03
  0.609375000      0.671875000      -6.99794441E-02   3.53148654E-02  -3.38282995E-03
  0.640625000      0.671875000      -7.94133916E-02   3.53889279E-02  -3.70543404E-03
  0.671875000      0.671875000      -9.13809240E-02   3.39695849E-02  -4.11103014E-03
  0.703125000      0.671875000     -0.105806895       2.92841438E-02  -4.60419059E-03
  0.734375000      0.671875000     -0.121815249       1.88722834E-02  -5.13372943E-03
  0.765625000      0.671875000     -0.137519181       8.60248692E-05  -5.54912956E-03
  0.796875000      0.671875000     -0.150188237      -2.89416779E-02  -5.36477193E-03
  0.828125000      0.671875000     -0.156917989      -6.91291094E-02  -4.24907263E-03
  0.859375000      0.671875000     -0.154652208     -0.118595853      -1.90303440E-03
  0.890625000      0.671875000     -0.140313685     -0.169863388       1.38963480E-03
  0.921875000      0.671875000     -0.111699730     -0.208277464       4.59295791E-03
  0.953125000      0.671875000      -6.91181421E-02 -0.206914812       6.23697741E-03
  0.984375000      0.671875000      -2.23065857E-02 -0.114132822       5.72322356E-03
   1.56250000E-02  0.703125000      -1.20492605E-03   2.02433169E-02  -2.16051168E-03
   4.68750000E-02  0.703125000      -4.72394889E-03   4.33477685E-02  -2.25322926E-03
   7.81250000E-02  0.703125000      -9.60332714E-03   5.35056330E-02  -2.29704892E-03
  0.109375000      0.703125000      -1.46089140E-02   5.63487224E-02  -2.31397292E-03
  0.140625000      0.703125000      -1.92438159E-02   5.57673126E-02  -2.32111826E-03
  0.171875000      0.703125000      -2.33723875E-02   5.38159534E-02  -2.32929713E-03
  0.203125000      0.703125000      -2.70031989E-02   5.14157638E-02  -2.34487886E-03
  0.234375000      0.703125000      -3.01955082E-02   4.89468686E-02  -2.37200595E-03
  0.265625000      0.703125000      -3.30235101E-02   4.65696231E-02  -2.41372013E-03
  0.296875000      0.703125000      -3.55634838E-02   4.43627685E-02  -2.47245794E-03
  0.328125000      0.703125000      -3.78901735E-02   4.23761196E-02  -2.55045551E-03
  0.359375000      0.703125000      -4.00777534E-02   4.06510159E-02  -2.65019992E-03
  0.390625000      0.703125000      -4.22038026E-02   3.92301977E-02  -2.77435640E-03
  0.421875000      0.703125000      -4.43562642E-02   3.81643251E-02  -2.92641995E-03
  0.453125000      0.703125000      -4.66440357E-02   3.75170037E-02  -3.11100855E-03
  0.484375000      0.703125000      -4.92124073E-02   3.73678952E-02  -3.33448499E-03
  0.515625000      0.703125000      -5.22645935E-02   3.78109552E-02  -3.60616064E-03
  0.546875000      0.703125000      -5.60889952E-02   3.89397815E-02  -3.94023582E-03
  0.578125000      0.703125000      -6.10859096E-02   4.08006534E-02  -4.35908511E-03
  0.609375000      0.703125000      -6.77737743E-02   4.32752073E-02  -4.89831949E-03
  0.640625000      0.703125000      -7.67339021E-02   4.58425060E-02  -5.61165344E-03
  0.671875000      0.703125000      -8.84404331E-02   4.72154766E-02  -6.56638248E-03
  0.703125000      0.703125000     -0.102953926       4.50079441E-02  -7.81260151E-03
  0.734375000      0.703125000     -0.119549021       3.57850790E-02  -9.30712186E-03
  0.765625000      0.703125000     -0.136438817       1.58017371E-02  -1.08140325E-02
  0.796875000      0.703125000     -0.150749028      -1.76471062E-02  -1.18605737E-02
  0.828125000      0.703125000     -0.159586728      -6.48307353E-02  -1.15486784E-02
  0.859375000      0.703125000     -0.160142630     -0.124579757      -9.17047728E-03
  0.890625000      0.703125000     -0.149102598     -0.189232975      -4.82560322E-03
  0.921875000      0.703125000     -0.123106726     -0.243489325       2.86290655E-04
  0.953125000      0.703125000      -8.01849067E-02 -0.257170498       3.94412549E-03
  0.984375000      0.703125000      -2.72069108E-02 -0.163633868       4.30732034E-03
   1.56250000E-02  0.734375000      -1.51485763E-03   2.29620039E-02  -2.72167730E-03
   4.68750000E-02  0.734375000      -5.77268098E-03   4.84035015E-02  -2.82812305E-03
   7.81250000E-02  0.734375000      -1.14141684E-02   5.89681044E-02  -2.86438153E-03
  0.109375000      0.734375000      -1.69562586E-02   6.14312813E-02  -2.86254473E-03
  0.140625000      0.734375000      -2.18880475E-02   6.02488518E-02  -2.84777163E-03
  0.171875000      0.734375000      -2.61226520E-02   5.76950759E-02  -2.83573102E-03
  0.203125000      0.734375000      -2.97213532E-02   5.47637418E-02  -2.83559714E-03
  0.234375000      0.734375000      -3.27853486E-02   5.18529564E-02  -2.85299635E-03
  0.265625000      0.734375000      -3.54178697E-02   4.91220653E-02  -2.89176917E-03
  0.296875000      0.734375000      -3.77125591E-02   4.66432832E-02  -2.95506604E-03
  0.328125000      0.734375000      -3.97516154E-02   4.44600433E-02  -3.04583204E-03
  0.359375000      0.734375000      -4.16081324E-02   4.26104032E-02  -3.16745811E-03
  0.390625000      0.734375000      -4.33509126E-02   4.11395021E-02  -3.32414871E-03
  0.421875000      0.734375000      -4.50515449E-02   4.01088297E-02  -3.52152553E-03
  0.453125000      0.734375000      -4.67947349E-02   3.96052673E-02  -3.76746245E-03
  0.484375000      0.734375000      -4.86930162E-02   3.97495329E-02  -4.07317188E-03
  0.515625000      0.734375000      -5.09070829E-02   4.07007784E-02  -4.45537549E-03
  0.546875000      0.734375000      -5.36715388E-02   4.26466540E-02  -4.93952166E-03
  0.578125000      0.734375000      -5.73207960E-02   4.57513630E-02  -5.56581933E-03
  0.609375000      0.734375000      -6.23011701E-02   5.00088260E-02  -6.39816420E-03
  0.640625000      0.734375000      -6.91438392E-02   5.49332947E-02  -7.53353070E-03
  0.671875000      0.734375000      -7.83665329E-02   5.90809211E-02  -9.09922831E-03
  0.703125000      0.734375000      -9.02755409E-02   5.95957637E-02  -1.12097468E-02
  0.734375000      0.734375000     -0.104659572       5.22080958E-02  -1.38521492E-02
  0.765625000      0.734375000     -0.120427281       3.20673361E-02  -1.67237706E-02
  0.796875000      0.734375000     -0.135391623      -4.61019296E-03  -1.91622730E-02
  0.828125000      0.734375000     -0.146507457      -5.78910634E-02  -2.00640522E-02
  0.859375000      0.734375000     -0.150897592     -0.126552731      -1.80050023E-02
  0.890625000      0.734375000     -0.145330578     -0.203847125      -1.27941966E-02
  0.921875000      0.734375000     -0.125126913     -0.275053531      -5.64072793E-03
  0.953125000      0.734375000      -8.56140926E-02 -0.308012009       5.19823516E-04
  0.984375000      0.734375000      -3.02631017E-02 -0.221091464       2.22889916E-03
   1.56250000E-02  0.765625000      -1.98672246E-03   2.64624394E-02  -3.37470742E-03
   4.68750000E-02  0.765625000      -7.29285832E-03   5.44644855E-02  -3.49689112E-03
   7.81250000E-02  0.765625000      -1.39034186E-02   6.51563630E-02  -3.51408683E-03
  0.109375000      0.765625000      -2.00331509E-02   6.69120401E-02  -3.47634638E-03
  0.140625000      0.765625000      -2.52078045E-02   6.48717582E-02  -3.42202047E-03
  0.171875000      0.765625000      -2.94413753E-02   6.15376234E-02  -3.37413233E-03
  0.203125000      0.765625000      -3.28827277E-02   5.79586253E-02  -3.34523432E-03
  0.234375000      0.765625000      -3.56940106E-02   5.45308664E-02  -3.34218191E-03
  0.265625000      0.765625000      -3.80154774E-02   5.13958856E-02  -3.36905802E-03
  0.296875000      0.765625000      -3.99596207E-02   4.86063473E-02  -3.42901191E-03
  0.328125000      0.765625000      -4.16140333E-02   4.61888835E-02  -3.52514302E-03
  0.359375000      0.765625000      -4.30463329E-02   4.41693477E-02  -3.66118364E-03
  0.390625000      0.765625000      -4.43097055E-02   4.25863452E-02  -3.84235685E-03
  0.421875000      0.765625000      -4.54491302E-02   4.15025167E-02  -4.07594070E-03
  0.453125000      0.765625000      -4.65092435E-02   4.10164967E-02  -4.37252922E-03
  0.484375000      0.765625000      -4.75447848E-02   4.12752591E-02  -4.74775583E-03
  0.515625000      0.765625000      -4.86341640E-02   4.24836800E-02  -5.22505585E-03
  0.546875000      0.765625000      -4.98965979E-02   4.48986068E-02  -5.84066426E-03
  0.578125000      0.765625000      -5.15114069E-02   4.87752259E-02  -6.65161666E-03
  0.609375000      0.765625000      -5.37371188E-02   5.42077124E-02  -7.74840964E-03
  0.640625000      0.765625000      -5.69302738E-02   6.07924834E-02  -9.26847104E-03
  0.671875000      0.765625000      -6.15614019E-02   6.71027601E-02  -1.13957301E-02
  0.703125000      0.765625000      -6.82028532E-02   7.01540858E-02  -1.43116359E-02
  0.734375000      0.765625000      -7.74056464E-02   6.52652681E-02  -1.80514883E-02
  0.765625000      0.765625000      -8.93350840E-02   4.67320718E-02  -2.22763754E-02
  0.796875000      0.765625000     -0.103090562       9.46579501E-03  -2.60933768E-02
  0.828125000      0.765625000     -0.115928888      -4.79931086E-02  -2.83926912E-02
  0.859375000      0.765625000     -0.125041425     -0.122928441      -2.69875657E-02
  0.890625000      0.765625000     -0.127144545     -0.210918620      -2.12733373E-02
  0.921875000      0.765625000     -0.116126195     -0.299190581      -1.22315576E-02
  0.953125000      0.765625000      -8.42789039E-02 -0.355218202      -3.30906408E-03
  0.984375000      0.765625000      -3.10750287E-02 -0.282420814       1.86219346E-04
   1.56250000E-02  0.796875000      -2.73093022E-03   3.11788693E-02  -4.16349480E-03
   4.68750000E-02  0.796875000      -9.54930484E-03   6.18698522E-02  -4.30061109E-03
   7.81250000E-02  0.796875000      -1.73550453E-02   7.21642897E-02  -4.27523162E-03
  0.109375000      0.796875000      -2.40429230E-02   7.27186799E-02  -4.17130953E-03
  0.140625000      0.796875000      -2.92891245E-02   6.94829226E-02  -4.04947158E-03
  0.171875000      0.796875000      -3.32975239E-02   6.51654005E-02  -3.94323282E-03
  0.203125000      0.796875000      -3.63545306E-02   6.08262531E-02  -3.86843178E-03
  0.234375000      0.796875000      -3.87044661E-02   5.68216369E-02  -3.83180520E-03
  0.265625000      0.796875000      -4.05297093E-02   5.32492064E-02  -3.83631722E-03
  0.296875000      0.796875000      -4.19601053E-02   5.01252487E-02  -3.88386613E-03
  0.328125000      0.796875000      -4.30850387E-02   4.74473983E-02  -3.97671945E-03
  0.359375000      0.796875000      -4.39626202E-02   4.52192836E-02  -4.11819108E-03
  0.390625000      0.796875000      -4.46258187E-02   4.34622020E-02  -4.31353739E-03
  0.421875000      0.796875000      -4.50868160E-02   4.22271527E-02  -4.57088649E-03
  0.453125000      0.796875000      -4.53412086E-02   4.16075885E-02  -4.90265712E-03
  0.484375000      0.796875000      -4.53718677E-02   4.17531282E-02  -5.32750553E-03
  0.515625000      0.796875000      -4.51526046E-02   4.28807698E-02  -5.87391388E-03
  0.546875000      0.796875000      -4.46542278E-02   4.52732556E-02  -6.58625364E-03
  0.578125000      0.796875000      -4.38570529E-02   4.92297485E-02  -7.53424969E-03
  0.609375000      0.796875000      -4.27775905E-02   5.49159162E-02  -8.82684812E-03
  0.640625000      0.796875000      -4.15245891E-02   6.20463043E-02  -1.06267938E-02
  0.671875000      0.796875000      -4.03952301E-02   6.93769604E-02  -1.31501202E-02
  0.703125000      0.796875000      -4.00055721E-02   7.41594285E-02  -1.66210644E-02
  0.734375000      0.796875000      -4.13927957E-02   7.18754679E-02  -2.11213417E-02
  0.765625000      0.796875000      -4.59937192E-02   5.66730797E-02  -2.63419300E-02
  0.796875000      0.796875000      -5.52058257E-02   2.25122850E-02  -3.12766470E-02
  0.828125000      0.796875000      -6.82238787E-02  -3.51660624E-02  -3.46877314E-02
  0.859375000      0.796875000      -8.24633688E-02 -0.112385437      -3.41611952E-02
  0.890625000      0.796875000      -9.39205512E-02 -0.207882732      -2.83490326E-02
  0.921875000      0.796875000      -9.52046663E-02 -0.311951041      -1.77292470E-02
  0.953125000      0.796875000      -7.54904374E-02 -0.394013643      -5.86550822E-03
  0.984375000      0.796875000      -2.94104833E-02 -0.342902780      -1.14308918E-04
   1.56250000E-02  0.828125000      -3.94093385E-03   3.78493965E-02  -5.16870618E-03
   4.68750000E-02  0.828125000      -1.29477587E-02   7.10215345E-02  -5.30799851E-03
   7.81250000E-02  0.828125000      -2.20957026E-02   7.99629614E-02  -5.18936198E-03
  0.109375000      0.828125000      -2.90802084E-02   7.85890222E-02  -4.96416399E-03
  0.140625000      0.828125000      -3.39624733E-02   7.37376511E-02  -4.73035313E-03
  0.171875000      0.828125000      -3.72788236E-02   6.82320297E-02  -4.53444570E-03
  0.203125000      0.828125000      -3.95161957E-02   6.30506650E-02  -4.39282600E-03
  0.234375000      0.828125000      -4.10167947E-02   5.84445298E-02  -4.30819392E-03
  0.265625000      0.828125000      -4.20006812E-02   5.44323698E-02  -4.27950732E-03
  0.296875000      0.828125000      -4.26075868E-02   5.09765744E-02  -4.30558901E-03
  0.328125000      0.828125000      -4.29234281E-02   4.80344035E-02  -4.38654888E-03
  0.359375000      0.828125000      -4.29946892E-02   4.55791540E-02  -4.52426402E-03
  0.390625000      0.828125000      -4.28345688E-02   4.36040871E-02  -4.72305343E-03
  0.421875000      0.828125000      -4.24245894E-02   4.21358198E-02  -4.99083288E-03
  0.453125000      0.828125000      -4.17157374E-02   4.12451401E-02  -5.34052914E-03
  0.484375000      0.828125000      -4.06261906E-02   4.10589203E-02  -5.79220103E-03
  0.515625000      0.828125000      -3.90336663E-02   4.17674929E-02  -6.37679454E-03
  0.546875000      0.828125000      -3.67708877E-02   4.36324887E-02  -7.14367162E-03
  0.578125000      0.828125000      -3.36343683E-02   4.69476953E-02  -8.16970132E-03
  0.609375000      0.828125000      -2.94198357E-02   5.19195199E-02  -9.57157463E-03
  0.640625000      0.828125000      -2.40051784E-02   5.83955087E-02  -1.15168765E-02
  0.671875000      0.828125000      -1.74727924E-02   6.53901398E-02  -1.42114013E-02
  0.703125000      0.828125000      -1.02922283E-02   7.06010535E-02  -1.78720299E-02
  0.734375000      0.828125000      -3.45927058E-03   7.00122789E-02  -2.25686543E-02
  0.765625000      0.828125000       1.36749714E-03   5.83326966E-02  -2.80691981E-02
  0.796875000      0.828125000       1.44193671E-03   3.00137047E-02  -3.35290134E-02
  0.828125000      0.828125000      -7.67529290E-03  -2.05026753E-02  -3.72613966E-02
  0.859375000      0.828125000      -2.56627202E-02  -9.47997719E-02  -3.77056934E-02
  0.890625000      0.828125000      -4.63206619E-02 -0.193339348      -3.19209285E-02
  0.921875000      0.828125000      -6.17389493E-02 -0.309781969      -1.99158862E-02
  0.953125000      0.828125000      -5.84645942E-02 -0.419172704      -4.57940064E-03
  0.984375000      0.828125000      -2.49890573E-02 -0.397303402       4.18874528E-03
   1.56250000E-02  0.859375000      -5.94498636E-03   4.77338508E-02  -6.55255653E-03
   4.68750000E-02  0.859375000      -1.80339124E-02   8.22295398E-02  -6.63644634E-03
   7.81250000E-02  0.859375000      -2.82736048E-02   8.81388932E-02  -6.30897703E-03
  0.109375000      0.859375000      -3.47002894E-02   8.38205367E-02  -5.85996872E-03
  0.140625000      0.859375000      -3.82052027E-02   7.68895447E-02  -5.44501655E-03
  0.171875000      0.859375000      -3.98603305E-02   7.00478256E-02  -5.11913188E-03
  0.203125000      0.859375000      -4.04120572E-02   6.40202016E-02  -4.88859601E-03
  0.234375000      0.859375000      -4.02919278E-02   5.88517264E-02  -4.74269688E-03
  0.265625000      0.859375000      -3.97327244E-02   5.44462465E-02  -4.67177201E-03
  0.296875000      0.859375000      -3.88681367E-02   5.07016294E-02  -4.66927234E-03
  0.328125000      0.859375000      -3.77733745E-02   4.75273915E-02  -4.73187771E-03
  0.359375000      0.859375000      -3.64840664E-02   4.48655561E-02  -4.85906238E-03
  0.390625000      0.859375000      -3.50004993E-02   4.26720679E-02  -5.05301123E-03
  0.421875000      0.859375000      -3.32848616E-02   4.09411341E-02  -5.32057928E-03
  0.453125000      0.859375000      -3.12634893E-02   3.97096463E-02  -5.67440223E-03
  0.484375000      0.859375000      -2.88220011E-02   3.90649624E-02  -6.13464322E-03
  0.515625000      0.859375000      -2.57843882E-02   3.91349494E-02  -6.73120935E-03
  0.546875000      0.859375000      -2.18995810E-02   4.01238091E-02  -7.51659088E-03
  0.578125000      0.859375000      -1.68451890E-02   4.22750413E-02  -8.57026037E-03
  0.609375000      0.859375000      -1.02587305E-02   4.58047390E-02  -1.00090811E-02
  0.640625000      0.859375000      -1.79014087E-03   5.06435968E-02  -1.19957719E-02
  0.671875000      0.859375000       8.71523004E-03   5.61249033E-02  -1.46681666E-02
  0.703125000      0.859375000       2.08999403E-02   6.05246462E-02  -1.82003938E-02
  0.734375000      0.859375000       3.36516723E-02   6.05256595E-02  -2.26850938E-02
  0.765625000      0.859375000       4.49551344E-02   5.17074391E-02  -2.78272778E-02
  0.796875000      0.859375000       5.18772304E-02   2.96587013E-02  -3.27655450E-02
  0.828125000      0.859375000       5.06276339E-02  -9.75342002E-03  -3.59559730E-02
  0.859375000      0.859375000       3.78954336E-02  -7.47932047E-02  -3.59253064E-02
  0.890625000      0.859375000       1.38251409E-02 -0.168591410      -3.02559081E-02
  0.921875000      0.859375000      -1.45634357E-02 -0.290712118      -1.67107899E-02
  0.953125000      0.859375000      -3.13148908E-02 -0.424774945       3.81871685E-03
  0.984375000      0.859375000      -1.71049982E-02 -0.439401507       1.73090808E-02
   1.56250000E-02  0.890625000      -9.21709090E-03   6.28943667E-02  -8.68144631E-03
   4.68750000E-02  0.890625000      -2.51583550E-02   9.50956196E-02  -8.48013721E-03
   7.81250000E-02  0.890625000      -3.48845944E-02   9.52346772E-02  -7.67012825E-03
  0.109375000      0.890625000      -3.84707600E-02   8.67335051E-02  -6.80881552E-03
  0.140625000      0.890625000      -3.83661538E-02   7.73727298E-02  -6.11403538E-03
  0.171875000      0.890625000      -3.63878459E-02   6.92372546E-02  -5.61664440E-03
  0.203125000      0.890625000      -3.35319564E-02   6.25223741E-02  -5.28369052E-03
  0.234375000      0.890625000      -3.02494131E-02   5.69426678E-02  -5.07071009E-03
  0.265625000      0.890625000      -2.67327223E-02   5.22753187E-02  -4.95495740E-03
  0.296875000      0.890625000      -2.30843648E-02   4.83557880E-02  -4.92233690E-03
  0.328125000      0.890625000      -1.93541199E-02   4.50447276E-02  -4.96596564E-03
  0.359375000      0.890625000      -1.55628193E-02   4.22644764E-02  -5.08202054E-03
  0.390625000      0.890625000      -1.17015596E-02   3.99257913E-02  -5.26929135E-03
  0.421875000      0.890625000      -7.72417570E-03   3.79927009E-02  -5.53341256E-03
  0.453125000      0.890625000      -3.55343963E-03   3.64652202E-02  -5.88715542E-03
  0.484375000      0.890625000       9.35761549E-04   3.53794806E-02  -6.35161670E-03
  0.515625000      0.890625000       5.91052696E-03   3.48109007E-02  -6.94855303E-03
  0.546875000      0.890625000       1.16006108E-02   3.48782465E-02  -7.73661304E-03
  0.578125000      0.890625000       1.83365252E-02   3.57385576E-02  -8.78643617E-03
  0.609375000      0.890625000       2.65455451E-02   3.75573523E-02  -1.02005126E-02
  0.640625000      0.890625000       3.66668254E-02   4.03149053E-02  -1.21195400E-02
  0.671875000      0.890625000       4.89864498E-02   4.36459854E-02  -1.46919200E-02
  0.703125000      0.890625000       6.33779243E-02   4.64474484E-02  -1.80540159E-02
  0.734375000      0.890625000       7.88698941E-02   4.63748276E-02  -2.22140178E-02
  0.765625000      0.890625000       9.33346003E-02   4.00983244E-02  -2.68197134E-02
  0.796875000      0.890625000      0.103660062       2.40239464E-02  -3.09673641E-02
  0.828125000      0.890625000      0.106645390      -5.85043803E-03  -3.31801325E-02
  0.859375000      0.890625000       9.94253755E-02  -5.87248430E-02  -3.11328992E-02
  0.890625000      0.890625000       7.99759030E-02 -0.141118586      -2.19521876E-02
  0.921875000      0.890625000       4.84042466E-02 -0.258214176      -3.33642634E-03
  0.953125000      0.890625000       1.10886814E-02 -0.403212190       2.31026094E-02
  0.984375000      0.890625000      -3.79547733E-03 -0.460306972       4.53629680E-02
   1.56250000E-02  0.921875000      -1.38065517E-02   8.59165043E-02  -1.24991955E-02
   4.68750000E-02  0.921875000      -3.21025103E-02  0.106307104      -1.10724512E-02
   7.81250000E-02  0.921875000      -3.54468971E-02   9.70896482E-02  -9.15230252E-03
  0.109375000      0.921875000      -3.05559598E-02   8.35695937E-02  -7.57229049E-03
  0.140625000      0.921875000      -2.21789479E-02   7.20507726E-02  -6.50087232E-03
  0.171875000      0.921875000      -1.27579607E-02   6.31555989E-02  -5.82648441E-03
  0.203125000      0.921875000      -3.19816684E-03   5.61838597E-02  -5.41508477E-03
  0.234375000      0.921875000       6.20618137E-03   5.05898595E-02  -5.14973514E-03
  0.265625000      0.921875000       1.53012425E-02   4.60121185E-02  -5.00359247E-03
  0.296875000      0.921875000       2.40641572E-02   4.22035456E-02  -4.96412488E-03
  0.328125000      0.921875000       3.25324610E-02   3.89945619E-02  -5.00575174E-03
  0.359375000      0.921875000       4.07609902E-02   3.62913683E-02  -5.11847483E-03
  0.390625000      0.921875000       4.88050729E-02   3.39906774E-02  -5.30466205E-03
  0.421875000      0.921875000       5.67155704E-02   3.20378318E-02  -5.56964334E-03
  0.453125000      0.921875000       6.45582303E-02   3.04054581E-02  -5.92481997E-03
  0.484375000      0.921875000       7.24198520E-02   2.90886611E-02  -6.38904469E-03
  0.515625000      0.921875000       8.04262012E-02   2.81228032E-02  -6.99099805E-03
  0.546875000      0.921875000       8.87544900E-02   2.75523942E-02  -7.78011885E-03
  0.578125000      0.921875000       9.76427197E-02   2.74475794E-02  -8.82544741E-03
  0.609375000      0.921875000      0.107407130       2.78851110E-02  -1.02226669E-02
  0.640625000      0.921875000      0.118417040       2.88687870E-02  -1.20954029E-02
  0.671875000      0.921875000      0.130994037       3.02101821E-02  -1.45755904E-02
  0.703125000      0.921875000      0.145196736       3.13034765E-02  -1.77574344E-02
  0.734375000      0.921875000      0.160431415       3.08024436E-02  -2.15778444E-02
  0.765625000      0.921875000      0.175074726       2.65655853E-02  -2.56078355E-02
  0.796875000      0.921875000      0.186535001       1.57668609E-02  -2.88531631E-02
  0.828125000      0.921875000      0.192756474      -6.80878805E-03  -2.96145044E-02
  0.859375000      0.921875000      0.190182477      -4.79825065E-02  -2.42002495E-02
  0.890625000      0.921875000      0.172486588     -0.114723995      -9.04354267E-03
  0.921875000      0.921875000      0.133889616     -0.214442313       1.94673147E-02
  0.953125000      0.921875000       7.42053390E-02 -0.349990308       6.04554377E-02
  0.984375000      0.921875000       1.98278092E-02 -0.444278479       9.80719328E-02
   1.56250000E-02  0.953125000      -1.35139171E-02  0.113235563      -2.05952972E-02
   4.68750000E-02  0.953125000      -1.85016058E-02  0.102268264      -1.40148271E-02
   7.81250000E-02  0.953125000       3.53725674E-03   8.24299455E-02  -9.90049727E-03
  0.109375000      0.953125000       3.01727876E-02   6.66987896E-02  -7.44344154E-03
  0.140625000      0.953125000       5.52667007E-02   5.54465652E-02  -6.11990271E-03
  0.171875000      0.953125000       7.81907737E-02   4.74105105E-02  -5.35495393E-03
  0.203125000      0.953125000       9.92067978E-02   4.13486660E-02  -4.92119603E-03
  0.234375000      0.953125000      0.118587896       3.66351791E-02  -4.68036346E-03
  0.265625000      0.953125000      0.136594117       3.28612588E-02  -4.57189558E-03
  0.296875000      0.953125000      0.153424442       2.97569036E-02  -4.56585037E-03
  0.328125000      0.953125000      0.169234037       2.71592606E-02  -4.64001345E-03
  0.359375000      0.953125000      0.184161052       2.49675754E-02  -4.78401594E-03
  0.390625000      0.953125000      0.198327810       2.31006071E-02  -4.99878963E-03
  0.421875000      0.953125000      0.211839214       2.15036459E-02  -5.29028382E-03
  0.453125000      0.953125000      0.224793077       2.01416779E-02  -5.67050371E-03
  0.484375000      0.953125000      0.237288296       1.89955216E-02  -6.15898892E-03
  0.515625000      0.953125000      0.249435648       1.80639587E-02  -6.78701047E-03
  0.546875000      0.953125000      0.261367142       1.73553005E-02  -7.60255428E-03
  0.578125000      0.953125000      0.273242772       1.68872103E-02  -8.67349096E-03
  0.609375000      0.953125000      0.285255849       1.66769028E-02  -1.00904647E-02
  0.640625000      0.953125000      0.297622502       1.67113282E-02  -1.19631989E-02
  0.671875000      0.953125000      0.310532808       1.68921240E-02  -1.43974572E-02
  0.703125000      0.953125000      0.324031174       1.69309862E-02  -1.74366254E-02
  0.734375000      0.953125000      0.337794065       1.61834713E-02  -2.09363122E-02
  0.765625000      0.953125000      0.350911200       1.34231737E-02  -2.43572854E-02
  0.796875000      0.953125000      0.362091184       6.25803974E-03  -2.65641399E-02
  0.828125000      0.953125000      0.368038446      -9.48058534E-03  -2.42770407E-02
  0.859375000      0.953125000      0.362344027      -3.70524377E-02  -1.40200406E-02
  0.890625000      0.953125000      0.336225569      -8.18543434E-02   9.30199213E-03
  0.921875000      0.953125000      0.279045224     -0.151552096       5.15026338E-02
  0.953125000      0.953125000      0.181795299     -0.255967796      0.115075752    
  0.984375000      0.953125000       6.11553714E-02 -0.363302886      0.184550330    
   1.56250000E-02  0.984375000       6.33736625E-02   6.33743852E-02  -3.77378464E-02
   4.68750000E-02  0.984375000      0.173616737       4.68705185E-02  -1.28064482E-02
   7.81250000E-02  0.984375000      0.254943371       3.44581492E-02  -6.09070715E-03
  0.109375000      0.984375000      0.316187263       2.67874636E-02  -4.04861709E-03
  0.140625000      0.984375000      0.364710450       2.17372626E-02  -3.37182311E-03
  0.171875000      0.984375000      0.404674321       1.82281882E-02  -3.13736219E-03
  0.203125000      0.984375000      0.438543081       1.56423002E-02  -3.09126358E-03
  0.234375000      0.984375000      0.467841625       1.36579759E-02  -3.13986163E-03
  0.265625000      0.984375000      0.493583918       1.20860506E-02  -3.25159263E-03
  0.296875000      0.984375000      0.516475081       1.08068250E-02  -3.41554778E-03
  0.328125000      0.984375000      0.537025809       9.74545069E-03  -3.62568907E-03
  0.359375000      0.984375000      0.555623293       8.85356218E-03  -3.88158532E-03
  0.390625000      0.984375000      0.572571993       8.09638388E-03  -4.18971665E-03
  0.421875000      0.984375000      0.588116884       7.44942809E-03  -4.56067501E-03
  0.453125000      0.984375000      0.602461576       6.89589838E-03  -5.01051638E-03
  0.484375000      0.984375000      0.615782261       6.42501656E-03  -5.56189148E-03
  0.515625000      0.984375000      0.628239036       6.03141170E-03  -6.24890206E-03
  0.546875000      0.984375000      0.639984965       5.71333896E-03  -7.12113827E-03
  0.578125000      0.984375000      0.651171923       5.47159743E-03  -8.24711751E-03
  0.609375000      0.984375000      0.661952317       5.30601433E-03  -9.71420854E-03
  0.640625000      0.984375000      0.672468960       5.20729087E-03  -1.16213011E-02
  0.671875000      0.984375000      0.682821393       5.14189526E-03  -1.40508395E-02
  0.703125000      0.984375000      0.692988038       5.02261985E-03  -1.69975702E-02
  0.734375000      0.984375000      0.702664971       4.65415744E-03  -2.02261880E-02
  0.765625000      0.984375000      0.710905850       3.58989742E-03  -2.29661390E-02
  0.796875000      0.984375000      0.715149343       6.56870659E-04  -2.31652055E-02
  0.828125000      0.984375000      0.710556984      -5.24466019E-03  -1.75680295E-02
  0.859375000      0.984375000      0.690127611      -1.51761863E-02  -2.63905106E-03
  0.890625000      0.984375000      0.643719137      -3.12218033E-02   2.79831029E-02
  0.921875000      0.984375000      0.555588365      -5.68962991E-02   8.20579305E-02
  0.953125000      0.984375000      0.400430083      -9.82456654E-02  0.166673735    
  0.984375000      0.984375000      0.151087523     -0.151076898      0.281020522    
