 VARIABLES="X","Y","U","V","P"
 ZONE F=POINT, I=          32 , J=          32
   1.56250000E-02   1.56250000E-02   3.50478134E-04  -3.52620584E-04   3.57010216E-02
   4.68750000E-02   1.56250000E-02   1.18432415E-03  -4.86250181E-04   3.56717333E-02
   7.81250000E-02   1.56250000E-02   1.96793023E-03  -3.03078821E-04   3.55544537E-02
  0.109375000       1.56250000E-02   2.27832468E-03  -1.29458467E-05   3.53660360E-02
  0.140625000       1.56250000E-02   1.99075602E-03   2.95006641E-04   3.51237841E-02
  0.171875000       1.56250000E-02   1.08164665E-03   6.08754752E-04   3.48368548E-02
  0.203125000       1.56250000E-02  -4.80430812E-04   9.48175206E-04   3.45084481E-02
  0.234375000       1.56250000E-02  -2.76488019E-03   1.33137254E-03   3.41420025E-02
  0.265625000       1.56250000E-02  -5.85537869E-03   1.75451918E-03   3.37476693E-02
  0.296875000       1.56250000E-02  -9.79749486E-03   2.18332047E-03   3.33472863E-02
  0.328125000       1.56250000E-02  -1.45368222E-02   2.55207694E-03   3.29768173E-02
  0.359375000       1.56250000E-02  -1.98611766E-02   2.76867347E-03   3.26850303E-02
  0.390625000       1.56250000E-02  -2.53615920E-02   2.72839540E-03   3.25267389E-02
  0.421875000       1.56250000E-02  -3.04327570E-02   2.33955798E-03   3.25498655E-02
  0.453125000       1.56250000E-02  -3.43318060E-02   1.55626005E-03   3.27781476E-02
  0.484375000       1.56250000E-02  -3.62968035E-02   4.05314757E-04   3.31940278E-02
  0.515625000       1.56250000E-02  -3.57031263E-02  -1.00278680E-03   3.37279700E-02
  0.546875000       1.56250000E-02  -3.22275311E-02  -2.47709057E-03   3.42602395E-02
  0.578125000       1.56250000E-02  -2.59612426E-02  -3.79398209E-03   3.46333086E-02
  0.609375000       1.56250000E-02  -1.74495596E-02  -4.72292770E-03   3.46872881E-02
  0.640625000       1.56250000E-02  -7.66193727E-03  -5.07020298E-03   3.43079865E-02
  0.671875000       1.56250000E-02   2.13254336E-03  -4.72982228E-03   3.34725827E-02
  0.703125000       1.56250000E-02   1.05901379E-02  -3.73310712E-03   3.22691165E-02
  0.734375000       1.56250000E-02   1.66018512E-02  -2.28354475E-03   3.08729969E-02
  0.765625000       1.56250000E-02   1.95835233E-02  -7.02562102E-04   2.94891056E-02
  0.796875000       1.56250000E-02   1.96185187E-02   6.63632352E-04   2.82861516E-02
  0.828125000       1.56250000E-02   1.73655301E-02   1.58584362E-03   2.73534767E-02
  0.859375000       1.56250000E-02   1.37481950E-02   2.02828459E-03   2.67061330E-02
  0.890625000       1.56250000E-02   9.62776784E-03   2.08912697E-03   2.63089798E-02
  0.921875000       1.56250000E-02   5.65477833E-03   1.88094901E-03   2.61098444E-02
  0.953125000       1.56250000E-02   2.37644673E-03   1.39451656E-03   2.60628741E-02
  0.984375000       1.56250000E-02   4.90251754E-04   4.89352737E-04   2.61225495E-02
   1.56250000E-02   4.68750000E-02   4.88417107E-04  -1.19657372E-03   3.57294306E-02
   4.68750000E-02   4.68750000E-02   1.41215569E-03  -1.41146604E-03   3.56961787E-02
   7.81250000E-02   4.68750000E-02   1.76753860E-03  -5.29826269E-04   3.55864465E-02
  0.109375000       4.68750000E-02   8.87713628E-04   7.70466053E-04   3.54184285E-02
  0.140625000       4.68750000E-02  -1.53176265E-03   2.20616045E-03   3.52053754E-02
  0.171875000       4.68750000E-02  -5.66746434E-03   3.73028219E-03   3.49525809E-02
  0.203125000       4.68750000E-02  -1.16727594E-02   5.38234459E-03   3.46594900E-02
  0.234375000       4.68750000E-02  -1.96724888E-02   7.17027718E-03   3.43249515E-02
  0.265625000       4.68750000E-02  -2.96738967E-02   8.99710786E-03   3.39530446E-02
  0.296875000       4.68750000E-02  -4.14398648E-02   1.06391981E-02   3.35582606E-02
  0.328125000       4.68750000E-02  -5.43858372E-02   1.17727388E-02   3.31694148E-02
  0.359375000       4.68750000E-02  -6.75607547E-02   1.20393597E-02   3.28307152E-02
  0.390625000       4.68750000E-02  -7.97430873E-02   1.11332284E-02   3.25975418E-02
  0.421875000       4.68750000E-02  -8.96276683E-02   8.88363365E-03   3.25246267E-02
  0.453125000       4.68750000E-02  -9.60344225E-02   5.31119760E-03   3.26475948E-02
  0.484375000       4.68750000E-02  -9.80751365E-02   6.48928515E-04   3.29627693E-02
  0.515625000       4.68750000E-02  -9.52561274E-02  -4.66704648E-03   3.34120542E-02
  0.546875000       4.68750000E-02  -8.75147432E-02  -1.00388452E-02   3.38794775E-02
  0.578125000       4.68750000E-02  -7.52259791E-02  -1.47974947E-02   3.42098288E-02
  0.609375000       4.68750000E-02  -5.92175499E-02  -1.82507914E-02   3.42418551E-02
  0.640625000       4.68750000E-02  -4.07677591E-02  -1.97917260E-02   3.38579714E-02
  0.671875000       4.68750000E-02  -2.15433910E-02  -1.90392826E-02   3.30322720E-02
  0.703125000       4.68750000E-02  -3.44220456E-03  -1.59941707E-02   3.18528675E-02
  0.734375000       4.68750000E-02   1.16690602E-02  -1.11563653E-02   3.05007286E-02
  0.765625000       4.68750000E-02   2.23235618E-02  -5.47573110E-03   2.91833393E-02
  0.796875000       4.68750000E-02   2.78170817E-02  -1.00433186E-04   2.80683339E-02
  0.828125000       4.68750000E-02   2.83688363E-02   4.04334581E-03   2.72359792E-02
  0.859375000       4.68750000E-02   2.49965042E-02   6.55330950E-03   2.66781077E-02
  0.890625000       4.68750000E-02   1.91453788E-02   7.52891321E-03   2.63430718E-02
  0.921875000       4.68750000E-02   1.23071410E-02   7.24585261E-03   2.61707772E-02
  0.953125000       4.68750000E-02   5.89777343E-03   5.71086444E-03   2.61198170E-02
  0.984375000       4.68750000E-02   1.48707652E-03   2.46452703E-03   2.61794291E-02
   1.56250000E-02   7.81250000E-02   2.20140340E-04  -1.91100338E-03   3.58523354E-02
   4.68750000E-02   7.81250000E-02   1.59284275E-04  -1.57313119E-03   3.57969441E-02
   7.81250000E-02   7.81250000E-02  -1.30404532E-03   7.25193764E-04   3.56804132E-02
  0.109375000       7.81250000E-02  -4.79320763E-03   3.87008255E-03   3.55190858E-02
  0.140625000       7.81250000E-02  -1.07006216E-02   7.41940411E-03   3.53211239E-02
  0.171875000       7.81250000E-02  -1.93342436E-02   1.12727396E-02   3.50840501E-02
  0.203125000       7.81250000E-02  -3.09063084E-02   1.54041834E-02   3.47971171E-02
  0.234375000       7.81250000E-02  -4.54228148E-02   1.96523312E-02   3.44471559E-02
  0.265625000       7.81250000E-02  -6.25301152E-02   2.36123409E-02   3.40260491E-02
  0.296875000       7.81250000E-02  -8.14139396E-02   2.66634151E-02   3.35393623E-02
  0.328125000       7.81250000E-02 -0.100837424       2.81088520E-02   3.30142751E-02
  0.359375000       7.81250000E-02 -0.119326994       2.73598284E-02   3.25033255E-02
  0.390625000       7.81250000E-02 -0.135422274       2.40835398E-02   3.20791155E-02
  0.421875000       7.81250000E-02 -0.147879422       1.82689372E-02   3.18186618E-02
  0.453125000       7.81250000E-02 -0.155768514       1.02159046E-02   3.17804143E-02
  0.484375000       7.81250000E-02 -0.158476576       4.86902834E-04   3.19808908E-02
  0.515625000       7.81250000E-02 -0.155664682      -1.01428144E-02   3.23724300E-02
  0.546875000       7.81250000E-02 -0.147242770      -2.07344219E-02   3.28411385E-02
  0.578125000       7.81250000E-02 -0.133411333      -3.02315559E-02   3.32281515E-02
  0.609375000       7.81250000E-02 -0.114737920      -3.75093333E-02   3.33574936E-02
  0.640625000       7.81250000E-02  -9.22322497E-02  -4.15004045E-02   3.30876783E-02
  0.671875000       7.81250000E-02  -6.74000531E-02  -4.13993634E-02   3.23659778E-02
  0.703125000       7.81250000E-02  -4.22134399E-02  -3.69339064E-02   3.12618762E-02
  0.734375000       7.81250000E-02  -1.89294741E-02  -2.86231805E-02   2.99555007E-02
  0.765625000       7.81250000E-02   2.71614641E-04  -1.78748071E-02   2.86738686E-02
  0.796875000       7.81250000E-02   1.37700746E-02  -6.70256652E-03   2.76066996E-02
  0.828125000       7.81250000E-02   2.09465604E-02   2.90891901E-03   2.68468186E-02
  0.859375000       7.81250000E-02   2.22942587E-02   9.70468484E-03   2.63822675E-02
  0.890625000       7.81250000E-02   1.91570893E-02   1.33585138E-02   2.61365529E-02
  0.921875000       7.81250000E-02   1.33292545E-02   1.40751805E-02   2.60292720E-02
  0.953125000       7.81250000E-02   6.78245910E-03   1.18306186E-02   2.60115061E-02
  0.984375000       7.81250000E-02   1.79139280E-03   5.74050518E-03   2.60875486E-02
   1.56250000E-02  0.109375000      -3.48830217E-04  -1.78830733E-03   3.60584855E-02
   4.68750000E-02  0.109375000      -2.20238743E-03   2.05114426E-04   3.59630659E-02
   7.81250000E-02  0.109375000      -6.53991289E-03   4.73296735E-03   3.58275771E-02
  0.109375000      0.109375000      -1.37238670E-02   1.05208671E-02   3.56570296E-02
  0.140625000      0.109375000      -2.41525173E-02   1.70904882E-02   3.54475416E-02
  0.171875000      0.109375000      -3.81721482E-02   2.42412407E-02   3.51818688E-02
  0.203125000      0.109375000      -5.58827296E-02   3.17054018E-02   3.48307528E-02
  0.234375000      0.109375000      -7.69423097E-02   3.89152430E-02   3.43611613E-02
  0.265625000      0.109375000     -0.100466669       4.49704342E-02   3.37495655E-02
  0.296875000      0.109375000     -0.125110060       4.88234386E-02   3.29973921E-02
  0.328125000      0.109375000     -0.149309218       4.95641157E-02   3.21430303E-02
  0.359375000      0.109375000     -0.171564817       4.66440916E-02   3.12640294E-02
  0.390625000      0.109375000     -0.190628767       3.99544388E-02   3.04658785E-02
  0.421875000      0.109375000     -0.205554575       2.97780540E-02   2.98597440E-02
  0.453125000      0.109375000     -0.215652913       1.66918635E-02   2.95353681E-02
  0.484375000      0.109375000     -0.220418915       1.48262922E-03   2.95362044E-02
  0.515625000      0.109375000     -0.219475418      -1.48969684E-02   2.98386607E-02
  0.546875000      0.109375000     -0.212559700      -3.13221030E-02   3.03431898E-02
  0.578125000      0.109375000     -0.199568391      -4.64722812E-02   3.08946930E-02
  0.609375000      0.109375000     -0.180644274      -5.88733628E-02   3.13019603E-02
  0.640625000      0.109375000     -0.156308636      -6.69862926E-02   3.13850865E-02
  0.671875000      0.109375000     -0.127636060      -6.94277734E-02   3.10332291E-02
  0.703125000      0.109375000      -9.64012966E-02  -6.53367564E-02   3.02534029E-02
  0.734375000      0.109375000      -6.50817826E-02  -5.48335128E-02   2.91826352E-02
  0.765625000      0.109375000      -3.65772098E-02  -3.93792763E-02   2.80435737E-02
  0.796875000      0.109375000      -1.35802357E-02  -2.17019469E-02   2.70565897E-02
  0.828125000      0.109375000       2.20532203E-03  -5.06149605E-03   2.63524689E-02
  0.859375000      0.109375000       1.05478428E-02   7.97759928E-03   2.59471573E-02
  0.890625000      0.109375000       1.25427516E-02   1.62208341E-02   2.57680211E-02
  0.921875000      0.109375000       1.00934831E-02   1.94830429E-02   2.57186498E-02
  0.953125000      0.109375000       5.51771931E-03   1.75384190E-02   2.57343985E-02
  0.984375000      0.109375000       1.50307105E-03   9.03253257E-03   2.58115344E-02
   1.56250000E-02  0.140625000      -1.17341126E-03  -2.72241741E-04   3.63149084E-02
   4.68750000E-02  0.140625000      -5.45524620E-03   4.81058052E-03   3.61669436E-02
   7.81250000E-02  0.140625000      -1.34186167E-02   1.24131860E-02   3.60018015E-02
  0.109375000      0.140625000      -2.49968134E-02   2.15879735E-02   3.57975475E-02
  0.140625000      0.140625000      -4.05059829E-02   3.19469161E-02   3.55274938E-02
  0.171875000      0.140625000      -6.01840615E-02   4.30690385E-02   3.51495109E-02
  0.203125000      0.140625000      -8.38288516E-02   5.42206131E-02   3.46065238E-02
  0.234375000      0.140625000     -0.110632613       6.42525330E-02   3.38410363E-02
  0.265625000      0.140625000     -0.139253557       7.17695653E-02   3.28181908E-02
  0.296875000      0.140625000     -0.168082446       7.54899904E-02   3.15484181E-02
  0.328125000      0.140625000     -0.195555449       7.45656267E-02   3.00992895E-02
  0.359375000      0.140625000     -0.220364541       6.87055439E-02   2.85906382E-02
  0.390625000      0.140625000     -0.241522029       5.81148081E-02   2.71745399E-02
  0.421875000      0.140625000     -0.258327961       4.33513597E-02   2.60066018E-02
  0.453125000      0.140625000     -0.270300359       2.51920726E-02   2.52163596E-02
  0.484375000      0.140625000     -0.277096808       4.54786746E-03   2.48822290E-02
  0.515625000      0.140625000     -0.278437078      -1.75629891E-02   2.50179302E-02
  0.546875000      0.140625000     -0.274029255      -3.99783589E-02   2.55583655E-02
  0.578125000      0.140625000     -0.263538778      -6.12980872E-02   2.63668969E-02
  0.609375000      0.140625000     -0.246638462      -7.98741281E-02   2.72500366E-02
  0.640625000      0.140625000     -0.223161191      -9.38023925E-02   2.79911626E-02
  0.671875000      0.140625000     -0.193374127     -0.101076782       2.84007005E-02
  0.703125000      0.140625000     -0.158335239      -9.99680087E-02   2.83741616E-02
  0.734375000      0.140625000     -0.120211035      -8.96532014E-02   2.79356651E-02
  0.765625000      0.140625000      -8.23220164E-02  -7.09605739E-02   2.72369664E-02
  0.796875000      0.140625000      -4.86232713E-02  -4.68236506E-02   2.64959969E-02
  0.828125000      0.140625000      -2.25287918E-02  -2.18268819E-02   2.58987565E-02
  0.859375000      0.140625000      -5.59958396E-03  -5.35583124E-04   2.55284216E-02
  0.890625000      0.140625000       2.83850334E-03   1.42943058E-02   2.53628120E-02
  0.921875000      0.140625000       4.90774401E-03   2.17829198E-02   2.53217239E-02
  0.953125000      0.140625000       3.30540771E-03   2.14099642E-02   2.53365040E-02
  0.984375000      0.140625000       9.71050467E-04   1.15042944E-02   2.53903400E-02
   1.56250000E-02  0.171875000      -2.20264704E-03   3.09743057E-03   3.65595445E-02
   4.68750000E-02  0.171875000      -9.34562553E-03   1.28514068E-02   3.63516137E-02
   7.81250000E-02  0.171875000      -2.13261414E-02   2.43006237E-02   3.61422822E-02
  0.109375000      0.171875000      -3.75279859E-02   3.74655351E-02   3.58638056E-02
  0.140625000      0.171875000      -5.80863655E-02   5.21227419E-02   3.54534127E-02
  0.171875000      0.171875000      -8.29826891E-02   6.74547479E-02   3.48326787E-02
  0.203125000      0.171875000     -0.111601532       8.20874646E-02   3.39100547E-02
  0.234375000      0.171875000     -0.142695054       9.42742378E-02   3.26066017E-02
  0.265625000      0.171875000     -0.174623966      0.102291852       3.08902860E-02
  0.296875000      0.171875000     -0.205700547      0.104870476       2.88019609E-02
  0.328125000      0.171875000     -0.234463260      0.101421431       2.64608189E-02
  0.359375000      0.171875000     -0.259814501       9.20136422E-02   2.40477119E-02
  0.390625000      0.171875000     -0.281048834       7.72046000E-02   2.17736401E-02
  0.421875000      0.171875000     -0.297813833       5.78403547E-02   1.98443383E-02
  0.453125000      0.171875000     -0.310018539       3.48890088E-02   1.84288137E-02
  0.484375000      0.171875000     -0.317699909       9.33788437E-03   1.76376626E-02
  0.515625000      0.171875000     -0.320873082      -1.78309493E-02   1.75152123E-02
  0.546875000      0.171875000     -0.319390625      -4.55932170E-02   1.80433150E-02
  0.578125000      0.171875000     -0.312830567      -7.27279335E-02   1.91193707E-02
  0.609375000      0.171875000     -0.300473094      -9.76982266E-02   2.05752477E-02
  0.640625000      0.171875000     -0.281412601     -0.118514344       2.21898258E-02
  0.671875000      0.171875000     -0.254836410     -0.132728487       2.37152223E-02
  0.703125000      0.171875000     -0.220509410     -0.137684494       2.49218680E-02
  0.734375000      0.171875000     -0.179416001     -0.131158128       2.56581437E-02
  0.765625000      0.171875000     -0.134345219     -0.112420380       2.59031020E-02
  0.796875000      0.171875000      -8.99675637E-02  -8.34459141E-02   2.57763583E-02
  0.828125000      0.171875000      -5.18252775E-02  -4.94475067E-02   2.54786257E-02
  0.859375000      0.171875000      -2.41289288E-02  -1.75468475E-02   2.51906235E-02
  0.890625000      0.171875000      -7.73569942E-03   6.46783039E-03   2.50015706E-02
  0.921875000      0.171875000      -4.25239617E-04   2.02232413E-02   2.49082092E-02
  0.953125000      0.171875000       1.19591539E-03   2.29443721E-02   2.48712823E-02
  0.984375000      0.171875000       5.10795217E-04   1.29838642E-02   2.48781368E-02
   1.56250000E-02  0.203125000      -3.33966268E-03   8.63316189E-03   3.66954543E-02
   4.68750000E-02  0.203125000      -1.34915244E-02   2.45958120E-02   3.64225246E-02
   7.81250000E-02  0.203125000      -2.94577964E-02   4.04870957E-02   3.61451544E-02
  0.109375000      0.203125000      -4.99956012E-02   5.80036975E-02   3.57310586E-02
  0.140625000      0.203125000      -7.49634281E-02   7.70971626E-02   3.50683518E-02
  0.171875000      0.203125000     -0.103982642       9.63842422E-02   3.40335816E-02
  0.203125000      0.203125000     -0.136001304      0.113786593       3.25017348E-02
  0.234375000      0.203125000     -0.169408232      0.127070054       3.03871185E-02
  0.265625000      0.203125000     -0.202376321      0.134391397       2.76868194E-02
  0.296875000      0.203125000     -0.233214781      0.134688333       2.45029777E-02
  0.328125000      0.203125000     -0.260615647      0.127773345       2.10337602E-02
  0.359375000      0.203125000     -0.283779562      0.114186339       1.75381303E-02
  0.390625000      0.203125000     -0.302434564       9.49331969E-02   1.42889861E-02
  0.421875000      0.203125000     -0.316751599       7.12073892E-02   1.15307570E-02
  0.453125000      0.203125000     -0.327174813       4.41643894E-02   9.45130643E-03
  0.484375000      0.203125000     -0.334214807       1.47984372E-02   8.17059632E-03
  0.515625000      0.203125000     -0.338254035      -1.60650723E-02   7.74061494E-03
  0.546875000      0.203125000     -0.339396268      -4.76864688E-02   8.17539170E-03
  0.578125000      0.203125000     -0.337318718      -7.92610198E-02   9.41439718E-03
  0.609375000      0.203125000     -0.331167966     -0.109664030       1.13439281E-02
  0.640625000      0.203125000     -0.319560707     -0.137209132       1.37917567E-02
  0.671875000      0.203125000     -0.300730884     -0.159434855       1.65211856E-02
  0.703125000      0.203125000     -0.272948742     -0.173084766       1.92376152E-02
  0.734375000      0.203125000     -0.235293910     -0.174505830       2.16229856E-02
  0.765625000      0.203125000     -0.188722759     -0.160716400       2.34080218E-02
  0.796875000      0.203125000     -0.137049943     -0.131203830       2.44664140E-02
  0.828125000      0.203125000      -8.69947076E-02  -8.98918658E-02   2.48726141E-02
  0.859375000      0.203125000      -4.61984016E-02  -4.56007458E-02   2.48564612E-02
  0.890625000      0.203125000      -1.93011891E-02  -8.77475087E-03   2.46732067E-02
  0.921875000      0.203125000      -5.44975977E-03   1.42977247E-02   2.44881604E-02
  0.953125000      0.203125000      -4.04910912E-04   2.21976563E-02   2.43555848E-02
  0.984375000      0.203125000       2.56511237E-04   1.37489857E-02   2.42967047E-02
   1.56250000E-02  0.234375000      -4.44194023E-03   1.64080951E-02   3.65944952E-02
   4.68750000E-02  0.234375000      -1.73994694E-02   3.99154127E-02   3.62519473E-02
   7.81250000E-02  0.234375000      -3.68797816E-02   6.05981946E-02   3.58708352E-02
  0.109375000      0.234375000      -6.09774292E-02   8.25134963E-02   3.52407061E-02
  0.140625000      0.234375000      -8.91974196E-02  0.105762690       3.41918059E-02
  0.171875000      0.234375000     -0.120755538      0.128286481       3.25543955E-02
  0.203125000      0.234375000     -0.154196531      0.147338212       3.01832911E-02
  0.234375000      0.234375000     -0.187631071      0.160358489       2.70151421E-02
  0.265625000      0.234375000     -0.219137341      0.165580586       2.31144968E-02
  0.296875000      0.234375000     -0.247123286      0.162331313       1.86814144E-02
  0.328125000      0.234375000     -0.270574212      0.150993854       1.40165435E-02
  0.359375000      0.234375000     -0.289158106      0.132728398       9.45947412E-03
  0.390625000      0.234375000     -0.303171605      0.109076515       5.32609830E-03
  0.421875000      0.234375000     -0.313347757       8.15752745E-02   1.86618697E-03
  0.453125000      0.234375000     -0.320602179       5.14925122E-02  -7.51307583E-04
  0.484375000      0.234375000     -0.325803101       1.97293274E-02  -2.43110908E-03
  0.515625000      0.234375000     -0.329606265      -1.31362081E-02  -3.13504785E-03
  0.546875000      0.234375000     -0.332343191      -4.67199907E-02  -2.85604317E-03
  0.578125000      0.234375000     -0.333923250      -8.07102323E-02  -1.61807484E-03
  0.609375000      0.234375000     -0.333702385     -0.114573374       5.27713797E-04
  0.640625000      0.234375000     -0.330335289     -0.147262990       3.49524594E-03
  0.671875000      0.234375000     -0.321693480     -0.176843554       7.13696657E-03
  0.703125000      0.234375000     -0.305003047     -0.200141907       1.12081990E-02
  0.734375000      0.234375000     -0.277426511     -0.212675810       1.53412288E-02
  0.765625000      0.234375000     -0.237257853     -0.209284544       1.90658681E-02
  0.796875000      0.234375000     -0.185633183     -0.185933918       2.19194293E-02
  0.828125000      0.234375000     -0.128065616     -0.142787442       2.36363970E-02
  0.859375000      0.234375000      -7.42204189E-02  -8.73511583E-02   2.42982637E-02
  0.890625000      0.234375000      -3.39998677E-02  -3.41475271E-02   2.42792033E-02
  0.921875000      0.234375000      -1.11381169E-02   2.95146904E-03   2.40115821E-02
  0.953125000      0.234375000      -1.82049000E-03   1.91754848E-02   2.37579066E-02
  0.984375000      0.234375000       1.40388074E-04   1.41438069E-02   2.36188024E-02
   1.56250000E-02  0.265625000      -5.34673547E-03   2.61902027E-02   3.61155421E-02
   4.68750000E-02  0.265625000      -2.05473620E-02   5.82768917E-02   3.56986821E-02
   7.81250000E-02  0.265625000      -4.26799916E-02   8.38343501E-02   3.51691954E-02
  0.109375000      0.265625000      -6.91820681E-02  0.109863609       3.42344567E-02
  0.140625000      0.265625000      -9.91604030E-02  0.136600286       3.26661170E-02
  0.171875000      0.265625000     -0.131438643      0.161278501       3.02582905E-02
  0.203125000      0.265625000     -0.164240748      0.180587247       2.68727876E-02
  0.234375000      0.265625000     -0.195520878      0.191827282       2.25092396E-02
  0.265625000      0.265625000     -0.223410651      0.193516120       1.73418205E-02
  0.296875000      0.265625000     -0.246596366      0.185580224       1.16969701E-02
  0.328125000      0.265625000     -0.264543176      0.169158936       5.98080782E-03
  0.359375000      0.265625000     -0.277509689      0.146132350       5.89506293E-04
  0.390625000      0.265625000     -0.286352992      0.118549272      -4.15916881E-03
  0.421875000      0.265625000     -0.292216003       8.81619453E-02  -8.05342011E-03
  0.453125000      0.265625000     -0.296234608       5.61988056E-02  -1.09782116E-02
  0.484375000      0.265625000     -0.299354583       2.33631767E-02  -1.28871305E-02
  0.515625000      0.265625000     -0.302261531      -1.00417295E-02  -1.37721207E-02
  0.546875000      0.265625000     -0.305367708      -4.39542681E-02  -1.36510022E-02
  0.578125000      0.265625000     -0.308809280      -7.84385428E-02  -1.25345755E-02
  0.609375000      0.265625000     -0.312360346     -0.113500401      -1.04303136E-02
  0.640625000      0.265625000     -0.315211356     -0.148839042      -7.34621938E-03
  0.671875000      0.265625000     -0.315665483     -0.183443710      -3.31411511E-03
  0.703125000      0.265625000     -0.310886979     -0.215001136       1.55991921E-03
  0.734375000      0.265625000     -0.296992660     -0.239280105       7.01837335E-03
  0.765625000      0.265625000     -0.269878745     -0.249957979       1.25778653E-02
  0.796875000      0.265625000     -0.227075487     -0.239686385       1.75383892E-02
  0.828125000      0.265625000     -0.170424044     -0.203254610       2.11798884E-02
  0.859375000      0.265625000     -0.108266026     -0.142890111       2.31336355E-02
  0.890625000      0.265625000      -5.41861616E-02  -7.29134604E-02   2.36434881E-02
  0.921875000      0.265625000      -1.93142314E-02  -1.60215572E-02   2.33915895E-02
  0.953125000      0.265625000      -3.80108040E-03   1.33121889E-02   2.30143238E-02
  0.984375000      0.265625000      -2.09178615E-05   1.42613323E-02   2.27787290E-02
   1.56250000E-02  0.296875000      -5.90617070E-03   3.74368988E-02   3.51349637E-02
   4.68750000E-02  0.296875000      -2.24862564E-02   7.87972361E-02   3.46405134E-02
   7.81250000E-02  0.296875000      -4.61309142E-02  0.109077260       3.39174606E-02
  0.109375000      0.296875000      -7.36708343E-02  0.138651043       3.25990394E-02
  0.140625000      0.296875000     -0.103811599      0.167923868       3.04076411E-02
  0.171875000      0.296875000     -0.135057300      0.193475500       2.71229111E-02
  0.203125000      0.296875000     -0.165447235      0.211584389       2.26500370E-02
  0.234375000      0.296875000     -0.192952007      0.219622701       1.70931574E-02
  0.265625000      0.296875000     -0.215952128      0.216623306       1.07662324E-02
  0.296875000      0.296875000     -0.233600914      0.203324229       4.12563700E-03
  0.328125000      0.296875000     -0.245962039      0.181742221      -2.34438060E-03
  0.359375000      0.296875000     -0.253869474      0.154443711      -8.23792629E-03
  0.390625000      0.296875000     -0.258576572      0.123809293      -1.32824462E-02
  0.421875000      0.296875000     -0.261367798       9.15765911E-02  -1.73362289E-02
  0.453125000      0.296875000     -0.263294429       5.87488934E-02  -2.03517228E-02
  0.484375000      0.296875000     -0.265091121       2.57481504E-02  -2.23328322E-02
  0.515625000      0.296875000     -0.267227054      -7.36664236E-03  -2.33015716E-02
  0.546875000      0.296875000     -0.270004123      -4.07300219E-02  -2.32938081E-02
  0.578125000      0.296875000     -0.273642421      -7.45680109E-02  -2.23245826E-02
  0.609375000      0.296875000     -0.278279006     -0.109169379      -2.03881450E-02
  0.640625000      0.296875000     -0.283799529     -0.144785628      -1.74565315E-02
  0.671875000      0.296875000     -0.289469182     -0.181361526      -1.34850228E-02
  0.703125000      0.296875000     -0.293393016     -0.217927426      -8.44322331E-03
  0.734375000      0.296875000     -0.292022526     -0.251609623      -2.39426363E-03
  0.765625000      0.296875000     -0.280203342     -0.276554555       4.36828798E-03
  0.796875000      0.296875000     -0.252435625     -0.283656359       1.11775892E-02
  0.828125000      0.296875000     -0.205792874     -0.262577146       1.70124881E-02
  0.859375000      0.296875000     -0.143982321     -0.207537174       2.08849236E-02
  0.890625000      0.296875000      -7.99422711E-02 -0.126389444       2.24995501E-02
  0.921875000      0.296875000      -3.14560346E-02  -4.59081531E-02   2.25235205E-02
  0.953125000      0.296875000      -7.07353046E-03   3.29818949E-03   2.20456552E-02
  0.984375000      0.296875000      -4.10646549E-04   1.38280047E-02   2.16941573E-02
   1.56250000E-02  0.328125000      -6.01758156E-03   4.93550748E-02   3.35808396E-02
   4.68750000E-02  0.328125000      -2.29216367E-02  0.100351043       3.30097005E-02
   7.81250000E-02  0.328125000      -4.68049906E-02  0.135039389       3.20583656E-02
  0.109375000      0.328125000      -7.39911646E-02  0.167405829       3.03050764E-02
  0.140625000      0.328125000     -0.102824673      0.198138386       2.74414476E-02
  0.171875000      0.328125000     -0.131610677      0.223292992       2.32609194E-02
  0.203125000      0.328125000     -0.158376694      0.238928959       1.77474339E-02
  0.234375000      0.328125000     -0.181298226      0.242716074       1.11378795E-02
  0.265625000      0.328125000     -0.199174866      0.234422848       3.89041100E-03
  0.296875000      0.328125000     -0.211726665      0.215744495      -3.43538169E-03
  0.328125000      0.328125000     -0.219590604      0.189567804      -1.03261694E-02
  0.359375000      0.328125000     -0.224011719      0.158967674      -1.64164975E-02
  0.390625000      0.328125000     -0.226383328      0.126384437      -2.15111729E-02
  0.421875000      0.328125000     -0.227862567       9.32911336E-02  -2.55460739E-02
  0.453125000      0.328125000     -0.229200900       6.03171512E-02  -2.85304338E-02
  0.484375000      0.328125000     -0.230780706       2.75728572E-02  -3.05006616E-02
  0.515625000      0.328125000     -0.232761353      -5.05958963E-03  -3.14944237E-02
  0.546875000      0.328125000     -0.235238358      -3.77689227E-02  -3.15498784E-02
  0.578125000      0.328125000     -0.238361776      -7.07543492E-02  -3.06882374E-02
  0.609375000      0.328125000     -0.242395163     -0.104300827      -2.89110616E-02
  0.640625000      0.328125000     -0.247672617     -0.138844654      -2.61950940E-02
  0.671875000      0.328125000     -0.254363954     -0.174930707      -2.24816855E-02
  0.703125000      0.328125000     -0.261937618     -0.212850600      -1.76767297E-02
  0.734375000      0.328125000     -0.268313229     -0.251672119      -1.16890203E-02
  0.765625000      0.328125000     -0.269054353     -0.287562251      -4.55092872E-03
  0.796875000      0.328125000     -0.257460356     -0.312004447       3.35470773E-03
  0.828125000      0.328125000     -0.226659343     -0.311669320       1.10675693E-02
  0.859375000      0.328125000     -0.174239904     -0.272674173       1.71588417E-02
  0.890625000      0.328125000     -0.108040735     -0.191493243       2.05053035E-02
  0.921875000      0.328125000      -4.77042533E-02  -8.96303505E-02   2.12626085E-02
  0.953125000      0.328125000      -1.21998899E-02  -1.28705781E-02   2.07696222E-02
  0.984375000      0.328125000      -1.14276016E-03   1.22730695E-02   2.02865731E-02
   1.56250000E-02  0.359375000      -5.64023899E-03   6.10082075E-02   3.14587206E-02
   4.68750000E-02  0.359375000      -2.17516031E-02  0.121703245       3.08186337E-02
   7.81250000E-02  0.359375000      -4.46114838E-02  0.160420895       2.96240374E-02
  0.109375000      0.359375000      -7.01851398E-02  0.194777906       2.74248831E-02
  0.140625000      0.359375000      -9.65292007E-02  0.225942224       2.39052884E-02
  0.171875000      0.359375000     -0.121891871      0.249641731       1.88994743E-02
  0.203125000      0.359375000     -0.144458473      0.261922508       1.24935191E-02
  0.234375000      0.359375000     -0.162756532      0.260956883       5.06241154E-03
  0.265625000      0.359375000     -0.176082075      0.247402608      -2.81382794E-03
  0.296875000      0.359375000     -0.184684962      0.223939836      -1.05185378E-02
  0.328125000      0.359375000     -0.189610422      0.194182739      -1.75596289E-02
  0.359375000      0.359375000     -0.192263216      0.161446869      -2.36456133E-02
  0.390625000      0.359375000     -0.193923682      0.127956226      -2.86651943E-02
  0.421875000      0.359375000     -0.195447922       9.47401226E-02  -3.26171964E-02
  0.453125000      0.359375000     -0.197228730       6.20030090E-02  -3.55436318E-02
  0.484375000      0.359375000     -0.199333489       2.95857899E-02  -3.74903157E-02
  0.515625000      0.359375000     -0.201687947      -2.72449548E-03  -3.84934023E-02
  0.546875000      0.359375000     -0.204224497      -3.50786075E-02  -3.85820121E-02
  0.578125000      0.359375000     -0.206972480      -6.75622746E-02  -3.77778523E-02
  0.609375000      0.359375000     -0.210121050     -0.100300670      -3.60942222E-02
  0.640625000      0.359375000     -0.214070946     -0.133607775      -3.35304588E-02
  0.671875000      0.359375000     -0.219407335     -0.168130621      -3.00558377E-02
  0.703125000      0.359375000     -0.226625234     -0.204850242      -2.55885273E-02
  0.734375000      0.359375000     -0.235372007     -0.244541734      -1.99870169E-02
  0.765625000      0.359375000     -0.243172914     -0.286142945      -1.31014045E-02
  0.796875000      0.359375000     -0.244272709     -0.323911458      -4.96572023E-03
  0.828125000      0.359375000     -0.230084509     -0.344746828       3.83788231E-03
  0.859375000      0.359375000     -0.192907199     -0.329191059       1.18882265E-02
  0.890625000      0.359375000     -0.133162498     -0.260920197       1.73494108E-02
  0.921875000      0.359375000      -6.65135309E-02 -0.147190779       1.93925109E-02
  0.953125000      0.359375000      -1.94324628E-02  -3.78986485E-02   1.91150345E-02
  0.984375000      0.359375000      -2.16023484E-03   8.96883197E-03   1.84909664E-02
   1.56250000E-02  0.390625000      -4.79674712E-03   7.14415610E-02   2.88592577E-02
   4.68750000E-02  0.390625000      -1.90603603E-02  0.141637236       2.81660557E-02
   7.81250000E-02  0.390625000      -3.97589505E-02  0.184038743       2.67374963E-02
  0.109375000      0.390625000      -6.26924336E-02  0.219664067       2.41237096E-02
  0.140625000      0.390625000      -8.57170820E-02  0.250426441       2.00241804E-02
  0.171875000      0.390625000     -0.107154228      0.271964550       1.43321827E-02
  0.203125000      0.390625000     -0.125474632      0.280499279       7.24124815E-03
  0.234375000      0.390625000     -0.139625460      0.274845898      -7.52402178E-04
  0.265625000      0.390625000     -0.149364531      0.256597817      -8.98598135E-03
  0.296875000      0.390625000     -0.155319482      0.229323059      -1.68325864E-02
  0.328125000      0.390625000     -0.158706456      0.197132081      -2.38555484E-02
  0.359375000      0.390625000     -0.160846114      0.163308799      -2.98457704E-02
  0.390625000      0.390625000     -0.162740916      0.129666597      -3.47616747E-02
  0.421875000      0.390625000     -0.164905727       9.67339724E-02  -3.86402532E-02
  0.453125000      0.390625000     -0.167446822       6.43445775E-02  -4.15326394E-02
  0.484375000      0.390625000     -0.170250326       3.21645215E-02  -4.34769392E-02
  0.515625000      0.390625000     -0.173148334      -3.99834244E-05  -4.44969833E-02
  0.546875000      0.390625000     -0.176013574      -3.23515460E-02  -4.46092114E-02
  0.578125000      0.390625000     -0.178796515      -6.47494048E-02  -4.38309759E-02
  0.609375000      0.390625000     -0.181555450      -9.71976519E-02  -4.21829969E-02
  0.640625000      0.390625000     -0.184528574     -0.129779860      -3.96857411E-02
  0.671875000      0.390625000     -0.188239545     -0.162903592      -3.63465250E-02
  0.703125000      0.390625000     -0.193523109     -0.197568476      -3.21341902E-02
  0.734375000      0.390625000     -0.201177612     -0.235415131      -2.69433148E-02
  0.765625000      0.390625000     -0.210844308     -0.277795196      -2.05766205E-02
  0.796875000      0.390625000     -0.219131470     -0.322866142      -1.28309960E-02
  0.828125000      0.390625000     -0.218239278     -0.360867441      -3.82445846E-03
  0.859375000      0.390625000     -0.197589129     -0.370894521       5.44774532E-03
  0.890625000      0.390625000     -0.150533319     -0.326015919       1.29221715E-02
  0.921875000      0.390625000      -8.49130303E-02 -0.214364946       1.66844893E-02
  0.953125000      0.390625000      -2.81128976E-02  -7.46075809E-02   1.70067139E-02
  0.984375000      0.390625000      -3.25856614E-03   3.54913203E-03   1.62189193E-02
   1.56250000E-02  0.421875000      -3.56297311E-03   7.97987580E-02   2.59448066E-02
   4.68750000E-02  0.421875000      -1.50803383E-02  0.159055918       2.52219271E-02
   7.81250000E-02  0.421875000      -3.26722525E-02  0.204906851       2.35917941E-02
  0.109375000      0.421875000      -5.22014126E-02  0.241258442       2.06296705E-02
  0.140625000      0.421875000      -7.14072138E-02  0.271067113       1.60680413E-02
  0.171875000      0.421875000      -8.87765139E-02  0.290140212       9.86544788E-03
  0.203125000      0.421875000     -0.103131935      0.295014143       2.31105648E-03
  0.234375000      0.421875000     -0.113826320      0.285194427      -6.00899290E-03
  0.265625000      0.421875000     -0.120961219      0.263143241      -1.43903978E-02
  0.296875000      0.421875000     -0.125337750      0.233129203      -2.22296566E-02
  0.328125000      0.421875000     -0.128117114      0.199511200      -2.91572772E-02
  0.359375000      0.421875000     -0.130372047      0.165341407      -3.50354165E-02
  0.390625000      0.421875000     -0.132780254      0.131952092      -3.98685858E-02
  0.421875000      0.421875000     -0.135580629       9.94268507E-02  -4.37087752E-02
  0.453125000      0.421875000     -0.138719767       6.73434138E-02  -4.66003343E-02
  0.484375000      0.421875000     -0.142035127       3.52945700E-02  -4.85658124E-02
  0.515625000      0.421875000     -0.145373240       3.07490304E-03  -4.96137664E-02
  0.546875000      0.421875000     -0.148627982      -2.93386001E-02  -4.97495085E-02
  0.578125000      0.421875000     -0.151734233      -6.18660226E-02  -4.89848629E-02
  0.609375000      0.421875000     -0.154662371      -9.43873003E-02  -4.73428518E-02
  0.640625000      0.421875000     -0.157461584     -0.126811624      -4.48563211E-02
  0.671875000      0.421875000     -0.160385698     -0.159230739      -4.15616967E-02
  0.703125000      0.421875000     -0.164083242     -0.192254394      -3.74805033E-02
  0.734375000      0.421875000     -0.169667959     -0.227484286      -3.25799286E-02
  0.765625000      0.421875000     -0.178171575     -0.267550141      -2.67167501E-02
  0.796875000      0.421875000     -0.188777030     -0.314213246      -1.96194388E-02
  0.828125000      0.421875000     -0.196200907     -0.362983823      -1.10674389E-02
  0.859375000      0.421875000     -0.189763576     -0.395861864      -1.46633002E-03
  0.890625000      0.421875000     -0.157917172     -0.379948556       7.43564125E-03
  0.921875000      0.421875000      -9.97142717E-02 -0.284254968       1.30031742E-02
  0.953125000      0.421875000      -3.72442156E-02 -0.123988494       1.42702684E-02
  0.984375000      0.421875000      -4.72984556E-03  -4.43981029E-03   1.33077307E-02
   1.56250000E-02  0.453125000      -2.05261004E-03   8.54128748E-02   2.29202639E-02
   4.68750000E-02  0.453125000      -1.01422537E-02  0.173046112       2.21968610E-02
   7.81250000E-02  0.453125000      -2.38994174E-02  0.222264677       2.04157494E-02
  0.109375000      0.453125000      -3.95043641E-02  0.259037167       1.71943270E-02
  0.140625000      0.453125000      -5.46486303E-02  0.287645459       1.23086777E-02
  0.171875000      0.453125000      -6.80281520E-02  0.304322541       5.77743212E-03
  0.203125000      0.453125000      -7.88251385E-02  0.306000292      -2.03833450E-03
  0.234375000      0.453125000      -8.67291838E-02  0.292825520      -1.04979426E-02
  0.265625000      0.453125000      -9.20345485E-02  0.267972171      -1.88885946E-02
  0.296875000      0.453125000      -9.55243856E-02  0.236185819      -2.66459677E-02
  0.328125000      0.453125000      -9.81453955E-02  0.201872528      -3.34613696E-02
  0.359375000      0.453125000     -0.100657985      0.167763084      -3.92472111E-02
  0.390625000      0.453125000     -0.103457868      0.134751797      -4.40314710E-02
  0.421875000      0.453125000     -0.106616080      0.102597073      -4.78651412E-02
  0.453125000      0.453125000     -0.110033810       7.07396418E-02  -5.07785454E-02
  0.484375000      0.453125000     -0.113582805       3.87708321E-02  -5.27778119E-02
  0.515625000      0.453125000     -0.117171705       6.53260807E-03  -5.38582839E-02
  0.546875000      0.453125000     -0.120747469      -2.59597655E-02  -5.40174358E-02
  0.578125000      0.453125000     -0.124268293      -5.86124063E-02  -5.32631278E-02
  0.609375000      0.453125000     -0.127678782      -9.12972987E-02  -5.16180396E-02
  0.640625000      0.453125000     -0.130916730     -0.123859741      -4.91199791E-02
  0.671875000      0.453125000     -0.133993044     -0.156177595      -4.58211973E-02
  0.703125000      0.453125000     -0.137191623     -0.188406914      -4.17803898E-02
  0.734375000      0.453125000     -0.141360208     -0.221574008      -3.70341688E-02
  0.765625000      0.453125000     -0.147956535     -0.258356094      -3.15349475E-02
  0.796875000      0.453125000     -0.158003256     -0.302750796      -2.50704959E-02
  0.828125000      0.453125000     -0.169252723     -0.355768800      -1.72844082E-02
  0.859375000      0.453125000     -0.173088908     -0.405674428      -8.08583014E-03
  0.890625000      0.453125000     -0.155869126     -0.419199526       1.40928023E-03
  0.921875000      0.453125000     -0.109107651     -0.349967003       8.43311101E-03
  0.953125000      0.453125000      -4.63545918E-02 -0.183499306       1.07633360E-02
  0.984375000      0.453125000      -7.31421262E-03  -1.64840743E-02   9.71920043E-03
   1.56250000E-02  0.484375000      -3.99732700E-04   8.78646523E-02   1.99975781E-02
   4.68750000E-02  0.484375000      -4.62888926E-03  0.182912454       1.93058439E-02
   7.81250000E-02  0.484375000      -1.40360501E-02  0.235563785       1.74366534E-02
  0.109375000      0.484375000      -2.53918506E-02  0.272703290       1.40559860E-02
  0.140625000      0.484375000      -3.63996215E-02  0.300140142       8.98689684E-03
  0.171875000      0.484375000      -4.59592156E-02  0.314780116       2.29505752E-03
  0.203125000      0.484375000      -5.35790101E-02  0.313976198      -5.61511517E-03
  0.234375000      0.484375000      -5.91969118E-02  0.298390329      -1.40809016E-02
  0.265625000      0.484375000      -6.31632209E-02  0.271698177      -2.24018097E-02
  0.296875000      0.484375000      -6.61048815E-02  0.238909423      -3.00532542E-02
  0.328125000      0.484375000      -6.86738193E-02  0.204355061      -3.67706902E-02
  0.359375000      0.484375000      -7.13267699E-02  0.170460045      -4.24946770E-02
  0.390625000      0.484375000      -7.42562041E-02  0.137795866      -4.72594276E-02
  0.421875000      0.484375000      -7.74633810E-02  0.105928063      -5.11066355E-02
  0.453125000      0.484375000      -8.08773860E-02   7.42482767E-02  -5.40515557E-02
  0.484375000      0.484375000      -8.44381154E-02   4.23783362E-02  -5.60865402E-02
  0.515625000      0.484375000      -8.81213322E-02   1.02024265E-02  -5.71973175E-02
  0.546875000      0.484375000      -9.19239521E-02  -2.22468693E-02  -5.73763661E-02
  0.578125000      0.484375000      -9.58358198E-02  -5.48888780E-02  -5.66296279E-02
  0.609375000      0.484375000      -9.98129100E-02  -8.76298398E-02  -5.49792536E-02
  0.640625000      0.484375000     -0.103763118     -0.120335788      -5.24645299E-02
  0.671875000      0.484375000     -0.107572667     -0.152812421      -4.91441675E-02
  0.703125000      0.484375000     -0.111234337     -0.184908524      -4.50968854E-02
  0.734375000      0.484375000     -0.115149409     -0.216985375      -4.04083766E-02
  0.765625000      0.484375000     -0.120515265     -0.250979215      -3.51231210E-02
  0.796875000      0.484375000     -0.129131585     -0.291461349      -2.91460883E-02
  0.828125000      0.484375000     -0.141274959     -0.343662173      -2.21526269E-02
  0.859375000      0.484375000     -0.151500940     -0.403715849      -1.37709389E-02
  0.890625000      0.484375000     -0.146628946     -0.443247318      -4.45157802E-03
  0.921875000      0.484375000     -0.112958081     -0.406349868       3.41981719E-03
  0.953125000      0.484375000      -5.48717454E-02 -0.247955054       6.74682576E-03
  0.984375000      0.484375000      -1.10709835E-02  -3.48692760E-02   5.83652034E-03
   1.56250000E-02  0.515625000       1.24030141E-03   8.70241821E-02   1.73618924E-02
   4.68750000E-02  0.515625000       1.05352770E-03  0.188169658       1.67393908E-02
   7.81250000E-02  0.515625000      -3.67297628E-03  0.244442925       1.48489848E-02
  0.109375000      0.515625000      -1.06018763E-02  0.282114625       1.14121791E-02
  0.140625000      0.515625000      -1.74824893E-02  0.308626890       6.29254431E-03
  0.171875000      0.515625000      -2.33914889E-02  0.321775645      -4.13388247E-04
  0.203125000      0.515625000      -2.81045232E-02  0.319330305      -8.28657486E-03
  0.234375000      0.515625000      -3.17289010E-02  0.302296937      -1.66685209E-02
  0.265625000      0.515625000      -3.45782526E-02  0.274625629      -2.48813815E-02
  0.296875000      0.515625000      -3.70508693E-02  0.241413295      -3.24311927E-02
  0.328125000      0.515625000      -3.94856781E-02  0.206869885      -3.90774310E-02
  0.359375000      0.515625000      -4.20764238E-02  0.173201531      -4.47695404E-02
  0.390625000      0.515625000      -4.48830537E-02  0.140800774      -4.95367758E-02
  0.421875000      0.515625000      -4.78999205E-02  0.109155446      -5.34086227E-02
  0.453125000      0.515625000      -5.11179157E-02   7.76593089E-02  -5.63873351E-02
  0.484375000      0.515625000      -5.45505024E-02   4.59655151E-02  -5.84549904E-02
  0.515625000      0.515625000      -5.82295395E-02   1.39811486E-02  -5.95907494E-02
  0.546875000      0.515625000      -6.21877387E-02  -1.82620026E-02  -5.97837977E-02
  0.578125000      0.515625000      -6.64391220E-02  -5.07082865E-02  -5.90392612E-02
  0.609375000      0.515625000      -7.09602684E-02  -8.33102465E-02  -5.73793277E-02
  0.640625000      0.515625000      -7.56722391E-02 -0.115991265      -5.48441261E-02
  0.671875000      0.515625000      -8.04358423E-02 -0.148581743      -5.14949784E-02
  0.703125000      0.515625000      -8.51045698E-02 -0.180806607      -4.74197641E-02
  0.734375000      0.515625000      -8.97283405E-02 -0.212546125      -4.27325852E-02
  0.765625000      0.515625000      -9.49952155E-02 -0.244783372      -3.75464372E-02
  0.796875000      0.515625000     -0.102625608     -0.281408131      -3.18868980E-02
  0.828125000      0.515625000     -0.114383757     -0.329811543      -2.55512837E-02
  0.859375000      0.515625000     -0.128051177     -0.393670857      -1.80947036E-02
  0.890625000      0.515625000     -0.132732987     -0.453480512      -9.44988988E-03
  0.921875000      0.515625000     -0.112016082     -0.450502932      -1.32610276E-03
  0.953125000      0.515625000      -6.18525967E-02 -0.312050998       2.87171942E-03
  0.984375000      0.515625000      -1.52431037E-02  -6.11833483E-02   2.34417617E-03
   1.56250000E-02  0.546875000       2.70262291E-03   8.30817744E-02   1.51496697E-02
   4.68750000E-02  0.546875000       6.47685025E-03  0.188526303       1.46377310E-02
   7.81250000E-02  0.546875000       6.62394706E-03  0.248669222       1.28006721E-02
  0.109375000      0.546875000       4.21203300E-03  0.287235588       9.40342061E-03
  0.140625000      0.546875000       1.40242744E-03  0.313206255       4.35624737E-03
  0.171875000      0.546875000      -9.71612055E-04  0.325493038      -2.23640329E-03
  0.203125000      0.546875000      -2.90157134E-03  0.322272360      -9.96750966E-03
  0.234375000      0.546875000      -4.61582933E-03  0.304711252      -1.82033107E-02
  0.265625000      0.546875000      -6.35219971E-03  0.276814520      -2.62919776E-02
  0.296875000      0.546875000      -8.26579984E-03  0.243626639      -3.37570645E-02
  0.328125000      0.546875000      -1.04010263E-02  0.209240437      -4.03622612E-02
  0.359375000      0.546875000      -1.27297454E-02  0.175761938      -4.60502878E-02
  0.390625000      0.546875000      -1.52212512E-02  0.143547684      -5.08383028E-02
  0.421875000      0.546875000      -1.78884082E-02  0.112099655      -5.47433645E-02
  0.453125000      0.546875000      -2.07899883E-02   8.08398873E-02  -5.77575192E-02
  0.484375000      0.546875000      -2.40072086E-02   4.94383834E-02  -5.98555580E-02
  0.515625000      0.546875000      -2.76180767E-02   1.78005826E-02  -6.10119104E-02
  0.546875000      0.546875000      -3.16810608E-02  -1.40587818E-02  -6.12130538E-02
  0.578125000      0.546875000      -3.62261832E-02  -4.61140722E-02  -6.04632087E-02
  0.609375000      0.546875000      -4.12471816E-02  -7.83615857E-02  -5.87848201E-02
  0.640625000      0.546875000      -4.66891602E-02 -0.110785209      -5.62191233E-02
  0.671875000      0.546875000      -5.24350330E-02 -0.143277347      -5.28295562E-02
  0.703125000      0.546875000      -5.83147779E-02 -0.175561309      -4.87090833E-02
  0.734375000      0.546875000      -6.42043576E-02 -0.207276642      -4.39873450E-02
  0.765625000      0.546875000      -7.03529716E-02 -0.238635838      -3.88212651E-02
  0.796875000      0.546875000      -7.79788047E-02 -0.272297919      -3.33331600E-02
  0.828125000      0.546875000      -8.92944634E-02 -0.315846503      -2.74651498E-02
  0.859375000      0.546875000     -0.104606882     -0.378654718      -2.08380036E-02
  0.890625000      0.546875000     -0.116228580     -0.452191919      -1.30709130E-02
  0.921875000      0.546875000     -0.107251488     -0.481484681      -5.12887910E-03
  0.953125000      0.546875000      -6.65882975E-02 -0.371895611      -2.12967629E-04
  0.984375000      0.546875000      -1.90550219E-02  -9.54816043E-02  -1.68975181E-04
   1.56250000E-02  0.578125000       3.86885600E-03   7.65109807E-02   1.34481303E-02
   4.68750000E-02  0.578125000       1.12552363E-02  0.183938503       1.30747790E-02
   7.81250000E-02  0.578125000       1.62848756E-02  0.248084009       1.13708535E-02
  0.109375000      0.578125000       1.84451304E-02  0.288078845       8.11379962E-03
  0.140625000      0.578125000       1.96577050E-02  0.313969761       3.24909273E-03
  0.171875000      0.578125000       2.07597315E-02  0.326014608      -3.11727240E-03
  0.203125000      0.578125000       2.16248091E-02  0.322831273      -1.06138056E-02
  0.234375000      0.578125000       2.19214000E-02  0.305586815      -1.86501332E-02
  0.265625000      0.578125000       2.14716606E-02  0.278141618      -2.66034901E-02
  0.296875000      0.578125000       2.03278735E-02  0.245372027      -3.40026803E-02
  0.328125000      0.578125000       1.86994001E-02  0.211271733      -4.05976437E-02
  0.359375000      0.578125000       1.68076549E-02  0.177961737      -4.63102534E-02
  0.390625000      0.578125000       1.47660486E-02  0.145889312      -5.11394329E-02
  0.421875000      0.578125000       1.25500392E-02  0.114647388      -5.50898612E-02
  0.453125000      0.578125000       1.00437328E-02   8.37043598E-02  -5.81457913E-02
  0.484375000      0.578125000       7.10665388E-03   5.27309254E-02  -6.02767244E-02
  0.515625000      0.578125000       3.61933233E-03   2.16076784E-02  -6.14530817E-02
  0.546875000      0.578125000      -4.99988440E-04  -9.68304276E-03  -6.16584420E-02
  0.578125000      0.578125000      -5.29500376E-03  -4.11496721E-02  -6.08953200E-02
  0.609375000      0.578125000      -1.07734092E-02  -7.28267580E-02  -5.91859072E-02
  0.640625000      0.578125000      -1.69031359E-02 -0.104748458      -5.65726385E-02
  0.671875000      0.578125000      -2.36021802E-02 -0.136869043      -5.31215444E-02
  0.703125000      0.578125000      -3.07322964E-02 -0.168959290      -4.89305183E-02
  0.734375000      0.578125000      -3.81320901E-02 -0.200588584      -4.41399142E-02
  0.765625000      0.578125000      -4.57988493E-02 -0.231507719      -3.89343575E-02
  0.796875000      0.578125000      -5.44027537E-02 -0.263195574      -3.35043520E-02
  0.828125000      0.578125000      -6.58889115E-02 -0.302146494      -2.79206559E-02
  0.859375000      0.578125000      -8.20577517E-02 -0.360873103      -2.19346117E-02
  0.890625000      0.578125000      -9.85241830E-02 -0.441885173      -1.50361713E-02
  0.921875000      0.578125000      -9.96085852E-02 -0.499684185      -7.53709674E-03
  0.953125000      0.578125000      -6.89003393E-02 -0.425068080      -2.09492981E-03
  0.984375000      0.578125000      -2.21032612E-02 -0.136640295      -1.39094982E-03
   1.56250000E-02  0.609375000       4.65224264E-03   6.79904968E-02   1.22876689E-02
   4.68750000E-02  0.609375000       1.50638875E-02  0.174662769       1.20709036E-02
   7.81250000E-02  0.609375000       2.47759186E-02  0.242621377       1.05724977E-02
  0.109375000      0.609375000       3.15118879E-02  0.284650922       7.55638536E-03
  0.140625000      0.609375000       3.67218442E-02  0.310983956       2.98398081E-03
  0.171875000      0.609375000       4.12961543E-02  0.323336065      -3.04770051E-03
  0.203125000      0.609375000       4.50703502E-02  0.320884973      -1.02177588E-02
  0.234375000      0.609375000       4.76219468E-02  0.304700553      -1.79952234E-02
  0.265625000      0.609375000       4.87814546E-02  0.278333604      -2.57923491E-02
  0.296875000      0.609375000       4.87337187E-02  0.246385828      -3.31364870E-02
  0.328125000      0.609375000       4.78790402E-02  0.212753385      -3.97499390E-02
  0.359375000      0.609375000       4.66058701E-02  0.179655030      -4.55202274E-02
  0.390625000      0.609375000       4.51222435E-02  0.147729039      -5.04196025E-02
  0.421875000      0.609375000       4.34232354E-02  0.116728365      -5.44372946E-02
  0.453125000      0.609375000       4.13646027E-02   8.61921310E-02  -5.75502217E-02
  0.484375000      0.609375000       3.87616940E-02   5.57853244E-02  -5.97238541E-02
  0.515625000      0.609375000       3.54558155E-02   2.53473632E-02  -6.09252229E-02
  0.546875000      0.609375000       3.13376933E-02  -5.18530514E-03  -6.11345023E-02
  0.578125000      0.609375000       2.63454113E-02  -3.58606726E-02  -6.03513196E-02
  0.609375000      0.609375000       2.04553697E-02  -6.67480826E-02  -5.85965663E-02
  0.640625000      0.609375000       1.36769637E-02  -9.79197025E-02  -5.59133887E-02
  0.671875000      0.609375000       6.05499279E-03 -0.129377246      -5.23711294E-02
  0.703125000      0.609375000      -2.32201954E-03 -0.160944134      -4.80737947E-02
  0.734375000      0.609375000      -1.13243591E-02 -0.192201525      -4.31724042E-02
  0.765625000      0.609375000      -2.08588522E-02 -0.222693339      -3.78723443E-02
  0.796875000      0.609375000      -3.11954003E-02 -0.253069401      -3.24110016E-02
  0.828125000      0.609375000      -4.36928496E-02 -0.288289189      -2.69585568E-02
  0.859375000      0.609375000      -6.06548935E-02 -0.341600001      -2.14088857E-02
  0.890625000      0.609375000      -8.04970711E-02 -0.424850523      -1.52554987E-02
  0.921875000      0.609375000      -8.99259448E-02 -0.506206751      -8.32370855E-03
  0.953125000      0.609375000      -6.90029189E-02 -0.470178366      -2.57360237E-03
  0.984375000      0.609375000      -2.42936742E-02 -0.183037996      -1.21660042E-03
   1.56250000E-02  0.640625000       5.01252804E-03   5.83260953E-02   1.16474163E-02
   4.68750000E-02  0.640625000       1.76602155E-02  0.161269009       1.15901120E-02
   7.81250000E-02  0.640625000       3.16011682E-02  0.232364565       1.03593478E-02
  0.109375000      0.640625000       4.28205654E-02  0.276956886       7.68577214E-03
  0.140625000      0.640625000       5.20149805E-02  0.304280996       3.52128129E-03
  0.171875000      0.640625000       6.00978658E-02  0.317392230      -2.05931999E-03
  0.203125000      0.640625000       6.69623017E-02  0.316203058      -8.79937038E-03
  0.234375000      0.640625000       7.21183345E-02  0.301689148      -1.62430145E-02
  0.265625000      0.640625000       7.53385797E-02  0.276979685      -2.38467008E-02
  0.296875000      0.640625000       7.68382624E-02  0.246301234      -3.11345123E-02
  0.328125000      0.640625000       7.71229565E-02  0.213419706      -3.77906188E-02
  0.359375000      0.640625000       7.67114908E-02  0.180683002      -4.36552502E-02
  0.390625000      0.640625000       7.59207681E-02  0.148982912      -4.86633852E-02
  0.421875000      0.640625000       7.48077184E-02  0.118291996      -5.27826771E-02
  0.453125000      0.640625000       7.32420683E-02   8.82563889E-02  -5.59801236E-02
  0.484375000      0.640625000       7.10208640E-02   5.85471913E-02  -5.82166575E-02
  0.515625000      0.640625000       6.79540485E-02   2.89589167E-02  -5.94558045E-02
  0.546875000      0.640625000       6.39013499E-02  -6.26232126E-04  -5.96739128E-02
  0.578125000      0.640625000       5.87744750E-02  -3.03013455E-02  -5.88667840E-02
  0.609375000      0.640625000       5.25255390E-02  -6.01694286E-02  -5.70529252E-02
  0.640625000      0.640625000       4.51350659E-02  -9.03304666E-02  -5.42754307E-02
  0.671875000      0.640625000       3.66074443E-02 -0.120817676      -5.06070256E-02
  0.703125000      0.640625000       2.69771535E-02 -0.151496932      -4.61596102E-02
  0.734375000      0.640625000       1.63175594E-02 -0.181987137      -4.10974659E-02
  0.765625000      0.640625000       4.72176541E-03 -0.211777776      -3.56457159E-02
  0.796875000      0.640625000      -7.85708427E-03 -0.241070122      -3.00755743E-02
  0.828125000      0.640625000      -2.21716948E-02 -0.273477376      -2.46313997E-02
  0.859375000      0.640625000      -4.02995758E-02 -0.321323395      -1.93328261E-02
  0.890625000      0.640625000      -6.26348332E-02 -0.402951717      -1.37534589E-02
  0.921875000      0.640625000      -7.88872167E-02 -0.502426744      -7.40914326E-03
  0.953125000      0.640625000      -6.72923848E-02 -0.506479084      -1.55428157E-03
  0.984375000      0.640625000      -2.57043783E-02 -0.233037233       3.85086256E-04
   1.56250000E-02  0.671875000       4.96547809E-03   4.83480617E-02   1.14647457E-02
   4.68750000E-02  0.671875000       1.89096276E-02  0.144655406       1.15526393E-02
   7.81250000E-02  0.671875000       3.63207273E-02  0.217627257       1.06358789E-02
  0.109375000      0.671875000       5.17574176E-02  0.265041083       8.40652362E-03
  0.140625000      0.671875000       6.48980811E-02  0.293867290       4.77629621E-03
  0.171875000      0.671875000       7.65453577E-02  0.308084249      -2.22732458E-04
  0.203125000      0.671875000       8.67105424E-02  0.308492482      -6.41134987E-03
  0.234375000      0.671875000       9.48803276E-02  0.296086639      -1.34237204E-02
  0.265625000      0.671875000      0.100714624      0.273540884      -2.07731538E-02
  0.296875000      0.671875000      0.104346760      0.244620860      -2.79845484E-02
  0.328125000      0.671875000      0.106280267      0.212893128      -3.46983075E-02
  0.359375000      0.671875000      0.107103750      0.180807009      -4.06954065E-02
  0.390625000      0.671875000      0.107239008      0.149521858      -4.58605364E-02
  0.421875000      0.671875000      0.106840737      0.119269922      -5.01296483E-02
  0.453125000      0.671875000      0.105840452       8.98481458E-02  -5.34536839E-02
  0.484375000      0.671875000      0.104054898       6.09643944E-02  -5.57861775E-02
  0.515625000      0.671875000      0.101282656       3.23816910E-02  -5.70860878E-02
  0.546875000      0.671875000       9.73567069E-02   3.92963411E-03  -5.73254675E-02
  0.578125000      0.671875000       9.21565816E-02  -2.45308131E-02  -5.64958155E-02
  0.609375000      0.671875000       8.55996087E-02  -5.31349629E-02  -5.46123013E-02
  0.640625000      0.671875000       7.76266679E-02  -8.20025131E-02  -5.17175719E-02
  0.671875000      0.671875000       6.81927651E-02 -0.111184984      -4.78879921E-02
  0.703125000      0.671875000       5.72720617E-02 -0.140579373      -4.32445072E-02
  0.734375000      0.671875000       4.48783077E-02 -0.169852048      -3.79670188E-02
  0.765625000      0.671875000       3.10787298E-02 -0.198518306      -3.23040932E-02
  0.796875000      0.671875000       1.59241688E-02 -0.226597354      -2.65581571E-02
  0.828125000      0.671875000      -8.65340699E-04 -0.256847799      -2.10148171E-02
  0.859375000      0.671875000      -2.07313262E-02 -0.299961567      -1.58080906E-02
  0.890625000      0.671875000      -4.51420881E-02 -0.377570689      -1.06164655E-02
  0.921875000      0.671875000      -6.69770390E-02 -0.489724159      -4.79396479E-03
  0.953125000      0.671875000      -6.41740859E-02 -0.533583641       1.03108957E-03
  0.984375000      0.671875000      -2.64776871E-02 -0.285220951       3.46440566E-03
   1.56250000E-02  0.703125000       4.57858713E-03   3.88035029E-02   1.16475653E-02
   4.68750000E-02  0.703125000       1.87998451E-02  0.126033604       1.18510406E-02
   7.81250000E-02  0.703125000       3.85840349E-02  0.199053392       1.12745306E-02
  0.109375000      0.703125000       5.76941632E-02  0.249069303       9.58695635E-03
  0.140625000      0.703125000       7.46476203E-02  0.279748440       6.62922999E-03
  0.171875000      0.703125000       8.99076313E-02  0.295302033       2.35918839E-03
  0.203125000      0.703125000      0.103582487      0.297443479      -3.13800434E-03
  0.234375000      0.703125000      0.115185469      0.287373662      -9.59938392E-03
  0.265625000      0.703125000      0.124242380      0.267374396      -1.66085828E-02
  0.296875000      0.703125000      0.130707279      0.240701973      -2.37005334E-02
  0.328125000      0.703125000      0.134963781      0.210632771      -3.04718427E-02
  0.359375000      0.703125000      0.137580931      0.179636031      -3.66351157E-02
  0.390625000      0.703125000      0.139047742      0.149098366      -4.20110077E-02
  0.421875000      0.703125000      0.139626801      0.119518459      -4.64901179E-02
  0.453125000      0.703125000      0.139349818       9.08810347E-02  -4.99973968E-02
  0.484375000      0.703125000      0.138096631       6.29729182E-02  -5.24732620E-02
  0.515625000      0.703125000      0.135687023       3.55564281E-02  -5.38695082E-02
  0.546875000      0.703125000      0.131943449       8.42488930E-03  -5.41530587E-02
  0.578125000      0.703125000      0.126716122      -1.85987987E-02  -5.33110127E-02
  0.609375000      0.703125000      0.119881295      -4.56757545E-02  -5.13547994E-02
  0.640625000      0.703125000      0.111329608      -7.29378462E-02  -4.83266637E-02
  0.671875000      0.703125000      0.100957915     -0.100444838      -4.43070792E-02
  0.703125000      0.703125000       8.86754096E-02 -0.128117144      -3.94270755E-02
  0.734375000      0.703125000       7.44327605E-02 -0.155678809      -3.38836499E-02
  0.765625000      0.703125000       5.82684278E-02 -0.182728887      -2.79498342E-02
  0.796875000      0.703125000       4.03163433E-02 -0.209281981      -2.19603032E-02
  0.828125000      0.703125000       2.05907114E-02 -0.237650737      -1.62420236E-02
  0.859375000      0.703125000      -1.61696225E-03 -0.277088642      -1.09661762E-02
  0.890625000      0.703125000      -2.80009173E-02 -0.349653482      -5.96757885E-03
  0.921875000      0.703125000      -5.44383973E-02 -0.469374239      -5.20951697E-04
  0.953125000      0.703125000      -5.99271767E-02 -0.551253557       5.25907381E-03
  0.984375000      0.703125000      -2.67394930E-02 -0.338440359       8.13467521E-03
   1.56250000E-02  0.734375000       3.94669222E-03   3.02772224E-02   1.20898308E-02
   4.68750000E-02  0.734375000       1.74252205E-02  0.106857955       1.23694269E-02
   7.81250000E-02  0.734375000       3.81639265E-02  0.177704245       1.21383965E-02
  0.109375000      0.734375000       6.00223839E-02  0.229449123       1.10796876E-02
  0.140625000      0.734375000       8.04563537E-02  0.261982381       8.94053560E-03
  0.171875000      0.734375000       9.93283093E-02  0.278939784       5.56084886E-03
  0.203125000      0.734375000      0.116701484      0.282763928       9.07495618E-04
  0.234375000      0.734375000      0.132125363      0.275034785      -4.86986246E-03
  0.265625000      0.734375000      0.145003468      0.257788122      -1.14350179E-02
  0.296875000      0.734375000      0.155054212      0.233783036      -1.83433779E-02
  0.328125000      0.734375000      0.162437469      0.205922037      -2.51529962E-02
  0.359375000      0.734375000      0.167596787      0.176579386      -3.15041468E-02
  0.390625000      0.734375000      0.171014100      0.147278666      -3.71416323E-02
  0.421875000      0.734375000      0.173031121      0.118748307      -4.18962501E-02
  0.453125000      0.734375000      0.173790306       9.11737308E-02  -4.56541814E-02
  0.484375000      0.734375000      0.173267335       6.44597113E-02  -4.83340025E-02
  0.515625000      0.734375000      0.171339631       3.84090655E-02  -4.98758517E-02
  0.546875000      0.734375000      0.167846292       1.28102861E-02  -5.02397344E-02
  0.578125000      0.734375000      0.162623078      -1.25332475E-02  -4.94082570E-02
  0.609375000      0.734375000      0.155509710      -3.77932116E-02  -4.73895818E-02
  0.640625000      0.734375000      0.146344841      -6.31042495E-02  -4.42260057E-02
  0.671875000      0.734375000      0.134964854      -8.85273740E-02  -4.00026292E-02
  0.703125000      0.734375000      0.121215478     -0.114003584      -3.48609537E-02
  0.734375000      0.734375000      0.104990840     -0.139326289      -2.90148854E-02
  0.765625000      0.734375000       8.63046795E-02 -0.164232731      -2.27603577E-02
  0.796875000      0.734375000       6.53604344E-02 -0.188884467      -1.64593626E-02
  0.828125000      0.734375000       4.24636751E-02 -0.215429649      -1.04705328E-02
  0.859375000      0.734375000       1.74728632E-02 -0.252116263      -5.00571541E-03
  0.890625000      0.734375000      -1.09752845E-02 -0.319799960       4.50261141E-05
  0.921875000      0.734375000      -4.12234664E-02 -0.442549229       5.34739625E-03
  0.953125000      0.734375000      -5.45911901E-02 -0.559229791       1.12314904E-02
  0.984375000      0.734375000      -2.65335608E-02 -0.391716331       1.45982755E-02
   1.56250000E-02  0.765625000       3.14799091E-03   2.31810510E-02   1.26895141E-02
   4.68750000E-02  0.765625000       1.49198584E-02   8.87004212E-02   1.30031398E-02
   7.81250000E-02  0.765625000       3.49531993E-02  0.155086309       1.31073296E-02
  0.109375000      0.765625000       5.82005158E-02  0.206958652       1.27499048E-02
  0.140625000      0.765625000       8.14714432E-02  0.240766749       1.15732085E-02
  0.171875000      0.765625000      0.103841402      0.258914351       9.24768858E-03
  0.203125000      0.765625000      0.125069484      0.264191389       5.58788888E-03
  0.234375000      0.765625000      0.144650653      0.258607864       6.22156949E-04
  0.265625000      0.765625000      0.161874801      0.244120210      -5.39517961E-03
  0.296875000      0.765625000      0.176218092      0.223065510      -1.20462552E-02
  0.328125000      0.765625000      0.187557191      0.197926149      -1.88582726E-02
  0.359375000      0.765625000      0.196116805      0.170864969      -2.54013762E-02
  0.390625000      0.765625000      0.202278748      0.143421620      -3.13385054E-02
  0.421875000      0.765625000      0.206397712      0.116475962      -3.64288054E-02
  0.453125000      0.765625000      0.208698526       9.03914198E-02  -4.05069031E-02
  0.484375000      0.765625000      0.209257662       6.52099103E-02  -4.34592143E-02
  0.515625000      0.765625000      0.208034381       4.08127233E-02  -4.52077128E-02
  0.546875000      0.765625000      0.204914108       1.70221087E-02  -4.57026139E-02
  0.578125000      0.765625000      0.199741885      -6.34854101E-03  -4.49211113E-02
  0.609375000      0.765625000      0.192338720      -2.94609219E-02  -4.28697839E-02
  0.640625000      0.765625000      0.182506025      -5.24389967E-02  -3.95911597E-02
  0.671875000      0.765625000      0.170031846      -7.53389299E-02  -3.51753533E-02
  0.703125000      0.765625000      0.154712662      -9.81244296E-02  -2.97732037E-02
  0.734375000      0.765625000      0.136405677     -0.120675400      -2.36121193E-02
  0.765625000      0.765625000      0.115122482     -0.142916799      -1.70041677E-02
  0.796875000      0.765625000       9.11412239E-02 -0.165278614      -1.03275552E-02
  0.828125000      0.765625000       6.50038943E-02 -0.190006569      -3.95713747E-03
  0.859375000      0.765625000       3.70640531E-02 -0.224615410       1.87302358E-03
  0.890625000      0.765625000       6.50669588E-03 -0.288303494       7.25239608E-03
  0.921875000      0.765625000      -2.69113034E-02 -0.410388887       1.27657112E-02
  0.953125000      0.765625000      -4.78475541E-02 -0.557096303       1.91129912E-02
  0.984375000      0.765625000      -2.57551596E-02 -0.444008827       2.32030656E-02
   1.56250000E-02  0.796875000       2.18177657E-03   1.78493354E-02   1.33642647E-02
   4.68750000E-02  0.796875000       1.13067962E-02   7.31308460E-02   1.36735160E-02
   7.81250000E-02  0.796875000       2.88500637E-02  0.133074433       1.41019979E-02
  0.109375000      0.796875000       5.17584458E-02  0.182810336       1.45074409E-02
  0.140625000      0.796875000       7.68642500E-02  0.216534704       1.44204702E-02
  0.171875000      0.796875000      0.102438688      0.235199869       1.32919364E-02
  0.203125000      0.796875000      0.127626732      0.241489619       1.07466038E-02
  0.234375000      0.796875000      0.151650906      0.237706482       6.68668887E-03
  0.265625000      0.796875000      0.173635811      0.225816980       1.29352789E-03
  0.296875000      0.796875000      0.192833349      0.207834139      -5.03878389E-03
  0.328125000      0.796875000      0.208836094      0.185822979      -1.18126273E-02
  0.359375000      0.796875000      0.221603334      0.161648959      -1.85354725E-02
  0.390625000      0.796875000      0.231339231      0.136747211      -2.47904230E-02
  0.421875000      0.796875000      0.238330990      0.112046376      -3.02599482E-02
  0.453125000      0.796875000      0.242825836       8.80311131E-02  -3.47180068E-02
  0.484375000      0.796875000      0.244971752       6.48698658E-02  -3.80095243E-02
  0.515625000      0.796875000      0.244808823       4.25425619E-02  -4.00314182E-02
  0.546875000      0.796875000      0.242286429       2.09375303E-02  -4.07201946E-02
  0.578125000      0.796875000      0.237284556      -8.81323358E-05  -4.00464088E-02
  0.609375000      0.796875000      0.229634047      -2.06666812E-02  -3.80155928E-02
  0.640625000      0.796875000      0.219129384      -4.08955999E-02  -3.46713960E-02
  0.671875000      0.796875000      0.205541939      -6.08211309E-02  -3.01082693E-02
  0.703125000      0.796875000      0.188654572      -8.04368854E-02  -2.44827718E-02
  0.734375000      0.796875000      0.168328255      -9.97318476E-02  -1.80271678E-02
  0.765625000      0.796875000      0.144610316     -0.118862666      -1.10543435E-02
  0.796875000      0.796875000      0.117861912     -0.138608098      -3.93647933E-03
  0.828125000      0.796875000       8.87962580E-02 -0.161480948       2.96293385E-03
  0.859375000      0.796875000       5.81169352E-02 -0.194530636       9.41815600E-03
  0.890625000      0.796875000       2.54919250E-02 -0.255216449       1.55201498E-02
  0.921875000      0.796875000      -1.05231544E-02 -0.374054849       2.17990279E-02
  0.953125000      0.796875000      -3.88563387E-02 -0.544173837       2.92353146E-02
  0.984375000      0.796875000      -2.40613315E-02 -0.493830085       3.45896222E-02
   1.56250000E-02  0.828125000       8.68801319E-04   1.47963846E-02   1.40564088E-02
   4.68750000E-02  0.828125000       6.20209100E-03   6.17200918E-02   1.43321250E-02
   7.81250000E-02  0.828125000       1.94323584E-02  0.113705546       1.50999501E-02
  0.109375000      0.828125000       4.01601493E-02  0.158536881       1.63336098E-02
  0.140625000      0.828125000       6.58858344E-02  0.189970672       1.74305793E-02
  0.171875000      0.828125000       9.42030102E-02  0.207867026       1.75846834E-02
  0.203125000      0.828125000      0.123379841      0.214453846       1.62073467E-02
  0.234375000      0.828125000      0.152075022      0.212021321       1.30796116E-02
  0.265625000      0.828125000      0.179112926      0.202480152       8.32896680E-03
  0.296875000      0.828125000      0.203520328      0.187569171       2.33837310E-03
  0.328125000      0.828125000      0.224645436      0.168965071      -4.37136833E-03
  0.359375000      0.828125000      0.242195994      0.148195177      -1.12553071E-02
  0.390625000      0.828125000      0.256168723      0.126498908      -1.78263970E-02
  0.421875000      0.828125000      0.266724110      0.104753971      -2.36945897E-02
  0.453125000      0.828125000      0.274067283       8.34913552E-02  -2.85714082E-02
  0.484375000      0.828125000      0.278367728       6.29682913E-02  -3.22552398E-02
  0.515625000      0.828125000      0.279720962       4.32579219E-02  -3.46128866E-02
  0.546875000      0.828125000      0.278139949       2.43287235E-02  -3.55637185E-02
  0.578125000      0.828125000      0.273560345       6.10430818E-03  -3.50701548E-02
  0.609375000      0.828125000      0.265854836      -1.15017947E-02  -3.31353359E-02
  0.640625000      0.828125000      0.254852802      -2.85534002E-02  -2.98051871E-02
  0.671875000      0.828125000      0.240365162      -4.50888276E-02  -2.51760110E-02
  0.703125000      0.828125000      0.222226664      -6.11449853E-02  -1.94026977E-02
  0.734375000      0.828125000      0.200367570      -7.68413544E-02  -1.27069280E-02
  0.765625000      0.828125000      0.174913988      -9.25862640E-02  -5.37636317E-03
  0.796875000      0.828125000      0.146292001     -0.109520704       2.25989334E-03
  0.828125000      0.828125000      0.115256086     -0.130475610       9.89586860E-03
  0.859375000      0.828125000       8.25939626E-02 -0.162205666       1.73663888E-02
  0.890625000      0.828125000       4.81317565E-02 -0.220467508       2.48151645E-02
  0.921875000      0.828125000       9.89682227E-03 -0.334568799       3.28073651E-02
  0.953125000      0.828125000      -2.59842277E-02 -0.519461691       4.23192009E-02
  0.984375000      0.828125000      -2.07191128E-02 -0.538616419       5.00091165E-02
   1.56250000E-02  0.859375000      -1.32316363E-03   1.52479596E-02   1.47116827E-02
   4.68750000E-02  0.859375000      -1.67295872E-03   5.62786683E-02   1.49438549E-02
   7.81250000E-02  0.859375000       5.38695045E-03   9.88494530E-02   1.61320511E-02
  0.109375000      0.859375000       2.24613212E-02  0.135582954       1.82836019E-02
  0.140625000      0.859375000       4.78444099E-02  0.161807448       2.06070542E-02
  0.171875000      0.859375000       7.84910917E-02  0.177057981       2.20278632E-02
  0.203125000      0.859375000      0.111632451      0.182937130       2.17595398E-02
  0.234375000      0.859375000      0.145131141      0.181338429       1.94889568E-02
  0.265625000      0.859375000      0.177360415      0.173892647       1.53173646E-02
  0.296875000      0.859375000      0.207094014      0.162015200       9.63346008E-03
  0.328125000      0.859375000      0.233482182      0.147007763       2.98236008E-03
  0.359375000      0.859375000      0.256036222      0.130051821      -4.04993538E-03
  0.390625000      0.859375000      0.274569511      0.112141341      -1.09217418E-02
  0.421875000      0.859375000      0.289102137       9.40290987E-02  -1.71829965E-02
  0.453125000      0.859375000      0.299760044       7.62206912E-02  -2.24893503E-02
  0.484375000      0.859375000      0.306693703       5.90098612E-02  -2.65943948E-02
  0.515625000      0.859375000      0.310026854       4.25342321E-02  -2.93337442E-02
  0.546875000      0.859375000      0.309831262       2.68324073E-02  -3.06082647E-02
  0.578125000      0.859375000      0.306121588       1.18922284E-02  -3.03715393E-02
  0.609375000      0.859375000      0.298857152      -2.31841207E-03  -2.86224186E-02
  0.640625000      0.859375000      0.287957668      -1.58349816E-02  -2.54051182E-02
  0.671875000      0.859375000      0.273347676      -2.87105590E-02  -2.08153222E-02
  0.703125000      0.859375000      0.254999608      -4.10390794E-02  -1.49945104E-02
  0.734375000      0.859375000      0.232976496      -5.30690812E-02  -8.13194457E-03
  0.765625000      0.859375000      0.207488969      -6.54234588E-02  -4.54744935E-04
  0.796875000      0.859375000      0.178934187      -7.95150697E-02   7.80296139E-03
  0.828125000      0.859375000      0.147868425      -9.83905271E-02   1.64662190E-02
  0.859375000      0.859375000      0.114740923     -0.128514767       2.55336426E-02
  0.890625000      0.859375000       7.90325254E-02 -0.184004039       3.53444852E-02
  0.921875000      0.859375000       3.82462703E-02 -0.292029381       4.66753840E-02
  0.953125000      0.859375000      -6.26101252E-03 -0.481632292       5.99471405E-02
  0.984375000      0.859375000      -1.43231787E-02 -0.573665857       7.19265863E-02
   1.56250000E-02  0.890625000      -5.56373596E-03   2.21316628E-02   1.51842991E-02
   4.68750000E-02  0.890625000      -1.50853647E-02   5.92590794E-02   1.54055981E-02
   7.81250000E-02  0.890625000      -1.60740204E-02   8.97892118E-02   1.72170755E-02
  0.109375000      0.890625000      -3.07792891E-03  0.114563197       2.04254873E-02
  0.140625000      0.890625000       2.20410004E-02  0.132314444       2.39473823E-02
  0.171875000      0.890625000       5.51235825E-02  0.142810151       2.64819637E-02
  0.203125000      0.890625000       9.22832116E-02  0.146872595       2.71210410E-02
  0.234375000      0.890625000      0.130566463      0.145611137       2.55156308E-02
  0.265625000      0.890625000      0.167872488      0.140077248       2.17737500E-02
  0.296875000      0.890625000      0.202732265      0.131232917       1.63031593E-02
  0.328125000      0.890625000      0.234152228      0.119980633       9.67122242E-03
  0.359375000      0.890625000      0.261521459      0.107156962       2.49193027E-03
  0.390625000      0.890625000      0.284535348       9.34921503E-02  -4.65676934E-03
  0.421875000      0.890625000      0.303114235       7.95710161E-02  -1.12824291E-02
  0.453125000      0.890625000      0.317321360       6.58184513E-02  -1.69978961E-02
  0.484375000      0.890625000      0.327292562       5.25118113E-02  -2.15199310E-02
  0.515625000      0.890625000      0.333184868       3.98108661E-02  -2.46564019E-02
  0.546875000      0.890625000      0.335146129       2.77933702E-02  -2.62907296E-02
  0.578125000      0.890625000      0.333302110       1.64872110E-02  -2.63675600E-02
  0.609375000      0.890625000      0.327759922       5.89436991E-03  -2.48830169E-02
  0.640625000      0.890625000      0.318615139      -4.00357088E-03  -2.18734816E-02
  0.671875000      0.890625000      0.305943340      -1.32616581E-02  -1.74147207E-02
  0.703125000      0.890625000      0.289857388      -2.20571794E-02  -1.16323261E-02
  0.734375000      0.890625000      0.270538926      -3.07145026E-02  -4.66000428E-03
  0.765625000      0.890625000      0.248192549      -3.99515703E-02   3.37349297E-03
  0.796875000      0.890625000      0.222996801      -5.12464754E-02   1.23912524E-02
  0.828125000      0.890625000      0.194991231      -6.76008537E-02   2.24580131E-02
  0.859375000      0.890625000      0.163768411      -9.49702635E-02   3.39231640E-02
  0.890625000      0.890625000      0.127764389     -0.145855218       4.76197973E-02
  0.921875000      0.890625000       8.26194584E-02 -0.244268477       6.48441762E-02
  0.953125000      0.890625000       2.61683483E-02 -0.428457677       8.59484076E-02
  0.984375000      0.890625000      -2.31629098E-03 -0.590313613      0.104952283    
   1.56250000E-02  0.921875000      -1.41736381E-02   4.18654867E-02   1.48454644E-02
   4.68750000E-02  0.921875000      -3.91068980E-02   7.39719868E-02   1.52543634E-02
   7.81250000E-02  0.921875000      -4.93972823E-02   8.63456279E-02   1.81629453E-02
  0.109375000      0.921875000      -3.86536233E-02   9.42559019E-02   2.26520374E-02
  0.140625000      0.921875000      -1.17781572E-02  0.100614369       2.72815749E-02
  0.171875000      0.921875000       2.48582754E-02  0.104776755       3.06540877E-02
  0.203125000      0.921875000       6.63429201E-02  0.106246918       3.18803489E-02
  0.234375000      0.921875000      0.109287158      0.104995690       3.06601729E-02
  0.265625000      0.921875000      0.151394844      0.101267785       2.71429475E-02
  0.296875000      0.921875000      0.191111088       9.54584330E-02   2.17606202E-02
  0.328125000      0.921875000      0.227402210       8.80395770E-02   1.50946146E-02
  0.359375000      0.921875000      0.259625018       7.95045793E-02   7.77165219E-03
  0.390625000      0.921875000      0.287438452       7.03182518E-02   3.87128821E-04
  0.421875000      0.921875000      0.310729206       6.08779527E-02  -6.54296717E-03
  0.453125000      0.921875000      0.329544127       5.14931083E-02  -1.26048382E-02
  0.484375000      0.921875000      0.344030470       4.23834398E-02  -1.74897574E-02
  0.515625000      0.921875000      0.354389966       3.36909965E-02  -2.09848061E-02
  0.546875000      0.921875000      0.360846877       2.54979953E-02  -2.29587033E-02
  0.578125000      0.921875000      0.363630295       1.78451724E-02  -2.33470723E-02
  0.609375000      0.921875000      0.362967074       1.07426289E-02  -2.21396964E-02
  0.640625000      0.921875000      0.359084368       4.17513680E-03  -1.93704553E-02
  0.671875000      0.921875000      0.352227211      -1.91351259E-03  -1.50962062E-02
  0.703125000      0.921875000      0.342577696      -7.67383166E-03  -9.37554426E-03
  0.734375000      0.921875000      0.330233932      -1.34417284E-02  -2.30020122E-03
  0.765625000      0.921875000      0.315219998      -1.98727455E-02   6.13317080E-03
  0.796875000      0.921875000      0.297320068      -2.82411464E-02   1.60712954E-02
  0.828125000      0.921875000      0.275829583      -4.11249809E-02   2.79644057E-02
  0.859375000      0.921875000      0.249038994      -6.34509772E-02   4.28113714E-02
  0.890625000      0.921875000      0.213395417     -0.105748422       6.25150651E-02
  0.921875000      0.921875000      0.161314473     -0.187173456       8.97228643E-02
  0.953125000      0.921875000       8.47791955E-02 -0.352591753      0.125908360    
  0.984375000      0.921875000       1.98506471E-02 -0.572788358      0.158672124    
   1.56250000E-02  0.953125000      -3.55823897E-02   9.16177556E-02   1.09899957E-02
   4.68750000E-02  0.953125000      -7.59641454E-02   8.95260572E-02   1.31259402E-02
   7.81250000E-02  0.953125000      -7.01398104E-02   7.52471238E-02   1.79687813E-02
  0.109375000      0.953125000      -4.22443561E-02   6.67029917E-02   2.42359098E-02
  0.140625000      0.953125000      -4.17370722E-03   6.32065162E-02   2.99818106E-02
  0.171875000      0.953125000       3.93419750E-02   6.20158836E-02   3.39524448E-02
  0.203125000      0.953125000       8.55572745E-02   6.12905174E-02   3.54821980E-02
  0.234375000      0.953125000      0.132459953       6.00887388E-02   3.44190896E-02
  0.265625000      0.953125000      0.178494602       5.80183342E-02   3.09774745E-02
  0.296875000      0.953125000      0.222469062       5.50064445E-02   2.56118402E-02
  0.328125000      0.953125000      0.263503969       5.11584878E-02   1.89072825E-02
  0.359375000      0.953125000      0.300993979       4.66692150E-02   1.14895022E-02
  0.390625000      0.953125000      0.334570616       4.17627543E-02   3.95587645E-03
  0.421875000      0.953125000      0.364061683       3.66528630E-02  -3.16993287E-03
  0.453125000      0.953125000      0.389447451       3.15200686E-02  -9.46186669E-03
  0.484375000      0.953125000      0.410817802       2.65028402E-02  -1.45970201E-02
  0.515625000      0.953125000      0.428334504       2.16984265E-02  -1.83493067E-02
  0.546875000      0.953125000      0.442201674       1.71689764E-02  -2.05765627E-02
  0.578125000      0.953125000      0.452645063       1.29490551E-02  -2.12059766E-02
  0.609375000      0.953125000      0.459896863       9.05064959E-03  -2.02191472E-02
  0.640625000      0.953125000      0.464184403       5.46135847E-03  -1.76372156E-02
  0.671875000      0.953125000      0.465708137       2.13110214E-03  -1.35007240E-02
  0.703125000      0.953125000      0.464649618      -1.01495511E-03  -7.84921832E-03
  0.734375000      0.953125000      0.461093009      -4.20714216E-03  -6.54213130E-04
  0.765625000      0.953125000      0.454880595      -7.89056066E-03   8.21596012E-03
  0.796875000      0.953125000      0.445439547      -1.28949787E-02   1.91789679E-02
  0.828125000      0.953125000      0.431388050      -2.09452659E-02   3.32062878E-02
  0.859375000      0.953125000      0.409720242      -3.51919904E-02   5.22740036E-02
  0.890625000      0.953125000      0.374245286      -6.29118979E-02   8.01290423E-02
  0.921875000      0.953125000      0.312911361     -0.116620705      0.122472346    
  0.953125000      0.953125000      0.204775542     -0.238500282      0.185077131    
  0.984375000      0.953125000       6.78741932E-02 -0.485072970      0.250874877    
   1.56250000E-02  0.984375000       6.35979176E-02   6.35991171E-02  -6.37786509E-03
   4.68750000E-02  0.984375000      0.174355477       4.71614562E-02   1.37628140E-02
   7.81250000E-02  0.984375000      0.253823310       3.23102735E-02   2.09953450E-02
  0.109375000      0.984375000      0.310842812       2.47138701E-02   2.72198245E-02
  0.140625000      0.984375000      0.356752872       2.12017391E-02   3.27023491E-02
  0.171875000      0.984375000      0.397595525       1.96472611E-02   3.64888757E-02
  0.203125000      0.984375000      0.436129808       1.88937131E-02   3.79379392E-02
  0.234375000      0.984375000      0.473357320       1.83401927E-02   3.68686989E-02
  0.265625000      0.984375000      0.509384155       1.76922232E-02   3.34607549E-02
  0.296875000      0.984375000      0.543901861       1.68299656E-02   2.81362664E-02
  0.328125000      0.984375000      0.576461673       1.57330185E-02   2.14546714E-02
  0.359375000      0.984375000      0.606627464       1.44346831E-02   1.40250586E-02
  0.390625000      0.984375000      0.634053946       1.29925804E-02   6.43743016E-03
  0.421875000      0.984375000      0.658516407       1.14698550E-02  -7.83774361E-04
  0.453125000      0.984375000      0.679911017       9.92423203E-03  -7.20613869E-03
  0.484375000      0.984375000      0.698238790       8.40272661E-03  -1.24975322E-02
  0.515625000      0.984375000      0.713582635       6.94024703E-03  -1.64221656E-02
  0.546875000      0.984375000      0.726083994       5.56043861E-03  -1.88291222E-02
  0.578125000      0.984375000      0.735922158       4.27726423E-03  -1.96377635E-02
  0.609375000      0.984375000      0.743296266       3.09677282E-03  -1.88220106E-02
  0.640625000      0.984375000      0.748407722       2.01517995E-03  -1.63922664E-02
  0.671875000      0.984375000      0.751440287       1.01849262E-03  -1.23723913E-02
  0.703125000      0.984375000      0.752524614       6.76484487E-05  -6.76622707E-03
  0.734375000      0.984375000      0.751687407      -9.02201864E-04   5.07450546E-04
  0.765625000      0.984375000      0.748738706      -2.04290729E-03   9.70942434E-03
  0.796875000      0.984375000      0.743058443      -3.63261160E-03   2.14880835E-02
  0.828125000      0.984375000      0.733153820      -6.26590475E-03   3.72684039E-02
  0.859375000      0.984375000      0.715906799      -1.09738745E-02   5.99543452E-02
  0.890625000      0.984375000      0.684578061      -2.03464665E-02   9.53305215E-02
  0.921875000      0.984375000      0.625463009      -3.87593918E-02  0.154437825    
  0.953125000      0.984375000      0.501954079      -8.47399980E-02  0.259083271    
  0.984375000      0.984375000      0.208604604     -0.208601803      0.438518107    
