 VARIABLES="X","Y","U","V","P"
 ZONE F=POINT, I=          32 , J=          32
   1.56250000E-02   1.56250000E-02   4.36722505E-04  -4.38798452E-04   3.73417661E-02
   4.68750000E-02   1.56250000E-02   1.52029691E-03  -6.49646274E-04   3.73127535E-02
   7.81250000E-02   1.56250000E-02   2.60086497E-03  -4.36476053E-04   3.71747762E-02
  0.109375000       1.56250000E-02   3.10415542E-03  -7.22680052E-05   3.69486623E-02
  0.140625000       1.56250000E-02   2.86441972E-03   3.06689559E-04   3.66579257E-02
  0.171875000       1.56250000E-02   1.87529239E-03   6.77285192E-04   3.63138057E-02
  0.203125000       1.56250000E-02   1.21452962E-04   1.07160048E-03   3.59177105E-02
  0.234375000       1.56250000E-02  -2.47654272E-03   1.52168318E-03   3.54706682E-02
  0.265625000       1.56250000E-02  -6.03016000E-03   2.02750554E-03   3.49827968E-02
  0.296875000       1.56250000E-02  -1.06099844E-02   2.54821684E-03   3.44799571E-02
  0.328125000       1.56250000E-02  -1.61664318E-02   3.00446944E-03   3.40067670E-02
  0.359375000       1.56250000E-02  -2.24595182E-02   3.28517752E-03   3.36250737E-02
  0.390625000       1.56250000E-02  -2.90118679E-02   3.26397945E-03   3.34053114E-02
  0.421875000       1.56250000E-02  -3.51107903E-02   2.83187465E-03   3.34100574E-02
  0.453125000       1.56250000E-02  -3.98831293E-02   1.93735433E-03   3.36728841E-02
  0.484375000       1.56250000E-02  -4.24390957E-02   6.15292985E-04   3.41782048E-02
  0.515625000       1.56250000E-02  -4.20524552E-02  -1.00564095E-03   3.48481014E-02
  0.546875000       1.56250000E-02  -3.83442938E-02  -2.70672562E-03   3.55446711E-02
  0.578125000       1.56250000E-02  -3.14052962E-02  -4.23701806E-03   3.60812619E-02
  0.609375000       1.56250000E-02  -2.18349695E-02  -5.33854077E-03   3.62630598E-02
  0.640625000       1.56250000E-02  -1.07118236E-02  -5.79014095E-03   3.59441303E-02
  0.671875000       1.56250000E-02   5.35065541E-04  -5.46233403E-03   3.50841954E-02
  0.703125000       1.56250000E-02   1.03655728E-02  -4.37354762E-03   3.37776095E-02
  0.734375000       1.56250000E-02   1.74748078E-02  -2.74064089E-03   3.22265327E-02
  0.765625000       1.56250000E-02   2.11387873E-02  -9.27771267E-04   3.06743644E-02
  0.796875000       1.56250000E-02   2.14069597E-02   6.55672629E-04   2.93235108E-02
  0.828125000       1.56250000E-02   1.90212708E-02   1.72650325E-03   2.82810424E-02
  0.859375000       1.56250000E-02   1.50571503E-02   2.23438628E-03   2.75640525E-02
  0.890625000       1.56250000E-02   1.05236210E-02   2.29608058E-03   2.71297470E-02
  0.921875000       1.56250000E-02   6.16929540E-03   2.05526571E-03   2.69151628E-02
  0.953125000       1.56250000E-02   2.59213010E-03   1.51895056E-03   2.68658698E-02
  0.984375000       1.56250000E-02   5.35853673E-04   5.34922583E-04   2.69312132E-02
   1.56250000E-02   4.68750000E-02   6.66041742E-04  -1.54644495E-03   3.73692624E-02
   4.68750000E-02   4.68750000E-02   2.02171179E-03  -1.99244078E-03   3.73356380E-02
   7.81250000E-02   4.68750000E-02   2.79100426E-03  -9.56095639E-04   3.72055471E-02
  0.109375000       4.68750000E-02   2.05921568E-03   6.63507613E-04   3.70038673E-02
  0.140625000       4.68750000E-02  -5.67718758E-04   2.42553884E-03   3.67491655E-02
  0.171875000       4.68750000E-02  -5.27569046E-03   4.24384000E-03   3.64472829E-02
  0.203125000       4.68750000E-02  -1.22195296E-02   6.19146135E-03   3.60943601E-02
  0.234375000       4.68750000E-02  -2.15375572E-02   8.30710959E-03   3.56855243E-02
  0.265625000       4.68750000E-02  -3.32325809E-02   1.04806256E-02   3.52233909E-02
  0.296875000       4.68750000E-02  -4.70013395E-02   1.24343568E-02   3.47247794E-02
  0.328125000       4.68750000E-02  -6.21097684E-02   1.37746986E-02   3.42256613E-02
  0.359375000       4.68750000E-02  -7.73938000E-02   1.40843615E-02   3.37827727E-02
  0.390625000       4.68750000E-02  -9.14100632E-02   1.30263474E-02   3.34682129E-02
  0.421875000       4.68750000E-02 -0.102679588       1.04312897E-02   3.33540961E-02
  0.453125000       4.68750000E-02 -0.109924585       6.34861691E-03   3.34893577E-02
  0.484375000       4.68750000E-02 -0.112228908       1.05726579E-03   3.38752344E-02
  0.515625000       4.68750000E-02 -0.109117508      -4.95353062E-03   3.44477743E-02
  0.546875000       4.68750000E-02 -0.100566104      -1.10273845E-02   3.50721776E-02
  0.578125000       4.68750000E-02  -8.69941786E-02  -1.64374989E-02   3.55638564E-02
  0.609375000       4.68750000E-02  -6.92868531E-02  -2.04270482E-02   3.57258581E-02
  0.640625000       4.68750000E-02  -4.88069132E-02  -2.23167874E-02   3.54075655E-02
  0.671875000       4.68750000E-02  -2.73468941E-02  -2.16548424E-02   3.45641524E-02
  0.703125000       4.68750000E-02  -6.97685871E-03  -1.83934066E-02   3.32882404E-02
  0.734375000       4.68750000E-02   1.02274567E-02  -1.30452542E-02   3.17883268E-02
  0.765625000       4.68750000E-02   2.25815289E-02  -6.65099360E-03   3.03116776E-02
  0.796875000       4.68750000E-02   2.92174760E-02  -5.33898128E-04   2.90610492E-02
  0.828125000       4.68750000E-02   3.02998740E-02   4.21157526E-03   2.81348135E-02
  0.859375000       4.68750000E-02   2.69237962E-02   7.08232634E-03   2.75227688E-02
  0.890625000       4.68750000E-02   2.07105279E-02   8.18808749E-03   2.71620825E-02
  0.921875000       4.68750000E-02   1.33456942E-02   7.87570979E-03   2.69803181E-02
  0.953125000       4.68750000E-02   6.40957337E-03   6.20513782E-03   2.69280821E-02
  0.984375000       4.68750000E-02   1.62024482E-03   2.68877530E-03   2.69932076E-02
   1.56250000E-02   7.81250000E-02   3.97720258E-04  -2.61585740E-03   3.75130102E-02
   4.68750000E-02   7.81250000E-02   6.98354386E-04  -2.59206677E-03   3.74532714E-02
   7.81250000E-02   7.81250000E-02  -5.75334590E-04   1.33857364E-04   3.73129733E-02
  0.109375000       7.81250000E-02  -4.31123096E-03   4.02740808E-03   3.71180326E-02
  0.140625000       7.81250000E-02  -1.10037979E-02   8.36761761E-03   3.68818268E-02
  0.171875000       7.81250000E-02  -2.09855400E-02   1.29783330E-02   3.65994796E-02
  0.203125000       7.81250000E-02  -3.44576575E-02   1.78602636E-02   3.62528414E-02
  0.234375000       7.81250000E-02  -5.13578951E-02   2.28445232E-02   3.58207822E-02
  0.265625000       7.81250000E-02  -7.11649880E-02   2.74340864E-02   3.52904350E-02
  0.296875000       7.81250000E-02  -9.28000510E-02   3.08745019E-02   3.46685313E-02
  0.328125000       7.81250000E-02 -0.114732310       3.23661678E-02   3.39914747E-02
  0.359375000       7.81250000E-02 -0.135255575       3.12922820E-02   3.33290920E-02
  0.390625000       7.81250000E-02 -0.152792677       2.73648836E-02   3.27765569E-02
  0.421875000       7.81250000E-02 -0.166094437       2.06578411E-02   3.24333124E-02
  0.453125000       7.81250000E-02 -0.174294189       1.15608694E-02   3.23746502E-02
  0.484375000       7.81250000E-02 -0.176861748       7.10679975E-04   3.26243043E-02
  0.515625000       7.81250000E-02 -0.173524946      -1.10621769E-02   3.31293680E-02
  0.546875000       7.81250000E-02 -0.164228618      -2.27747094E-02   3.37577909E-02
  0.578125000       7.81250000E-02 -0.149182513      -3.33178565E-02   3.43217663E-02
  0.609375000       7.81250000E-02 -0.128952593      -4.14949730E-02   3.46086286E-02
  0.640625000       7.81250000E-02 -0.104553327      -4.61400971E-02   3.44405025E-02
  0.671875000       7.81250000E-02  -7.75264353E-02  -4.63308990E-02   3.37397605E-02
  0.703125000       7.81250000E-02  -4.99356613E-02  -4.16903757E-02   3.25731821E-02
  0.734375000       7.81250000E-02  -2.42002215E-02  -3.26994397E-02   3.11438218E-02
  0.765625000       7.81250000E-02  -2.71838647E-03  -2.08430048E-02   2.97193676E-02
  0.796875000       7.81250000E-02   1.26597667E-02  -8.36515520E-03   2.85286307E-02
  0.828125000       7.81250000E-02   2.11460739E-02   2.46584788E-03   2.76864693E-02
  0.859375000       7.81250000E-02   2.31874175E-02   1.01550743E-02   2.71830726E-02
  0.890625000       7.81250000E-02   2.02083327E-02   1.43002570E-02   2.69268099E-02
  0.921875000       7.81250000E-02   1.41704753E-02   1.51588842E-02   2.68216282E-02
  0.953125000       7.81250000E-02   7.24504562E-03   1.27761811E-02   2.68086866E-02
  0.984375000       7.81250000E-02   1.91971008E-03   6.22612704E-03   2.68914234E-02
   1.56250000E-02  0.109375000      -2.50665616E-04  -2.76868162E-03   3.77660953E-02
   4.68750000E-02  0.109375000      -2.02254951E-03  -9.80961369E-04   3.76577377E-02
   7.81250000E-02  0.109375000      -6.65693032E-03   4.41654399E-03   3.74918021E-02
  0.109375000      0.109375000      -1.47279911E-02   1.15376748E-02   3.72828096E-02
  0.140625000      0.109375000      -2.67075710E-02   1.95158422E-02   3.70297171E-02
  0.171875000      0.109375000      -4.29242104E-02   2.80152764E-02   3.67076285E-02
  0.203125000      0.109375000      -6.33613020E-02   3.67199108E-02   3.62733677E-02
  0.234375000      0.109375000      -8.74326900E-02   4.49447185E-02   3.56806777E-02
  0.265625000      0.109375000     -0.113910392       5.16080558E-02   3.48999575E-02
  0.296875000      0.109375000     -0.141109735       5.55257946E-02   3.39380652E-02
  0.328125000      0.109375000     -0.167245895       5.57757989E-02   3.28512751E-02
  0.359375000      0.109375000     -0.190760180       5.19143604E-02   3.17439847E-02
  0.390625000      0.109375000     -0.210474700       4.39900681E-02   3.07512134E-02
  0.421875000      0.109375000     -0.225575686       3.24321575E-02   3.00097093E-02
  0.453125000      0.109375000     -0.235511303       1.79192573E-02   2.96263695E-02
  0.484375000      0.109375000     -0.239885688       1.29150902E-03   2.96512414E-02
  0.515625000      0.109375000     -0.238389164      -1.64797530E-02   3.00558358E-02
  0.546875000      0.109375000     -0.230783403      -3.42638418E-02   3.07260696E-02
  0.578125000      0.109375000     -0.216946900      -5.07174544E-02   3.14806215E-02
  0.609375000      0.109375000     -0.196966499      -6.43134564E-02   3.20938751E-02
  0.640625000      0.109375000     -0.171286255      -7.34102279E-02   3.23481858E-02
  0.671875000      0.109375000     -0.140911013      -7.64729232E-02   3.21006961E-02
  0.703125000      0.109375000     -0.107593700      -7.24667758E-02   3.13430578E-02
  0.734375000      0.109375000      -7.38829523E-02  -6.13792390E-02   3.02213728E-02
  0.765625000      0.109375000      -4.28683758E-02  -4.46688980E-02   2.89899968E-02
  0.796875000      0.109375000      -1.75256804E-02  -2.52685547E-02   2.79090367E-02
  0.828125000      0.109375000       1.64691359E-04  -6.81517087E-03   2.71389298E-02
  0.859375000      0.109375000       9.81724821E-03   7.73487799E-03   2.67037470E-02
  0.890625000      0.109375000       1.25306081E-02   1.69790424E-02   2.65225470E-02
  0.921875000      0.109375000       1.03259217E-02   2.07155310E-02   2.64826976E-02
  0.953125000      0.109375000       5.70302876E-03   1.87607147E-02   2.65076999E-02
  0.984375000      0.109375000       1.56027044E-03   9.70356911E-03   2.65906416E-02
   1.56250000E-02  0.140625000      -1.22802472E-03  -1.29596505E-03   3.80950272E-02
   4.68750000E-02  0.140625000      -5.87281305E-03   3.94960819E-03   3.79226245E-02
   7.81250000E-02  0.140625000      -1.47769805E-02   1.30098555E-02   3.77171561E-02
  0.109375000      0.140625000      -2.79699415E-02   2.41940916E-02   3.74610461E-02
  0.140625000      0.140625000      -4.57613692E-02   3.66166458E-02   3.71243432E-02
  0.171875000      0.140625000      -6.82540685E-02   4.96106967E-02   3.66498083E-02
  0.203125000      0.140625000      -9.49648768E-02   6.22602329E-02   3.59601676E-02
  0.234375000      0.140625000     -0.124697365       7.31974989E-02   3.49835344E-02
  0.265625000      0.140625000     -0.155733541       8.08602199E-02   3.36854383E-02
  0.296875000      0.140625000     -0.186232060       8.39647949E-02   3.20943743E-02
  0.328125000      0.140625000     -0.214591742       8.18283260E-02   3.03094909E-02
  0.359375000      0.140625000     -0.239619538       7.44019002E-02   2.84871459E-02
  0.390625000      0.140625000     -0.260515630       6.21131510E-02   2.68121529E-02
  0.421875000      0.140625000     -0.276776552       4.56724688E-02   2.54636519E-02
  0.453125000      0.140625000     -0.288090348       2.59306673E-02   2.45838612E-02
  0.484375000      0.140625000     -0.294243038       3.80960992E-03   2.42535099E-02
  0.515625000      0.140625000     -0.295034736      -1.97008178E-02   2.44804136E-02
  0.546875000      0.140625000     -0.290202260      -4.34803218E-02   2.51887757E-02
  0.578125000      0.140625000     -0.279381812      -6.61588982E-02   2.62213573E-02
  0.609375000      0.140625000     -0.262156665      -8.60803872E-02   2.73578335E-02
  0.640625000      0.140625000     -0.238218114     -0.101266727       2.83493511E-02
  0.671875000      0.140625000     -0.207658589     -0.109557375       2.89728642E-02
  0.703125000      0.140625000     -0.171369672     -0.108995840       2.90967748E-02
  0.734375000      0.140625000     -0.131427765      -9.85106379E-02   2.87337825E-02
  0.765625000      0.140625000      -9.12207142E-02  -7.87669644E-02   2.80459337E-02
  0.796875000      0.140625000      -5.49766533E-02  -5.27647994E-02   2.72790100E-02
  0.828125000      0.140625000      -2.65239496E-02  -2.54692119E-02   2.66502425E-02
  0.859375000      0.140625000      -7.77483918E-03  -2.01970642E-03   2.62620207E-02
  0.890625000      0.140625000       1.83888641E-03   1.43996794E-02   2.60953605E-02
  0.921875000      0.140625000       4.54158941E-03   2.27900054E-02   2.60618217E-02
  0.953125000      0.140625000       3.20718670E-03   2.26366259E-02   2.60835458E-02
  0.984375000      0.140625000       9.55150987E-04   1.22165345E-02   2.61393245E-02
   1.56250000E-02  0.171875000      -2.46415031E-03   2.38997024E-03   3.84283364E-02
   4.68750000E-02  0.171875000      -1.05022928E-02   1.29326554E-02   3.81830148E-02
   7.81250000E-02  0.171875000      -2.40847580E-02   2.64982544E-02   3.79186794E-02
  0.109375000      0.171875000      -4.25289869E-02   4.23282608E-02   3.75604481E-02
  0.140625000      0.171875000      -6.58402294E-02   5.95713444E-02   3.70331518E-02
  0.171875000      0.171875000      -9.37162340E-02   7.70120770E-02   3.62362936E-02
  0.203125000      0.171875000     -0.125134870       9.29773450E-02   3.50572839E-02
  0.234375000      0.171875000     -0.158437312      0.105506629       3.34115960E-02
  0.265625000      0.171875000     -0.191714853      0.112858921       3.12846974E-02
  0.296875000      0.171875000     -0.223226279      0.113973245       2.87546553E-02
  0.328125000      0.171875000     -0.251641035      0.108594671       2.59860717E-02
  0.359375000      0.171875000     -0.276092231       9.71178263E-02   2.32008584E-02
  0.390625000      0.171875000     -0.296129584       8.03363025E-02   2.06388645E-02
  0.421875000      0.171875000     -0.311634064       5.92219606E-02   1.85199697E-02
  0.453125000      0.171875000     -0.322702765       3.47718224E-02   1.70151517E-02
  0.484375000      0.171875000     -0.329506338       7.93297961E-03   1.62285380E-02
  0.515625000      0.171875000     -0.332138836      -2.03922167E-02   1.61943585E-02
  0.546875000      0.171875000     -0.330480635      -4.92730066E-02   1.68843269E-02
  0.578125000      0.171875000     -0.324085206      -7.75771290E-02   1.81822684E-02
  0.609375000      0.171875000     -0.312150061     -0.103819460       1.99053045E-02
  0.640625000      0.171875000     -0.293619096     -0.125996321       2.18141526E-02
  0.671875000      0.171875000     -0.267456710     -0.141550943       2.36379690E-02
  0.703125000      0.171875000     -0.233148783     -0.147602290       2.51201950E-02
  0.734375000      0.171875000     -0.191401437     -0.141598091       2.60828100E-02
  0.765625000      0.171875000     -0.144835532     -0.122458160       2.64871456E-02
  0.796875000      0.171875000      -9.82047170E-02  -9.19547677E-02   2.64516845E-02
  0.828125000      0.171875000      -5.74681908E-02  -5.54750264E-02   2.61932351E-02
  0.859375000      0.171875000      -2.74489913E-02  -2.07888484E-02   2.59160064E-02
  0.890625000      0.171875000      -9.42155719E-03   5.52098732E-03   2.57281922E-02
  0.921875000      0.171875000      -1.15974608E-03   2.06974857E-02   2.56346986E-02
  0.953125000      0.171875000       9.45055333E-04   2.39520371E-02   2.55962946E-02
  0.984375000      0.171875000       4.61587275E-04   1.36309061E-02   2.55992636E-02
   1.56250000E-02  0.203125000      -3.82229942E-03   8.66990816E-03   3.86475325E-02
   4.68750000E-02  0.203125000      -1.53813530E-02   2.62354016E-02   3.83235365E-02
   7.81250000E-02  0.203125000      -3.34839821E-02   4.48649451E-02   3.79684120E-02
  0.109375000      0.203125000      -5.66397458E-02   6.55467659E-02   3.74267995E-02
  0.140625000      0.203125000      -8.44445601E-02   8.74554366E-02   3.65652069E-02
  0.171875000      0.203125000     -0.116122514      0.108670443       3.52363139E-02
  0.203125000      0.203125000     -0.150184840      0.126791105       3.33040543E-02
  0.234375000      0.203125000     -0.184698284      0.139503285       3.06985080E-02
  0.265625000      0.203125000     -0.217734724      0.145174593       2.74599418E-02
  0.296875000      0.203125000     -0.247722194      0.143158734       2.37477012E-02
  0.328125000      0.203125000     -0.273612201      0.133719862       1.98131967E-02
  0.359375000      0.203125000     -0.294914335      0.117754973       1.59515999E-02
  0.390625000      0.203125000     -0.311647683       9.64811295E-02   1.24505898E-02
  0.421875000      0.203125000     -0.324216306       7.11629167E-02   9.55140591E-03
  0.453125000      0.203125000     -0.333224416       4.29210737E-02   7.42796157E-03
  0.484375000      0.203125000     -0.339275360       1.26515031E-02   6.18261937E-03
  0.515625000      0.203125000     -0.342795163      -1.89457480E-02   5.85159473E-03
  0.546875000      0.203125000     -0.343899876      -5.12614511E-02   6.43656403E-03
  0.578125000      0.203125000     -0.342257917      -8.36159885E-02   7.86877144E-03
  0.609375000      0.203125000     -0.336980581     -0.114984915       1.00315446E-02
  0.640625000      0.203125000     -0.326598316     -0.143738016       1.27510894E-02
  0.671875000      0.203125000     -0.309174150     -0.167391986       1.57872736E-02
  0.703125000      0.203125000     -0.282696694     -0.182545155       1.88353192E-02
  0.734375000      0.203125000     -0.245863140     -0.185236886       2.15557981E-02
  0.765625000      0.203125000     -0.199225187     -0.172026008       2.36466341E-02
  0.796875000      0.203125000     -0.146340623     -0.141906679       2.49457862E-02
  0.828125000      0.203125000      -9.40512419E-02  -9.85545367E-02   2.55058855E-02
  0.859375000      0.203125000      -5.06281368E-02  -5.11578396E-02   2.55618691E-02
  0.890625000      0.203125000      -2.15554964E-02  -1.12165818E-02   2.53960434E-02
  0.921875000      0.203125000      -6.37865439E-03   1.39898453E-02   2.52049454E-02
  0.953125000      0.203125000      -6.88359025E-04   2.28580497E-02   2.50606760E-02
  0.984375000      0.203125000       2.12127721E-04   1.43023375E-02   2.49921046E-02
   1.56250000E-02  0.234375000      -5.10954158E-03   1.75950471E-02   3.85929793E-02
   4.68750000E-02  0.234375000      -1.98590104E-02   4.36038971E-02   3.81847881E-02
   7.81250000E-02  0.234375000      -4.17813361E-02   6.75055236E-02   3.76926064E-02
  0.109375000      0.234375000      -6.85553104E-02   9.28213671E-02   3.68666612E-02
  0.140625000      0.234375000      -9.93207991E-02  0.118738636       3.55105251E-02
  0.171875000      0.234375000     -0.132855743      0.142590582       3.34385484E-02
  0.203125000      0.234375000     -0.167330235      0.161402017       3.05173825E-02
  0.234375000      0.234375000     -0.200683415      0.172757655       2.67308112E-02
  0.265625000      0.234375000     -0.231069177      0.175345719       2.22140625E-02
  0.296875000      0.234375000     -0.257161707      0.169075266       1.72375049E-02
  0.328125000      0.234375000     -0.278301358      0.154844284       1.21506844E-02
  0.359375000      0.234375000     -0.294505298      0.134150669       7.31148198E-03
  0.390625000      0.234375000     -0.306346804      0.108675987       3.02715111E-03
  0.421875000      0.234375000     -0.314731240       7.99376443E-02  -4.77131282E-04
  0.453125000      0.234375000     -0.320648015       4.90878932E-02  -3.06136301E-03
  0.484375000      0.234375000     -0.324972332       1.68761350E-02  -4.65553068E-03
  0.515625000      0.234375000     -0.328338236      -1.62692629E-02  -5.24034444E-03
  0.546875000      0.234375000     -0.331059575      -5.00976145E-02  -4.82155615E-03
  0.578125000      0.234375000     -0.333048493      -8.44198540E-02  -3.42870760E-03
  0.609375000      0.234375000     -0.333683491     -0.118811965      -1.11005281E-03
  0.640625000      0.234375000     -0.331637025     -0.152329952       2.05659634E-03
  0.671875000      0.234375000     -0.324744225     -0.183109283       5.93605638E-03
  0.703125000      0.234375000     -0.310078740     -0.207965255       1.02959853E-02
  0.734375000      0.234375000     -0.284482807     -0.222243160       1.47715677E-02
  0.765625000      0.234375000     -0.245762587     -0.220377326       1.88740380E-02
  0.796875000      0.234375000     -0.194507450     -0.197696894       2.20935680E-02
  0.828125000      0.234375000     -0.135883078     -0.153681993       2.41017025E-02
  0.859375000      0.234375000      -7.97675997E-02  -9.55743119E-02   2.49367449E-02
  0.890625000      0.234375000      -3.69920880E-02  -3.86543684E-02   2.49795355E-02
  0.921875000      0.234375000      -1.23121273E-02   1.56448362E-03   2.47097984E-02
  0.953125000      0.234375000      -2.12521059E-03   1.93998814E-02   2.44379994E-02
  0.984375000      0.234375000       1.08602580E-04   1.46208778E-02   2.42844466E-02
   1.56250000E-02  0.265625000      -6.12104824E-03   2.88189203E-02   3.80902141E-02
   4.68750000E-02  0.265625000      -2.32988503E-02   6.42924458E-02   3.75923738E-02
   7.81250000E-02  0.265625000      -4.79152910E-02   9.33401585E-02   3.69087979E-02
  0.109375000      0.265625000      -7.68625140E-02  0.122694224       3.56958807E-02
  0.140625000      0.265625000     -0.108832046      0.151589990       3.37012410E-02
  0.171875000      0.265625000     -0.142243609      0.176678896       3.07224579E-02
  0.203125000      0.265625000     -0.175068676      0.194611251       2.66662259E-02
  0.234375000      0.265625000     -0.205259100      0.203095227       2.16133278E-02
  0.265625000      0.265625000     -0.231181517      0.201324552       1.58288646E-02
  0.296875000      0.265625000     -0.251901209      0.189921081       9.70829278E-03
  0.328125000      0.265625000     -0.267288983      0.170541346       3.68640572E-03
  0.359375000      0.265625000     -0.277935684      0.145321667      -1.85113656E-03
  0.390625000      0.265625000     -0.284898043      0.116327032      -6.62150234E-03
  0.421875000      0.265625000     -0.289379597       8.51707906E-02  -1.04543520E-02
  0.453125000      0.265625000     -0.292475998       5.28855696E-02  -1.32704554E-02
  0.484375000      0.265625000     -0.295047581       1.99911557E-02  -1.50487982E-02
  0.515625000      0.265625000     -0.297697425      -1.33527685E-02  -1.57964416E-02
  0.546875000      0.265625000     -0.300786674      -4.71888334E-02  -1.55424587E-02
  0.578125000      0.265625000     -0.304449469      -8.16633999E-02  -1.42996898E-02
  0.609375000      0.265625000     -0.308510780     -0.116859771      -1.20732160E-02
  0.640625000      0.265625000     -0.312251538     -0.152576685      -8.86318274E-03
  0.671875000      0.265625000     -0.314072967     -0.187924162      -4.68626432E-03
  0.703125000      0.265625000     -0.311179370     -0.220701367       3.74501920E-04
  0.734375000      0.265625000     -0.299576163     -0.246700138       6.08779583E-03
  0.765625000      0.265625000     -0.274809122     -0.259404004       1.19848084E-02
  0.796875000      0.265625000     -0.233806789     -0.250926733       1.73456464E-02
  0.828125000      0.265625000     -0.177712068     -0.215173006       2.13812776E-02
  0.859375000      0.265625000     -0.114461064     -0.153453767       2.36294102E-02
  0.890625000      0.265625000      -5.80602884E-02  -7.99565762E-02   2.42826957E-02
  0.921875000      0.265625000      -2.09454559E-02  -1.89340506E-02   2.40540486E-02
  0.953125000      0.265625000      -4.20656335E-03   1.29665900E-02   2.36575305E-02
  0.984375000      0.265625000      -5.93366494E-05   1.46680716E-02   2.34036036E-02
   1.56250000E-02  0.296875000      -6.68835267E-03   4.16218638E-02   3.69922072E-02
   4.68750000E-02  0.296875000      -2.52105873E-02   8.71753544E-02   3.64017859E-02
   7.81250000E-02  0.296875000      -5.11448830E-02  0.120993450       3.54768671E-02
  0.109375000      0.296875000      -8.06987584E-02  0.153529942       3.37960981E-02
  0.140625000      0.296875000     -0.112165824      0.184182495       3.10694724E-02
  0.171875000      0.296875000     -0.143733338      0.209061980       2.71083582E-02
  0.203125000      0.296875000     -0.173333585      0.224655554       2.18992513E-02
  0.234375000      0.296875000     -0.199090123      0.229005486       1.56550445E-02
  0.265625000      0.296875000     -0.219738960      0.221998006       8.78573768E-03
  0.296875000      0.296875000     -0.234871805      0.205116183       1.79801718E-03
  0.328125000      0.296875000     -0.244944692      0.180824980      -4.82743792E-03
  0.359375000      0.296875000     -0.251042277      0.151801288      -1.07263811E-02
  0.390625000      0.296875000     -0.254495114      0.120281436      -1.56805329E-02
  0.421875000      0.296875000     -0.256525666       8.77465308E-02  -1.95953492E-02
  0.453125000      0.296875000     -0.258054614       5.49521074E-02  -2.24553738E-02
  0.484375000      0.296875000     -0.259682059       2.21394319E-02  -2.42827330E-02
  0.515625000      0.296875000     -0.261776090      -1.07426308E-02  -2.51082070E-02
  0.546875000      0.296875000     -0.264582276      -4.38900217E-02  -2.49728821E-02
  0.578125000      0.296875000     -0.268308878      -7.75603354E-02  -2.38913540E-02
  0.609375000      0.296875000     -0.273124814     -0.112074018      -2.18575392E-02
  0.640625000      0.296875000     -0.278998107     -0.147737622      -1.88404508E-02
  0.671875000      0.296875000     -0.285332680     -0.184597343      -1.47869065E-02
  0.703125000      0.296875000     -0.290403962     -0.221841648      -9.64882877E-03
  0.734375000      0.296875000     -0.290784270     -0.256775230      -3.45937489E-03
  0.765625000      0.296875000     -0.281254351     -0.283620179       3.52536887E-03
  0.796875000      0.296875000     -0.255928099     -0.293035805       1.06623052E-02
  0.828125000      0.296875000     -0.211149320     -0.273936898       1.69027336E-02
  0.859375000      0.296875000     -0.149786115     -0.219306275       2.11600102E-02
  0.890625000      0.296875000      -8.44202042E-02 -0.135875002       2.30224505E-02
  0.921875000      0.296875000      -3.36840227E-02  -5.08719496E-02   2.31263135E-02
  0.953125000      0.296875000      -7.68447015E-03   2.16048118E-03   2.26354916E-02
  0.984375000      0.296875000      -4.84514690E-04   1.41223045E-02   2.22631395E-02
   1.56250000E-02  0.328125000      -6.71207346E-03   5.50164133E-02   3.52230296E-02
   4.68750000E-02  0.328125000      -2.53288094E-02  0.110906973       3.45432162E-02
   7.81250000E-02  0.328125000      -5.11386953E-02  0.148993284       3.33448276E-02
  0.109375000      0.328125000      -7.98163787E-02  0.183751911       3.11569199E-02
  0.140625000      0.328125000     -0.109337538      0.214943379       2.76774354E-02
  0.171875000      0.328125000     -0.137801617      0.238332838       2.27633417E-02
  0.203125000      0.328125000     -0.163265005      0.250454366       1.65116042E-02
  0.234375000      0.328125000     -0.184172273      0.249881893       9.28194355E-03
  0.265625000      0.328125000     -0.199741513      0.237355292       1.61666516E-03
  0.296875000      0.328125000     -0.210123479      0.215291888      -5.90587780E-03
  0.328125000      0.328125000     -0.216268793      0.186886638      -1.28106307E-02
  0.359375000      0.328125000     -0.219547123      0.155134529      -1.87969692E-02
  0.390625000      0.328125000     -0.221300364      0.122172326      -2.37303134E-02
  0.421875000      0.328125000     -0.222535670       8.91382545E-02  -2.75879558E-02
  0.453125000      0.328125000     -0.223843753       5.64127341E-02  -3.04008741E-02
  0.484375000      0.328125000     -0.225488633       2.39651762E-02  -3.22143435E-02
  0.515625000      0.328125000     -0.227564096      -8.38610809E-03  -3.30689102E-02
  0.546875000      0.328125000     -0.230137825      -4.08549234E-02  -3.30028087E-02
  0.578125000      0.328125000     -0.233349562      -7.36462921E-02  -3.20357010E-02
  0.609375000      0.328125000     -0.237460881     -0.107050747      -3.01692374E-02
  0.640625000      0.328125000     -0.242825508     -0.141513526      -2.73797624E-02
  0.671875000      0.328125000     -0.249686360     -0.177617133      -2.36067045E-02
  0.703125000      0.328125000     -0.257668704     -0.215759903      -1.87491924E-02
  0.734375000      0.328125000     -0.264920056     -0.255217731      -1.26984082E-02
  0.765625000      0.328125000     -0.267199844     -0.292421341      -5.45200426E-03
  0.796875000      0.328125000     -0.257776260     -0.318979740       2.65440531E-03
  0.828125000      0.328125000     -0.229326963     -0.321218610       1.06882928E-02
  0.859375000      0.328125000     -0.178561732     -0.284153283       1.71739608E-02
  0.890625000      0.328125000     -0.112398624     -0.202559799       2.08547600E-02
  0.921875000      0.328125000      -5.04184887E-02  -9.69078243E-02   2.17735134E-02
  0.953125000      0.328125000      -1.31009100E-02  -1.51256984E-02   2.12898292E-02
  0.984375000      0.328125000      -1.26633525E-03   1.23697352E-02   2.07851417E-02
   1.56250000E-02  0.359375000      -6.17232034E-03   6.78957999E-02   3.28061357E-02
   4.68750000E-02  0.359375000      -2.36266535E-02  0.134087861       3.20489295E-02
   7.81250000E-02  0.359375000      -4.79590595E-02  0.175944388       3.05715818E-02
  0.109375000      0.359375000      -7.45047629E-02  0.212017298       2.78875716E-02
  0.140625000      0.359375000     -0.101014569      0.242706925       2.37094350E-02
  0.171875000      0.359375000     -0.125639006      0.263661563       1.79640017E-02
  0.203125000      0.359375000     -0.146695301      0.271654844       1.08716143E-02
  0.234375000      0.359375000     -0.163041398      0.265949130       2.92901020E-03
  0.265625000      0.359375000     -0.174390718      0.248224199      -5.22440067E-03
  0.296875000      0.359375000     -0.181355268      0.221788555      -1.29880449E-02
  0.328125000      0.359375000     -0.185174286      0.190373421      -1.99354962E-02
  0.359375000      0.359375000     -0.187247649      0.157017589      -2.58497056E-02
  0.390625000      0.359375000     -0.188712478      0.123524003      -3.06744501E-02
  0.421875000      0.359375000     -0.190247715       9.05722156E-02  -3.44378576E-02
  0.453125000      0.359375000     -0.192115307       5.81679828E-02  -3.71928252E-02
  0.484375000      0.359375000     -0.194322243       2.60739289E-02  -3.89873832E-02
  0.515625000      0.359375000     -0.196785927      -5.94476331E-03  -3.98574546E-02
  0.546875000      0.359375000     -0.199449718      -3.80488411E-02  -3.98308560E-02
  0.578125000      0.359375000     -0.202345878      -7.03353882E-02  -3.89277562E-02
  0.609375000      0.359375000     -0.205646366     -0.102941409      -3.71604711E-02
  0.640625000      0.359375000     -0.209720403     -0.136176243      -3.45271267E-02
  0.671875000      0.359375000     -0.215134084     -0.170672327      -3.09963413E-02
  0.703125000      0.359375000     -0.222427160     -0.207422093      -2.64857374E-02
  0.734375000      0.359375000     -0.231411874     -0.247312680      -2.08495706E-02
  0.765625000      0.359375000     -0.239894986     -0.289557219      -1.39212571E-02
  0.796875000      0.359375000     -0.242377549     -0.328779578      -5.69514325E-03
  0.828125000      0.359375000     -0.230231404     -0.352010489       3.30204470E-03
  0.859375000      0.359375000     -0.195179433     -0.339177191       1.16705503E-02
  0.890625000      0.359375000     -0.136604801     -0.272274762       1.74905546E-02
  0.921875000      0.359375000      -6.93484321E-02 -0.156432480       1.97731853E-02
  0.953125000      0.359375000      -2.05939431E-02  -4.16771956E-02   1.95526574E-02
  0.984375000      0.359375000      -2.30641244E-03   8.79551191E-03   1.89060196E-02
   1.56250000E-02  0.390625000      -5.12048742E-03   7.91846365E-02   2.98667494E-02
   4.68750000E-02  0.390625000      -2.02792324E-02  0.155403718       2.90534254E-02
   7.81250000E-02  0.390625000      -4.19731364E-02  0.200647414       2.73199826E-02
  0.109375000      0.390625000      -6.54243529E-02  0.237307385       2.41969228E-02
  0.140625000      0.390625000      -8.82478207E-02  0.266751289       1.94333997E-02
  0.171875000      0.390625000     -0.108753055      0.284753799       1.30373426E-02
  0.203125000      0.390625000     -0.125601038      0.288479209       5.34547307E-03
  0.234375000      0.390625000     -0.138074130      0.277960360      -3.03729321E-03
  0.265625000      0.390625000     -0.146292388      0.255799234      -1.14182392E-02
  0.296875000      0.390625000     -0.151140973      0.226045817      -1.92161687E-02
  0.328125000      0.390625000     -0.153908163      0.192720756      -2.60752179E-02
  0.359375000      0.390625000     -0.155815780      0.158668101      -3.18583399E-02
  0.390625000      0.390625000     -0.157690257      0.125227913      -3.65668796E-02
  0.421875000      0.390625000     -0.159896970       9.26236436E-02  -4.02548537E-02
  0.453125000      0.390625000     -0.162471011       6.05699643E-02  -4.29767594E-02
  0.484375000      0.390625000     -0.165298253       2.87165195E-02  -4.47704867E-02
  0.515625000      0.390625000     -0.168245584      -3.16715008E-03  -4.56599779E-02
  0.546875000      0.390625000     -0.171221435      -3.51785794E-02  -4.56617437E-02
  0.578125000      0.390625000     -0.174192131      -6.73312843E-02  -4.47924584E-02
  0.609375000      0.390625000     -0.177203447      -9.96267796E-02  -4.30706218E-02
  0.640625000      0.390625000     -0.180450469     -0.132163286      -4.05129232E-02
  0.671875000      0.390625000     -0.184390247     -0.165325612      -3.71232741E-02
  0.703125000      0.390625000     -0.189800024     -0.200059950      -3.28692682E-02
  0.734375000      0.390625000     -0.197501332     -0.237983018      -2.76467837E-02
  0.765625000      0.390625000     -0.207322121     -0.280577511      -2.12575682E-02
  0.796875000      0.390625000     -0.216211319     -0.326382577      -1.34817716E-02
  0.828125000      0.390625000     -0.216650873     -0.366110027      -4.39059222E-03
  0.859375000      0.390625000     -0.197923690     -0.378854334       5.08075673E-03
  0.890625000      0.390625000     -0.152598172     -0.336497426       1.28631685E-02
  0.921875000      0.390625000      -8.73828977E-02 -0.224683195       1.69055387E-02
  0.953125000      0.390625000      -2.93693505E-02  -8.01975429E-02   1.73419993E-02
  0.984375000      0.390625000      -3.41590936E-03   3.07201897E-03   1.65284462E-02
   1.56250000E-02  0.421875000      -3.66088189E-03   8.79631639E-02   2.66084708E-02
   4.68750000E-02  0.421875000      -1.56023465E-02  0.173719570       2.57679429E-02
   7.81250000E-02  0.421875000      -3.37357298E-02  0.222154319       2.38250066E-02
  0.109375000      0.421875000      -5.34215160E-02  0.258936644       2.03526113E-02
  0.140625000      0.421875000      -7.22111911E-02  0.286739320       1.51505377E-02
  0.171875000      0.421875000      -8.86338726E-02  0.301703215       8.30497220E-03
  0.203125000      0.421875000     -0.101715818      0.301473975       2.46866926E-04
  0.234375000      0.421875000     -0.111103877      0.286844254      -8.34778044E-03
  0.265625000      0.421875000     -0.117173612      0.261222243      -1.67718530E-02
  0.296875000      0.421875000     -0.120874174      0.229190588      -2.44874619E-02
  0.328125000      0.421875000     -0.123346560      0.194832891      -3.12096495E-02
  0.359375000      0.421875000     -0.125523999      0.160656542      -3.68632302E-02
  0.390625000      0.421875000     -0.127926782      0.127530321      -4.14828509E-02
  0.421875000      0.421875000     -0.130698532       9.53114778E-02  -4.51284423E-02
  0.453125000      0.421875000     -0.133770764       6.35385215E-02  -4.78445068E-02
  0.484375000      0.421875000     -0.137018025       3.18311378E-02  -4.96543050E-02
  0.515625000      0.421875000     -0.140338212      -6.74900366E-06  -5.05689010E-02
  0.546875000      0.421875000     -0.143666074      -3.20286937E-02  -5.05961105E-02
  0.578125000      0.421875000     -0.146957219      -6.42134249E-02  -4.97483686E-02
  0.609375000      0.421875000     -0.150180489      -9.65045840E-02  -4.80456874E-02
  0.640625000      0.421875000     -0.153356791     -0.128856987      -4.55148406E-02
  0.671875000      0.421875000     -0.156677425     -0.161366522      -4.21849228E-02
  0.703125000      0.421875000     -0.160697117     -0.194584668      -3.80717292E-02
  0.734375000      0.421875000     -0.166444957     -0.230004400      -3.31416801E-02
  0.765625000      0.421875000     -0.174976394     -0.270199358      -2.72564404E-02
  0.796875000      0.421875000     -0.185713515     -0.317130119      -2.01469678E-02
  0.828125000      0.421875000     -0.193773657     -0.366858959      -1.15724578E-02
  0.859375000      0.421875000     -0.188706964     -0.401896358      -1.88134576E-03
  0.890625000      0.421875000     -0.158600807     -0.388885736       7.22855981E-03
  0.921875000      0.421875000     -0.101474196     -0.294637322       1.30566517E-02
  0.953125000      0.421875000      -3.84852365E-02 -0.131247818       1.44702038E-02
  0.984375000      0.421875000      -4.98682866E-03  -5.33154653E-03   1.34868752E-02
   1.56250000E-02  0.453125000      -1.93060562E-03   9.35528725E-02   2.32740138E-02
   4.68750000E-02  0.453125000      -9.98997875E-03  0.188127249       2.24400889E-02
   7.81250000E-02  0.453125000      -2.38820985E-02  0.239770263       2.03503892E-02
  0.109375000      0.453125000      -3.93771678E-02  0.276503325       1.66350771E-02
  0.140625000      0.453125000      -5.40143028E-02  0.302605987       1.11497464E-02
  0.171875000      0.453125000      -6.65542856E-02  0.314810693       4.04559541E-03
  0.203125000      0.453125000      -7.63600320E-02  0.311269760      -4.18227492E-03
  0.234375000      0.453125000      -8.33440349E-02  0.293438554      -1.28226168E-02
  0.265625000      0.453125000      -8.79765376E-02  0.265348881      -2.11799815E-02
  0.296875000      0.453125000      -9.10975337E-02  0.231903434      -2.87656747E-02
  0.328125000      0.453125000      -9.35836434E-02  0.197094828      -3.53519097E-02
  0.359375000      0.453125000      -9.60616693E-02  0.163064361      -4.09028791E-02
  0.390625000      0.453125000      -9.88158137E-02  0.130291641      -4.54664379E-02
  0.421875000      0.453125000     -0.101874813       9.83911976E-02  -4.90964502E-02
  0.453125000      0.453125000     -0.105159745       6.68245479E-02  -5.18234409E-02
  0.484375000      0.453125000     -0.108590811       3.52305286E-02  -5.36567941E-02
  0.515625000      0.453125000     -0.112124249       3.45337018E-03  -5.45973554E-02
  0.546875000      0.453125000     -0.115740508      -2.85397321E-02  -5.46473823E-02
  0.578125000      0.453125000     -0.119416222      -6.07311614E-02  -5.38163707E-02
  0.609375000      0.453125000     -0.123102009      -9.30737406E-02  -5.21238968E-02
  0.640625000      0.453125000     -0.126726851     -0.125482753      -4.96003851E-02
  0.671875000      0.453125000     -0.130267501     -0.157875568      -4.62878197E-02
  0.703125000      0.453125000     -0.133932829     -0.190386683      -4.22342494E-02
  0.734375000      0.453125000     -0.138454974     -0.223928556      -3.74699533E-02
  0.765625000      0.453125000     -0.145194530     -0.261000395      -3.19496728E-02
  0.796875000      0.453125000     -0.155236483     -0.305546343      -2.54716240E-02
  0.828125000      0.453125000     -0.166662589     -0.358953118      -1.76836643E-02
  0.859375000      0.453125000     -0.171280414     -0.410248220      -8.46460275E-03
  0.890625000      0.453125000     -0.155485928     -0.426432610       1.13420445E-03
  0.921875000      0.453125000     -0.110084720     -0.359617770       8.35135393E-03
  0.953125000      0.453125000      -4.75213155E-02 -0.191820532       1.08278804E-02
  0.984375000      0.453125000      -7.73040997E-03  -1.80492848E-02   9.78558697E-03
   1.56250000E-02  0.484375000      -7.83104333E-05   9.55608934E-02   2.01025829E-02
   4.68750000E-02  0.484375000      -3.86629091E-03  0.197965130       1.93107519E-02
   7.81250000E-02  0.484375000      -1.30567672E-02  0.253015250       1.71466619E-02
  0.109375000      0.484375000      -2.41122544E-02  0.289812624       1.32986903E-02
  0.140625000      0.484375000      -3.46082300E-02  0.314437985       7.67687988E-03
  0.171875000      0.484375000      -4.35039140E-02  0.324427068       4.78237867E-04
  0.203125000      0.484375000      -5.04412912E-02  0.318412781      -7.76907103E-03
  0.234375000      0.484375000      -5.54970726E-02  0.298353493      -1.63472425E-02
  0.265625000      0.484375000      -5.91059923E-02  0.268693686      -2.45853886E-02
  0.296875000      0.484375000      -6.18882105E-02  0.234478980      -3.20369154E-02
  0.328125000      0.484375000      -6.44129962E-02  0.199545428      -3.85116190E-02
  0.359375000      0.484375000      -6.70372173E-02  0.165729120      -4.39925343E-02
  0.390625000      0.484375000      -6.98923394E-02  0.133247137      -4.85273190E-02
  0.421875000      0.484375000      -7.29746968E-02  0.101586074      -5.21587804E-02
  0.453125000      0.484375000      -7.62460977E-02   7.01932311E-02  -5.49038872E-02
  0.484375000      0.484375000      -7.96889365E-02   3.87414210E-02  -5.67610636E-02
  0.515625000      0.484375000      -8.33136141E-02   7.10498914E-03  -5.77241220E-02
  0.546875000      0.484375000      -8.71395469E-02  -2.47456618E-02  -5.77919260E-02
  0.578125000      0.484375000      -9.11699310E-02  -5.68161830E-02  -5.69727272E-02
  0.609375000      0.484375000      -9.53690708E-02  -8.91010985E-02  -5.52857444E-02
  0.640625000      0.484375000      -9.96488407E-02 -0.121548094      -5.27624562E-02
  0.671875000      0.484375000     -0.103887990     -0.154027581      -4.94498871E-02
  0.703125000      0.484375000     -0.108042479     -0.186411828      -4.54129614E-02
  0.734375000      0.484375000     -0.112424418     -0.218996227      -4.07253578E-02
  0.765625000      0.484375000     -0.118095800     -0.253518701      -3.54275182E-02
  0.796875000      0.484375000     -0.126774266     -0.294304669      -2.94333734E-02
  0.828125000      0.484375000     -0.138895452     -0.346644759      -2.24352777E-02
  0.859375000      0.484375000     -0.149449095     -0.407382578      -1.40601201E-02
  0.890625000      0.484375000     -0.145579726     -0.448960155      -4.71031107E-03
  0.921875000      0.484375000     -0.113255776     -0.414814413       3.27894883E-03
  0.953125000      0.484375000      -5.58495447E-02 -0.256593615       6.73943758E-03
  0.984375000      0.484375000      -1.15686208E-02  -3.73486057E-02   5.86337689E-03
   1.56250000E-02  0.515625000       1.71547045E-03   9.39235240E-02   1.72914807E-02
   4.68750000E-02  0.515625000       2.33061542E-03  0.202775359       1.65867954E-02
   7.81250000E-02  0.515625000      -1.86173781E-03  0.261589646       1.44190341E-02
  0.109375000      0.515625000      -8.35775584E-03  0.298794806       1.05459644E-02
  0.140625000      0.515625000      -1.47700822E-02  0.322373331       4.91885748E-03
  0.171875000      0.515625000      -2.02161688E-02  0.330846786      -2.23978935E-03
  0.203125000      0.515625000      -2.45479681E-02  0.323278606      -1.03969891E-02
  0.234375000      0.515625000      -2.79266275E-02  0.301940024      -1.88489482E-02
  0.265625000      0.515625000      -3.06719672E-02  0.271479189      -2.69520842E-02
  0.296875000      0.515625000      -3.31363305E-02  0.236956447      -3.42881382E-02
  0.328125000      0.515625000      -3.55870351E-02  0.202057868      -4.06844243E-02
  0.359375000      0.515625000      -3.81609872E-02  0.168427050      -4.61266562E-02
  0.390625000      0.515625000      -4.08999622E-02  0.136153325      -5.06545603E-02
  0.421875000      0.515625000      -4.38142084E-02  0.104684472      -5.42988963E-02
  0.453125000      0.515625000      -4.69251648E-02   7.34832808E-02  -5.70655614E-02
  0.484375000      0.515625000      -5.02750576E-02   4.22485806E-02  -5.89449480E-02
  0.515625000      0.515625000      -5.39160818E-02   1.08666942E-02  -5.99259511E-02
  0.546875000      0.515625000      -5.78938946E-02  -2.07013749E-02  -6.00051582E-02
  0.578125000      0.515625000      -6.22316077E-02  -5.24906479E-02  -5.91903478E-02
  0.609375000      0.515625000      -6.69142455E-02  -8.45433027E-02  -5.75009771E-02
  0.640625000      0.515625000      -7.18723089E-02 -0.116866425      -5.49694709E-02
  0.671875000      0.515625000      -7.69743323E-02 -0.149366155      -5.16451858E-02
  0.703125000      0.515625000      -8.20678845E-02 -0.181822985      -4.76008803E-02
  0.734375000      0.515625000      -8.71579275E-02 -0.214110643      -4.29349765E-02
  0.765625000      0.515625000      -9.28217918E-02 -0.247066557      -3.77499610E-02
  0.796875000      0.515625000     -0.100634679     -0.284263015      -3.20739746E-02
  0.828125000      0.515625000     -0.112350449     -0.332847238      -2.57230718E-02
  0.859375000      0.515625000     -0.126066685     -0.396908253      -1.82705857E-02
  0.890625000      0.515625000     -0.131348565     -0.458020389      -9.62778460E-03
  0.921875000      0.515625000     -0.111784935     -0.457640827      -1.44120038E-03
  0.953125000      0.515625000      -6.25276640E-02 -0.320430666       2.87630223E-03
  0.984375000      0.515625000      -1.57015566E-02  -6.46190643E-02   2.41090311E-03
   1.56250000E-02  0.546875000       3.28326994E-03   8.89249891E-02   1.49812000E-02
   4.68750000E-02  0.546875000       8.15215707E-03  0.202290788       1.44066550E-02
   7.81250000E-02  0.546875000       9.12739895E-03  0.265293986       1.23184426E-02
  0.109375000      0.546875000       7.26521667E-03  0.303454369       8.51594657E-03
  0.140625000      0.546875000       4.86450456E-03  0.326536357       2.99952505E-03
  0.171875000      0.546875000       2.75659841E-03  0.334251106      -4.00749128E-03
  0.203125000      0.546875000       9.32150753E-04  0.326046705      -1.19924704E-02
  0.234375000      0.546875000      -8.14485364E-04  0.304314613      -2.02800594E-02
  0.265625000      0.546875000      -2.66262540E-03  0.273715198      -2.82512829E-02
  0.296875000      0.546875000      -4.69666999E-03  0.239234582      -3.55003476E-02
  0.328125000      0.546875000      -6.90840371E-03  0.204455882      -4.18537930E-02
  0.359375000      0.546875000      -9.25361831E-03  0.170959711      -4.72877249E-02
  0.390625000      0.546875000      -1.17161553E-02  0.138831496      -5.18294349E-02
  0.421875000      0.546875000      -1.43349953E-02  0.107546598      -5.54984361E-02
  0.453125000      0.546875000      -1.71912499E-02   7.65936524E-02  -5.82920015E-02
  0.484375000      0.546875000      -2.03795880E-02   4.56800535E-02  -6.01945035E-02
  0.515625000      0.546875000      -2.39853933E-02   1.46843325E-02  -6.11910000E-02
  0.546875000      0.546875000      -2.80728303E-02  -1.64524093E-02  -6.12758771E-02
  0.578125000      0.546875000      -3.26785520E-02  -4.77953255E-02  -6.04562387E-02
  0.609375000      0.546875000      -3.78050618E-02  -7.94287473E-02  -5.87519929E-02
  0.640625000      0.546875000      -4.34090793E-02 -0.111418001      -5.61969765E-02
  0.671875000      0.546875000      -4.93874326E-02 -0.143732935      -5.28429039E-02
  0.703125000      0.546875000      -5.55804707E-02 -0.176167965      -4.87674437E-02
  0.734375000      0.546875000      -6.18538000E-02 -0.208400339      -4.40830216E-02
  0.765625000      0.546875000      -6.83927089E-02 -0.240572006      -3.89315039E-02
  0.796875000      0.546875000      -7.62784705E-02 -0.275056928      -3.34307216E-02
  0.828125000      0.546875000      -8.76072422E-02 -0.319007099      -2.75368374E-02
  0.859375000      0.546875000     -0.102834463     -0.381803572      -2.08970699E-02
  0.890625000      0.546875000     -0.114730135     -0.455946505      -1.31332986E-02
  0.921875000      0.546875000     -0.106633499     -0.487374455      -5.15790936E-03
  0.953125000      0.546875000      -6.69161454E-02 -0.379671901      -1.37950105E-04
  0.984375000      0.546875000      -1.93998981E-02  -9.97209325E-02  -1.61627540E-05
   1.56250000E-02  0.578125000       4.50206874E-03   8.11400190E-02   1.32540846E-02
   4.68750000E-02  0.578125000       1.32053196E-02  0.196504846       1.28398333E-02
   7.81250000E-02  0.578125000       1.93446577E-02  0.263968170       1.09148361E-02
  0.109375000      0.578125000       2.21829526E-02  0.303809702       7.28422031E-03
  0.140625000      0.578125000       2.37616636E-02  0.327012271       1.98052754E-03
  0.171875000      0.578125000       2.49594897E-02  0.334698081      -4.77767549E-03
  0.203125000      0.578125000       2.56877951E-02  0.326711357      -1.25185642E-02
  0.234375000      0.578125000       2.57039033E-02  0.305397213      -2.06094440E-02
  0.265625000      0.578125000       2.49433890E-02  0.275257766      -2.84543186E-02
  0.296875000      0.578125000       2.35497747E-02  0.241134852      -3.56460474E-02
  0.328125000      0.578125000       2.17691157E-02  0.206561223      -4.19937521E-02
  0.359375000      0.578125000       1.98063254E-02  0.173173442      -4.74525616E-02
  0.390625000      0.578125000       1.77349485E-02  0.141160563      -5.20330146E-02
  0.421875000      0.578125000       1.54978260E-02  0.110080272      -5.57437837E-02
  0.453125000      0.578125000       1.29653513E-02   7.94535503E-02  -5.85753582E-02
  0.484375000      0.578125000       9.99687426E-03   4.89801243E-02  -6.05073646E-02
  0.515625000      0.578125000       6.47619646E-03   1.85125619E-02  -6.15211166E-02
  0.546875000      0.578125000       2.32174294E-03  -1.20378491E-02  -6.16082810E-02
  0.578125000      0.578125000      -2.51519214E-03  -4.27668318E-02  -6.07744306E-02
  0.609375000      0.578125000      -8.05180706E-03  -7.37938434E-02  -5.90395257E-02
  0.640625000      0.578125000      -1.42691601E-02 -0.105231076      -5.64389415E-02
  0.671875000      0.578125000      -2.11013742E-02 -0.137108490      -5.30274659E-02
  0.703125000      0.578125000      -2.84267124E-02 -0.169272840      -4.88880090E-02
  0.734375000      0.578125000      -3.60918939E-02 -0.201355428      -4.41433638E-02
  0.765625000      0.578125000      -4.40701097E-02 -0.233098119      -3.89608517E-02
  0.796875000      0.578125000      -5.29377572E-02 -0.265775830      -3.35211381E-02
  0.828125000      0.578125000      -6.44925535E-02 -0.305403411      -2.79024243E-02
  0.859375000      0.578125000      -8.05345625E-02 -0.364137262      -2.18827613E-02
  0.890625000      0.578125000      -9.70406458E-02 -0.445210695      -1.49718020E-02
  0.921875000      0.578125000      -9.87239182E-02 -0.504523814      -7.44908955E-03
  0.953125000      0.578125000      -6.88970834E-02 -0.432067633      -1.92115107E-03
  0.984375000      0.578125000      -2.23091710E-02 -0.141430661      -1.13666279E-03
   1.56250000E-02  0.609375000       5.28456410E-03   7.13537037E-02   1.21301189E-02
   4.68750000E-02  0.609375000       1.71606671E-02  0.185712814       1.18945865E-02
   7.81250000E-02  0.609375000       2.82571595E-02  0.257526696       1.02092158E-02
  0.109375000      0.609375000       3.58342677E-02  0.299840629       6.85202889E-03
  0.140625000      0.609375000       4.14096043E-02  0.323835611       1.86559034E-03
  0.171875000      0.609375000       4.59543020E-02  0.332144022      -4.54703532E-03
  0.203125000      0.609375000       4.93919253E-02  0.325113952      -1.19686574E-02
  0.234375000      0.609375000       5.14427498E-02  0.304943502      -1.98219083E-02
  0.265625000      0.609375000       5.20976298E-02  0.275832891      -2.75359154E-02
  0.296875000      0.609375000       5.16555160E-02  0.242410123      -3.46933044E-02
  0.328125000      0.609375000       5.05488366E-02  0.208186179      -4.10720818E-02
  0.359375000      0.609375000       4.91299108E-02  0.174941033      -4.65946048E-02
  0.390625000      0.609375000       4.75482829E-02  0.143054694      -5.12478836E-02
  0.421875000      0.609375000       4.57585454E-02  0.112219661      -5.50274700E-02
  0.453125000      0.609375000       4.36057709E-02   8.20041895E-02  -5.79171926E-02
  0.484375000      0.609375000       4.09135446E-02   5.20933196E-02  -5.98924458E-02
  0.515625000      0.609375000       3.75347510E-02   2.23006383E-02  -6.09308332E-02
  0.546875000      0.609375000       3.33657265E-02  -7.50156632E-03  -6.10205717E-02
  0.578125000      0.609375000       2.83416919E-02  -3.74417976E-02  -6.01645894E-02
  0.609375000      0.609375000       2.24293545E-02  -6.76697493E-02  -5.83819263E-02
  0.640625000      0.609375000       1.56240482E-02  -9.83321965E-02  -5.57091013E-02
  0.671875000      0.609375000       7.95369036E-03 -0.129504144      -5.22046871E-02
  0.703125000      0.609375000      -5.11453487E-04 -0.161085665      -4.79581952E-02
  0.734375000      0.609375000      -9.65718646E-03 -0.192730367      -4.31032293E-02
  0.765625000      0.609375000      -1.93903297E-02 -0.224010438      -3.78270708E-02
  0.796875000      0.609375000      -2.99330428E-02 -0.255451918      -3.23542841E-02
  0.828125000      0.609375000      -4.25191373E-02 -0.291585624      -2.68571116E-02
  0.859375000      0.609375000      -5.93584850E-02 -0.345073521      -2.12526526E-02
  0.890625000      0.609375000      -7.90918022E-02 -0.428035498      -1.50636379E-02
  0.921875000      0.609375000      -8.88699219E-02 -0.510238647      -8.10507499E-03
  0.953125000      0.609375000      -6.87153786E-02 -0.476335883      -2.28765979E-03
  0.984375000      0.609375000      -2.43634712E-02 -0.188104272      -8.57262756E-04
   1.56250000E-02  0.640625000       5.59507916E-03   6.04741350E-02   1.15751764E-02
   4.68750000E-02  0.640625000       1.97755173E-02  0.170536220       1.15195801E-02
   7.81250000E-02  0.640625000       3.53621766E-02  0.246021599       1.01392325E-02
  0.109375000      0.640625000       4.76350114E-02  0.291499555       7.16076232E-03
  0.140625000      0.640625000       5.72590157E-02  0.316984296       2.60632974E-03
  0.171875000      0.640625000       6.52503222E-02  0.326469660      -3.35094798E-03
  0.203125000      0.640625000       7.16325790E-02  0.320981562      -1.03616044E-02
  0.234375000      0.640625000       7.61003792E-02  0.302571982      -1.79173872E-02
  0.265625000      0.640625000       7.86258727E-02  0.275039017      -2.54787430E-02
  0.296875000      0.640625000       7.95662999E-02  0.242719829      -3.26136388E-02
  0.328125000      0.640625000       7.94702470E-02  0.209091857      -3.90577093E-02
  0.359375000      0.640625000       7.88166746E-02  0.176118657      -4.46880013E-02
  0.390625000      0.640625000       7.78531209E-02  0.144431084      -4.94584963E-02
  0.421875000      0.640625000       7.65858889E-02  0.113907143      -5.33461384E-02
  0.453125000      0.640625000       7.48693943E-02   8.41910690E-02  -5.63257672E-02
  0.484375000      0.640625000       7.25100935E-02   5.49614504E-02  -5.83677962E-02
  0.515625000      0.640625000       6.93340153E-02   2.59895530E-02  -5.94456792E-02
  0.546875000      0.640625000       6.52112067E-02  -2.89740786E-03  -5.95435277E-02
  0.578125000      0.640625000       6.00537807E-02  -3.18638310E-02  -5.86606339E-02
  0.609375000      0.640625000       5.38056083E-02  -6.10867552E-02  -5.68141043E-02
  0.640625000      0.640625000       4.64334264E-02  -9.07371938E-02  -5.40409535E-02
  0.671875000      0.640625000       3.79248783E-02 -0.120919503      -5.04035689E-02
  0.703125000      0.640625000       2.82963477E-02 -0.151575625      -4.59996946E-02
  0.734375000      0.640625000       1.76035278E-02 -0.182400644      -4.09764312E-02
  0.765625000      0.640625000       5.92712313E-03 -0.212929413      -3.55409123E-02
  0.796875000      0.640625000      -6.76673930E-03 -0.243295506      -2.99503654E-02
  0.828125000      0.640625000      -2.11510640E-02 -0.276771367      -2.44482551E-02
  0.859375000      0.640625000      -3.91763449E-02 -0.325023651      -1.90732330E-02
  0.890625000      0.640625000      -6.13261387E-02 -0.406203508      -1.34325363E-02
  0.921875000      0.640625000      -7.77297169E-02 -0.505890965      -7.05018127E-03
  0.953125000      0.640625000      -6.67759031E-02 -0.511794686      -1.14295725E-03
  0.984375000      0.640625000      -2.56535448E-02 -0.238122612       8.57038773E-04
   1.56250000E-02  0.671875000       5.46085322E-03   4.94179018E-02   1.15119610E-02
   4.68750000E-02  0.671875000       2.09237002E-02  0.151948631       1.16180601E-02
   7.81250000E-02  0.671875000       4.02063206E-02  0.229740113       1.05909985E-02
  0.109375000      0.671875000       5.69576211E-02  0.278759062       8.09958763E-03
  0.140625000      0.671875000       7.06745535E-02  0.306388944       4.10857890E-03
  0.171875000      0.671875000       8.22513402E-02  0.317505360      -1.26241590E-03
  0.203125000      0.671875000       9.18599367E-02  0.313966334      -7.74594164E-03
  0.234375000      0.671875000       9.92012620E-02  0.297791362      -1.49174239E-02
  0.265625000      0.671875000      0.104165226      0.272344232      -2.22792514E-02
  0.296875000      0.671875000      0.107058428      0.241594613      -2.93859243E-02
  0.328125000      0.671875000      0.108453050      0.208930969      -3.59226465E-02
  0.359375000      0.671875000      0.108911499      0.176485553      -4.17082198E-02
  0.390625000      0.671875000      0.108786374      0.145161971      -4.66508605E-02
  0.421875000      0.671875000      0.108172603      0.115064576      -5.06995581E-02
  0.453125000      0.671875000      0.106975600       8.59527588E-02  -5.38146645E-02
  0.484375000      0.671875000      0.105014935       5.75238205E-02  -5.59590682E-02
  0.515625000      0.671875000      0.102104098       2.95169167E-02  -5.71009666E-02
  0.546875000      0.671875000       9.80887413E-02   1.71528838E-03  -5.72198071E-02
  0.578125000      0.671875000       9.28523242E-02  -2.60813870E-02  -5.63106388E-02
  0.609375000      0.671875000       8.63070711E-02  -5.40747792E-02  -5.43877184E-02
  0.640625000      0.671875000       7.83824548E-02  -8.24514180E-02  -5.14881089E-02
  0.671875000      0.671875000       6.90185875E-02 -0.111331820      -4.76782136E-02
  0.703125000      0.671875000       5.81724867E-02 -0.140687525      -4.30650264E-02
  0.734375000      0.671875000       4.58386019E-02 -0.170260847      -3.78114060E-02
  0.765625000      0.671875000       3.20650898E-02 -0.199618280      -3.21481824E-02
  0.796875000      0.671875000       1.68936737E-02 -0.228740841      -2.63646059E-02
  0.828125000      0.671875000       7.85309821E-05 -0.260126829      -2.07442679E-02
  0.859375000      0.671875000      -1.97082460E-02 -0.303857386      -1.54366493E-02
  0.890625000      0.671875000      -4.39161435E-02 -0.381014377      -1.01569071E-02
  0.921875000      0.671875000      -6.57636970E-02 -0.492832124      -4.27945238E-03
  0.953125000      0.671875000      -6.34797961E-02 -0.538095117       1.58898381E-03
  0.984375000      0.671875000      -2.63251439E-02 -0.290102988       4.06848500E-03
   1.56250000E-02  0.703125000       4.96818079E-03   3.89881022E-02   1.18327662E-02
   4.68750000E-02  0.703125000       2.06141640E-02  0.131267920       1.20651079E-02
   7.81250000E-02  0.703125000       4.24247459E-02  0.209326297       1.14171132E-02
  0.109375000      0.703125000       6.31380454E-02  0.261708558       9.51896608E-03
  0.140625000      0.703125000       8.09030309E-02  0.291960478       6.24141144E-03
  0.171875000      0.703125000       9.62156802E-02  0.305050552       1.61309855E-03
  0.203125000      0.703125000      0.109352820      0.303684592      -4.20024712E-03
  0.234375000      0.703125000      0.120058328      0.290037751      -1.08720139E-02
  0.265625000      0.703125000      0.128108069      0.267096817      -1.79594159E-02
  0.296875000      0.703125000      0.133658767      0.238410994      -2.50096507E-02
  0.328125000      0.703125000      0.137197763      0.207193166      -3.16536613E-02
  0.359375000      0.703125000      0.139297605      0.175676033      -3.76403481E-02
  0.390625000      0.703125000      0.140392557      0.145011157      -4.28173393E-02
  0.421875000      0.703125000      0.140683472      0.115546122      -4.70926613E-02
  0.453125000      0.703125000      0.140164316       8.71936828E-02  -5.04031628E-02
  0.484375000      0.703125000      0.138705641       5.97071573E-02  -5.26992492E-02
  0.515625000      0.703125000      0.136134848       3.28188725E-02  -5.39417081E-02
  0.546875000      0.703125000      0.132285446       6.28082547E-03  -5.41045368E-02
  0.578125000      0.703125000      0.127013475      -2.01364234E-02  -5.31783812E-02
  0.609375000      0.703125000      0.120193675      -4.66529950E-02  -5.11741340E-02
  0.640625000      0.703125000      0.111709267      -7.34626651E-02  -4.81288843E-02
  0.671875000      0.703125000      0.101445206     -0.100691229      -4.41133156E-02
  0.703125000      0.703125000       8.92950296E-02 -0.128330484      -3.92445885E-02
  0.734375000      0.703125000       7.51886219E-02 -0.156176433      -3.37027609E-02
  0.765625000      0.703125000       5.91382161E-02 -0.183878049      -2.77436599E-02
  0.796875000      0.703125000       4.12532836E-02 -0.211424738      -2.16896050E-02
  0.828125000      0.703125000       2.15511471E-02 -0.240926743      -1.58672277E-02
  0.859375000      0.703125000      -6.04555011E-04 -0.281117350      -1.04642082E-02
  0.890625000      0.703125000      -2.68198401E-02 -0.353334785      -5.34774689E-03
  0.921875000      0.703125000      -5.31934649E-02 -0.472295135       1.74845205E-04
  0.953125000      0.703125000      -5.90967424E-02 -0.555018187       5.99566055E-03
  0.984375000      0.703125000      -2.65030451E-02 -0.342933357       8.90400354E-03
   1.56250000E-02  0.734375000       4.23445087E-03   2.97842063E-02   1.24163907E-02
   4.68750000E-02  0.734375000       1.89761482E-02  0.110081285       1.27289137E-02
   7.81250000E-02  0.734375000       4.17855382E-02  0.185890108       1.24618039E-02
  0.109375000      0.734375000       6.55172169E-02  0.240698144       1.12525653E-02
  0.140625000      0.734375000       8.70714486E-02  0.273652256       8.85222107E-03
  0.171875000      0.734375000      0.106232762      0.288888276       5.14614861E-03
  0.203125000      0.734375000      0.123204783      0.289744198       1.67988168E-04
  0.234375000      0.734375000      0.137765244      0.278721273      -5.86741325E-03
  0.265625000      0.734375000      0.149574280      0.258565396      -1.25825750E-02
  0.296875000      0.734375000      0.158574447      0.232403249      -1.95255745E-02
  0.328125000      0.734375000      0.165065885      0.203182101      -2.62739994E-02
  0.359375000      0.734375000      0.169535682      0.173128352      -3.24984938E-02
  0.390625000      0.734375000      0.172440171      0.143569201      -3.79721001E-02
  0.421875000      0.734375000      0.174070016      0.115075782      -4.25468944E-02
  0.453125000      0.734375000      0.174524888       8.77353847E-02  -4.61243205E-02
  0.484375000      0.734375000      0.173759192       6.13956228E-02  -4.86347266E-02
  0.515625000      0.734375000      0.171647012       3.58179919E-02  -5.00277132E-02
  0.546875000      0.734375000      0.168032467       1.07493140E-02  -5.02704158E-02
  0.578125000      0.734375000      0.162756324      -1.40538299E-02  -4.93491963E-02
  0.609375000      0.734375000      0.155659139      -3.88161503E-02  -4.72717583E-02
  0.640625000      0.734375000      0.146575272      -6.37291446E-02  -4.40755300E-02
  0.671875000      0.734375000      0.135331929      -8.89155567E-02  -3.98359448E-02
  0.703125000      0.734375000      0.121759862     -0.114382431      -3.46805565E-02
  0.734375000      0.734375000      0.105730042     -0.139987260      -2.88066082E-02
  0.765625000      0.734375000       8.72231349E-02 -0.165509626      -2.24936157E-02
  0.796875000      0.734375000       6.64039850E-02 -0.191089839      -1.60930045E-02
  0.828125000      0.734375000       4.35563251E-02 -0.218713969      -9.96535178E-03
  0.859375000      0.734375000       1.85764637E-02 -0.256198227      -4.34099790E-03
  0.890625000      0.734375000      -9.78057925E-03 -0.323686779       8.60800734E-04
  0.921875000      0.734375000      -3.99547182E-02 -0.445401788       6.26278669E-03
  0.953125000      0.734375000      -5.36573827E-02 -0.562312841       1.21902106E-02
  0.984375000      0.734375000      -2.62285955E-02 -0.395667851       1.55780409E-02
   1.56250000E-02  0.765625000       3.35727795E-03   2.21907385E-02   1.31488424E-02
   4.68750000E-02  0.765625000       1.61887407E-02   9.00976211E-02   1.34935156E-02
   7.81250000E-02  0.765625000       3.81988958E-02  0.161049947       1.35904662E-02
  0.109375000      0.765625000       6.35040253E-02  0.216498017       1.31485239E-02
  0.140625000      0.765625000       8.82316753E-02  0.251568705       1.17898695E-02
  0.171875000      0.765625000      0.111233503      0.268809319       9.19583254E-03
  0.203125000      0.765625000      0.132333577      0.271754473       5.22468938E-03
  0.234375000      0.765625000      0.151222646      0.263267636      -3.40187107E-05
  0.265625000      0.765625000      0.167434752      0.246006340      -6.27201609E-03
  0.296875000      0.765625000      0.180677801      0.222728997      -1.30432807E-02
  0.328125000      0.765625000      0.190998167      0.196055114      -1.98757965E-02
  0.359375000      0.765625000      0.198706359      0.168087810      -2.63591930E-02
  0.390625000      0.765625000      0.204198122      0.140223294      -3.21820118E-02
  0.421875000      0.765625000      0.207801849      0.113196969      -3.71268764E-02
  0.453125000      0.765625000      0.209706932       8.72619748E-02  -4.10471186E-02
  0.484375000      0.765625000      0.209963694       6.23845533E-02  -4.38436121E-02
  0.515625000      0.765625000      0.208518952       3.83914895E-02  -4.54493985E-02
  0.546875000      0.765625000      0.205255330       1.50585454E-02  -4.58224602E-02
  0.578125000      0.765625000      0.200018913      -7.84675963E-03  -4.49442193E-02
  0.609375000      0.765625000      0.192630827      -3.05348225E-02  -4.28209230E-02
  0.640625000      0.765625000      0.182888821      -5.31820208E-02  -3.94904390E-02
  0.671875000      0.765625000      0.170572132      -7.59005919E-02  -3.50332484E-02
  0.703125000      0.765625000      0.155460626      -9.87123698E-02  -2.95863561E-02
  0.734375000      0.765625000      0.137383968     -0.121550187      -2.33609863E-02
  0.765625000      0.765625000      0.116313018     -0.144369274      -1.66540761E-02
  0.796875000      0.765625000       9.24756303E-02 -0.167575493      -9.83551983E-03
  0.828125000      0.765625000       6.63737357E-02 -0.193282306      -3.28462943E-03
  0.859375000      0.765625000       3.83771993E-02 -0.228658915       2.74433312E-03
  0.890625000      0.765625000       7.78636616E-03 -0.292285442       8.30912963E-03
  0.921875000      0.765625000      -2.56169885E-02 -0.413234293       1.39501188E-02
  0.953125000      0.765625000      -4.68392447E-02 -0.559564948       2.03469507E-02
  0.984375000      0.765625000      -2.53961198E-02 -0.447296172       2.44476199E-02
   1.56250000E-02  0.796875000       2.34651589E-03   1.64847709E-02   1.39421066E-02
   4.68750000E-02  0.796875000       1.23203387E-02   7.29933307E-02   1.42757334E-02
   7.81250000E-02  0.796875000       3.16066220E-02  0.136852264       1.47171365E-02
  0.109375000      0.796875000       5.65999374E-02  0.190392077       1.51060838E-02
  0.140625000      0.796875000       8.34494233E-02  0.226093292       1.49359498E-02
  0.171875000      0.796875000      0.110064335      0.244665504       1.36262961E-02
  0.203125000      0.796875000      0.135533437      0.249329031       1.08118635E-02
  0.234375000      0.796875000      0.159199685      0.243140429       6.44489191E-03
  0.265625000      0.796875000      0.180390626      0.228735834       7.69845909E-04
  0.296875000      0.796875000      0.198577583      0.208576977      -5.77066327E-03
  0.328125000      0.796875000      0.213538319      0.184934914      -1.26582263E-02
  0.359375000      0.796875000      0.225353718      0.159693867      -1.94044486E-02
  0.390625000      0.796875000      0.234284088      0.134204537      -2.56107710E-02
  0.421875000      0.796875000      0.240625352      0.109279692      -3.09824254E-02
  0.453125000      0.796875000      0.244610101       8.52975547E-02  -3.53144854E-02
  0.484375000      0.796875000      0.246367037       6.23424612E-02  -3.84693034E-02
  0.515625000      0.796875000      0.245921806       4.03297693E-02  -4.03572023E-02
  0.546875000      0.796875000      0.243215740       1.90952457E-02  -4.09240127E-02
  0.578125000      0.796875000      0.238125086      -1.55202253E-03  -4.01453115E-02
  0.609375000      0.796875000      0.230477348      -2.17901394E-02  -3.80269587E-02
  0.640625000      0.796875000      0.220060572      -4.17650677E-02  -3.46080437E-02
  0.671875000      0.796875000      0.206634015      -6.15722239E-02  -2.99736578E-02
  0.703125000      0.796875000      0.189959019      -8.12530965E-02  -2.42670085E-02
  0.734375000      0.796875000      0.169862330     -0.100836121      -1.77052096E-02
  0.765625000      0.796875000      0.146342561     -0.120494097      -1.05877938E-02
  0.796875000      0.796875000      0.119702630     -0.140976638      -3.28108459E-03
  0.828125000      0.796875000       9.06065851E-02 -0.164688602       3.84470774E-03
  0.859375000      0.796875000       5.97596057E-02 -0.198416725       1.05421962E-02
  0.890625000      0.796875000       2.69304030E-02 -0.259117305       1.68686062E-02
  0.921875000      0.796875000      -9.19524487E-03 -0.376884818       2.33114175E-02
  0.953125000      0.796875000      -3.78050879E-02 -0.546094775       3.08033265E-02
  0.984375000      0.796875000      -2.36643329E-02 -0.496361196       3.61575633E-02
   1.56250000E-02  0.828125000       1.01832883E-03   1.31173534E-02   1.47414114E-02
   4.68750000E-02  0.828125000       7.00377300E-03   6.03956282E-02   1.50304977E-02
   7.81250000E-02  0.828125000       2.16256250E-02  0.115535200       1.58233475E-02
  0.109375000      0.828125000       4.42640185E-02  0.164070711       1.71079356E-02
  0.140625000      0.828125000       7.18865171E-02  0.197936133       1.82345733E-02
  0.171875000      0.828125000      0.101647846      0.216440722       1.83202140E-02
  0.203125000      0.828125000      0.131615937      0.222112671       1.67442411E-02
  0.234375000      0.828125000      0.160449147      0.217855915       1.33198593E-02
  0.265625000      0.828125000      0.187096089      0.206183910       8.24242551E-03
  0.296875000      0.828125000      0.210763842      0.189278305       1.96161447E-03
  0.328125000      0.828125000      0.230981320      0.169061676      -4.95894998E-03
  0.359375000      0.828125000      0.247600257      0.147140473      -1.19601842E-02
  0.390625000      0.828125000      0.260710359      0.124725856      -1.85622331E-02
  0.421875000      0.828125000      0.270518810      0.102617159      -2.43936144E-02
  0.453125000      0.828125000      0.277245879       8.12563226E-02  -2.91870870E-02
  0.484375000      0.828125000      0.281060100       6.08199760E-02  -3.27609554E-02
  0.515625000      0.828125000      0.282050192       4.13140059E-02  -3.49978209E-02
  0.546875000      0.828125000      0.280221999       2.26509459E-02  -3.58285457E-02
  0.578125000      0.828125000      0.275504291       4.70538624E-03  -3.52218784E-02
  0.609375000      0.828125000      0.267762423      -1.26541434E-02  -3.31826322E-02
  0.640625000      0.828125000      0.256815284      -2.95342915E-02  -2.97525097E-02
  0.671875000      0.828125000      0.242454931      -4.60142978E-02  -2.50192974E-02
  0.703125000      0.828125000      0.224486798      -6.21673837E-02  -1.91255491E-02
  0.734375000      0.828125000      0.202798963      -7.81383216E-02  -1.22794071E-02
  0.765625000      0.828125000      0.177462980      -9.43389982E-02  -4.75736242E-03
  0.796875000      0.828125000      0.148844928     -0.111878835       3.11536482E-03
  0.828125000      0.828125000      0.117650665     -0.133503675       1.10249985E-02
  0.859375000      0.828125000       8.46645162E-02 -0.165778741       1.87848974E-02
  0.890625000      0.828125000       4.98010963E-02 -0.224075392       2.65045930E-02
  0.921875000      0.828125000       1.12661058E-02 -0.337280840       3.47042531E-02
  0.953125000      0.828125000      -2.49350108E-02 -0.520903707       4.42747027E-02
  0.984375000      0.828125000      -2.03053113E-02 -0.540336668       5.19534014E-02
   1.56250000E-02  0.859375000      -1.19800970E-03   1.32940831E-02   1.55046945E-02
   4.68750000E-02  0.859375000      -1.11899839E-03   5.41477576E-02   1.57351568E-02
   7.81250000E-02  0.859375000       6.88866712E-03   9.91459340E-02   1.69567764E-02
  0.109375000      0.859375000       2.55221147E-02  0.139180005       1.92263257E-02
  0.140625000      0.859375000       5.27860895E-02  0.167931572       2.16966253E-02
  0.171875000      0.859375000       8.52047801E-02  0.184256315       2.31720600E-02
  0.203125000      0.859375000      0.119679287      0.189846456       2.27921121E-02
  0.234375000      0.859375000      0.153926730      0.187035561       2.02550068E-02
  0.265625000      0.859375000      0.186333463      0.177947551       1.57304779E-02
  0.296875000      0.859375000      0.215785831      0.164394677       9.68804955E-03
  0.328125000      0.859375000      0.241586685      0.147929981       2.73513631E-03
  0.359375000      0.859375000      0.263394684      0.129850462      -4.50974051E-03
  0.390625000      0.859375000      0.281140149      0.111166999      -1.14988638E-02
  0.421875000      0.859375000      0.294922531       9.25925821E-02  -1.77935436E-02
  0.453125000      0.859375000      0.304914296       7.45695159E-02  -2.30684932E-02
  0.484375000      0.859375000      0.311289370       5.73247150E-02  -2.70979982E-02
  0.515625000      0.859375000      0.314180315       4.09347564E-02  -2.97355652E-02
  0.546875000      0.859375000      0.313659430       2.53849514E-02  -3.08955777E-02
  0.578125000      0.859375000      0.309736341       1.06169442E-02  -3.05398814E-02
  0.609375000      0.859375000      0.302358866      -3.44265834E-03  -2.86698490E-02
  0.640625000      0.859375000      0.291430950      -1.68682169E-02  -2.53281742E-02
  0.671875000      0.859375000      0.276853681      -2.97415666E-02  -2.06025988E-02
  0.703125000      0.859375000      0.258562744      -4.21814695E-02  -1.46238925E-02
  0.734375000      0.859375000      0.236574188      -5.44500723E-02  -7.56971119E-03
  0.765625000      0.859375000      0.211044624      -6.71661943E-02   3.42084852E-04
  0.796875000      0.859375000      0.182318151      -8.17142278E-02   8.88034794E-03
  0.828125000      0.859375000      0.150912642     -0.101078525       1.78630985E-02
  0.859375000      0.859375000      0.117277265     -0.131595463       2.72691734E-02
  0.890625000      0.859375000       8.09717104E-02 -0.187105700       3.74016017E-02
  0.921875000      0.859375000       3.96437198E-02 -0.294405937       4.89779785E-02
  0.953125000      0.859375000      -5.28060645E-03 -0.482672870       6.23425432E-02
  0.984375000      0.859375000      -1.39229205E-02 -0.574572027       7.42784366E-02
   1.56250000E-02  0.890625000      -5.56622772E-03   2.00549550E-02   1.61064714E-02
   4.68750000E-02  0.890625000      -1.50537621E-02   5.67878336E-02   1.63047574E-02
   7.81250000E-02  0.890625000      -1.56436339E-02   8.90793800E-02   1.81616135E-02
  0.109375000      0.890625000      -1.50780566E-03  0.116467655       2.15577539E-02
  0.140625000      0.890625000       2.54002549E-02  0.136460781       2.53334418E-02
  0.171875000      0.890625000       6.05068132E-02  0.148189604       2.80317143E-02
  0.203125000      0.890625000       9.95089188E-02  0.152424365       2.86398716E-02
  0.234375000      0.890625000      0.139179260      0.150529295       2.68038362E-02
  0.265625000      0.890625000      0.177315786      0.143902838       2.26978175E-02
  0.296875000      0.890625000      0.212480247      0.133818373       1.68186724E-02
  0.328125000      0.890625000      0.243784696      0.121400222       9.80999786E-03
  0.359375000      0.890625000      0.270749390      0.107609719       2.33336398E-03
  0.390625000      0.890625000      0.293193340       9.32227224E-02  -5.01461979E-03
  0.421875000      0.890625000      0.311136514       7.88169950E-02  -1.17443576E-02
  0.453125000      0.890625000      0.324714124       6.47820681E-02  -1.74838528E-02
  0.484375000      0.890625000      0.334108829       5.13488725E-02  -2.19694376E-02
  0.515625000      0.890625000      0.339504659       3.86298820E-02  -2.50280015E-02
  0.546875000      0.890625000      0.341061532       2.66591590E-02  -2.65581422E-02
  0.578125000      0.890625000      0.338905692       1.54261366E-02  -2.65146866E-02
  0.609375000      0.890625000      0.333135515       4.89906408E-03  -2.48981975E-02
  0.640625000      0.890625000      0.323823094      -4.96768719E-03  -2.17428412E-02
  0.671875000      0.890625000      0.311015844      -1.42572150E-02  -1.71230752E-02
  0.703125000      0.890625000      0.294795871      -2.31564306E-02  -1.11528626E-02
  0.734375000      0.890625000      0.275301784      -3.19960341E-02  -3.95599566E-03
  0.765625000      0.890625000      0.252693564      -4.14886177E-02   4.34698351E-03
  0.796875000      0.890625000      0.227110654      -5.30915596E-02   1.36828031E-02
  0.828125000      0.890625000      0.198567495      -6.97649419E-02   2.41115279E-02
  0.859375000      0.890625000      0.166657805      -9.73798782E-02   3.59653533E-02
  0.890625000      0.890625000      0.129874498     -0.148251683       5.00385612E-02
  0.921875000      0.890625000       8.39912742E-02 -0.246070713       6.75538480E-02
  0.953125000      0.890625000       2.70094909E-02 -0.429125488       8.87767449E-02
  0.984375000      0.890625000      -1.99229596E-03 -0.590495586      0.107675582    
   1.56250000E-02  0.921875000      -1.45435622E-02   4.01609503E-02   1.59205087E-02
   4.68750000E-02  0.921875000      -4.02054228E-02   7.18227327E-02   1.62753481E-02
   7.81250000E-02  0.921875000      -5.07595241E-02   8.51786435E-02   1.92551408E-02
  0.109375000      0.921875000      -3.92707884E-02   9.47326273E-02   2.40060203E-02
  0.140625000      0.921875000      -1.07153561E-02  0.102718897       2.89720334E-02
  0.171875000      0.921875000       2.81026531E-02  0.107991546       3.25790197E-02
  0.203125000      0.921875000       7.18019828E-02  0.109905019       3.38234603E-02
  0.234375000      0.921875000      0.116652183      0.108513355       3.23959440E-02
  0.265625000      0.921875000      0.160175219      0.104247257       2.85097249E-02
  0.296875000      0.921875000      0.200774163       9.77022573E-02   2.26874948E-02
  0.328125000      0.921875000      0.237466991       8.95146504E-02   1.55930854E-02
  0.359375000      0.921875000      0.269709736       8.02869201E-02   7.90972915E-03
  0.390625000      0.921875000      0.297273338       7.05398396E-02   2.60835805E-04
  0.421875000      0.921875000      0.320147634       6.06861636E-02  -6.83310349E-03
  0.453125000      0.921875000      0.338463187       5.10246903E-02  -1.29686520E-02
  0.484375000      0.921875000      0.352429181       4.17509750E-02  -1.78546458E-02
  0.515625000      0.921875000      0.362288535       3.29779238E-02  -2.12969109E-02
  0.546875000      0.921875000      0.368288815       2.47586891E-02  -2.31803861E-02
  0.578125000      0.921875000      0.370667815       1.71073452E-02  -2.34522782E-02
  0.609375000      0.921875000      0.369648010       1.00105181E-02  -2.21087001E-02
  0.640625000      0.921875000      0.365446329       3.43620963E-03  -1.91845670E-02
  0.671875000      0.921875000      0.358280361      -2.68833060E-03  -1.47292446E-02
  0.703125000      0.921875000      0.348298371      -8.52585211E-03  -8.80135223E-03
  0.734375000      0.921875000      0.335573912      -1.44128567E-02  -1.47915771E-03
  0.765625000      0.921875000      0.320103168      -2.10004058E-02   7.24879652E-03
  0.796875000      0.921875000      0.301645190      -2.95497105E-02   1.75339319E-02
  0.828125000      0.921875000      0.279479384      -4.26122360E-02   2.98242159E-02
  0.859375000      0.921875000      0.251896620      -6.50583878E-02   4.51020896E-02
  0.890625000      0.921875000      0.215383112     -0.107298404       6.52254596E-02
  0.921875000      0.921875000      0.162481487     -0.188264191       9.27480236E-02
  0.953125000      0.921875000       8.53287876E-02 -0.352824122      0.129022360    
  0.984375000      0.921875000       2.00040303E-02 -0.572493136      0.161678135    
   1.56250000E-02  0.953125000      -3.62927243E-02   9.09931958E-02   1.21237002E-02
   4.68750000E-02  0.953125000      -7.79919773E-02   8.83425623E-02   1.41599290E-02
   7.81250000E-02  0.953125000      -7.29962066E-02   7.42066056E-02   1.91266537E-02
  0.109375000      0.953125000      -4.50674854E-02   6.62747696E-02   2.57491805E-02
  0.140625000      0.953125000      -6.06567040E-03   6.36041760E-02   3.19024436E-02
  0.171875000      0.953125000       3.90504897E-02   6.31542504E-02   3.61467041E-02
  0.203125000      0.953125000       8.71715546E-02   6.29030764E-02   3.77151743E-02
  0.234375000      0.953125000      0.135952398       6.18663579E-02   3.64543274E-02
  0.265625000      0.953125000      0.183609903       5.96984774E-02   3.26428078E-02
  0.296875000      0.953125000      0.228835404       5.64151183E-02   2.68238280E-02
  0.328125000      0.953125000      0.270722985       5.22140414E-02   1.96647029E-02
  0.359375000      0.953125000      0.308700740       4.73634973E-02   1.18506625E-02
  0.390625000      0.953125000      0.342465162       4.21349294E-02   4.01193649E-03
  0.421875000      0.953125000      0.371918708       3.67652662E-02  -3.31816310E-03
  0.453125000      0.953125000      0.397112250       3.14401127E-02  -9.71989427E-03
  0.484375000      0.953125000      0.418194622       2.62915865E-02  -1.48854703E-02
  0.515625000      0.953125000      0.435372353       2.14047786E-02  -1.86064541E-02
  0.546875000      0.953125000      0.448880196       1.68278832E-02  -2.07569730E-02
  0.578125000      0.953125000      0.458961129       1.25815496E-02  -2.12765448E-02
  0.609375000      0.953125000      0.465854049       8.66540521E-03  -2.01540664E-02
  0.640625000      0.953125000      0.469782531       5.05525526E-03  -1.74126513E-02
  0.671875000      0.953125000      0.470941484       1.69859955E-03  -1.30904419E-02
  0.703125000      0.953125000      0.469498336      -1.49086397E-03  -7.21774343E-03
  0.734375000      0.953125000      0.465513647      -4.74434812E-03   2.38115608E-04
  0.765625000      0.953125000      0.458810747      -8.50380119E-03   9.41819791E-03
  0.796875000      0.953125000      0.448801517      -1.35910846E-02   2.07453128E-02
  0.828125000      0.953125000      0.434094965      -2.17143223E-02   3.51880938E-02
  0.859375000      0.953125000      0.411690593      -3.59890200E-02   5.47028258E-02
  0.890625000      0.953125000      0.375436902      -6.36243150E-02   8.29814747E-02
  0.921875000      0.953125000      0.313398480     -0.117024988      0.125614911    
  0.953125000      0.953125000      0.204834849     -0.238375068      0.188244462    
  0.984375000      0.953125000       6.78462088E-02 -0.484652519      0.253875047    
   1.56250000E-02  0.984375000       6.36407360E-02   6.36419430E-02  -5.35429409E-03
   4.68750000E-02  0.984375000      0.174153060       4.68732901E-02   1.46689992E-02
   7.81250000E-02  0.984375000      0.252923399       3.19007337E-02   2.20735036E-02
  0.109375000      0.984375000      0.309191942       2.43723709E-02   2.87043750E-02
  0.140625000      0.984375000      0.354620695       2.10621767E-02   3.46300788E-02
  0.171875000      0.984375000      0.395430326       1.97542459E-02   3.87191251E-02
  0.203125000      0.984375000      0.434386253       1.92088876E-02   4.02378589E-02
  0.234375000      0.984375000      0.472368777       1.87806264E-02   3.90030444E-02
  0.265625000      0.984375000      0.509312212       1.81689076E-02   3.52517478E-02
  0.296875000      0.984375000      0.544748247       1.72719583E-02   2.94889193E-02
  0.328125000      0.984375000      0.578113556       1.60966907E-02   2.23539434E-02
  0.359375000      0.984375000      0.608910322       1.47020500E-02   1.45171005E-02
  0.390625000      0.984375000      0.636776209       1.31646432E-02   6.60521956E-03
  0.421875000      0.984375000      0.661500096       1.15590002E-02  -8.43134010E-04
  0.453125000      0.984375000      0.683007598       9.94766783E-03  -7.39798555E-03
  0.484375000      0.984375000      0.701334476       8.37798323E-03  -1.27396621E-02
  0.515625000      0.984375000      0.716596246       6.88238768E-03  -1.66486017E-02
  0.546875000      0.984375000      0.728960872       5.48100378E-03  -1.89896729E-02
  0.578125000      0.984375000      0.738626957       4.18402487E-03  -1.96948722E-02
  0.609375000      0.984375000      0.745805025       2.99349194E-03  -1.87456571E-02
  0.640625000      0.984375000      0.750701368       1.90273952E-03  -1.61553919E-02
  0.671875000      0.984375000      0.753497958       8.94387427E-04  -1.19458446E-02
  0.703125000      0.984375000      0.754321218      -6.98209624E-05  -6.11501327E-03
  0.734375000      0.984375000      0.753192246      -1.05692993E-03   1.42497546E-03
  0.765625000      0.984375000      0.749914110      -2.21791910E-03   1.09411655E-02
  0.796875000      0.984375000      0.743863642      -3.82800819E-03   2.30850931E-02
  0.828125000      0.984375000      0.733554244      -6.47550449E-03   3.92749310E-02
  0.859375000      0.984375000      0.715892315      -1.11790821E-02   6.23880737E-02
  0.890625000      0.984375000      0.684197843      -2.05068029E-02   9.81455296E-02
  0.921875000      0.984375000      0.624876142      -3.88054363E-02  0.157475635    
  0.953125000      0.984375000      0.501441121      -8.46198648E-02  0.262069225    
  0.984375000      0.984375000      0.208408237     -0.208405554      0.441251963    
