 VARIABLES="X","Y","U","V","P"
 ZONE F=POINT, I=          32 , J=          32
   1.56250000E-02   1.56250000E-02   4.77767098E-05  -4.94307569E-05   2.35651135E-02
   4.68750000E-02   1.56250000E-02   8.11369682E-06   8.52056473E-05   2.35394202E-02
   7.81250000E-02   1.56250000E-02  -2.99635489E-04   2.18085595E-04   2.35010441E-02
  0.109375000       1.56250000E-02  -8.21662892E-04   2.99501698E-04   2.34611221E-02
  0.140625000       1.56250000E-02  -1.46704097E-03   3.41456267E-04   2.34234165E-02
  0.171875000       1.56250000E-02  -2.17816676E-03   3.65275482E-04   2.33884938E-02
  0.203125000       1.56250000E-02  -2.93268915E-03   3.84885643E-04   2.33567674E-02
  0.234375000       1.56250000E-02  -3.72674083E-03   4.04845108E-04   2.33298689E-02
  0.265625000       1.56250000E-02  -4.55836859E-03   4.22504469E-04   2.33108159E-02
  0.296875000       1.56250000E-02  -5.41515835E-03   4.30057669E-04   2.33035870E-02
  0.328125000       1.56250000E-02  -6.26524398E-03   4.15856834E-04   2.33123153E-02
  0.359375000       1.56250000E-02  -7.05105904E-03   3.65841843E-04   2.33401805E-02
  0.390625000       1.56250000E-02  -7.68685061E-03   2.65891576E-04   2.33880393E-02
  0.421875000       1.56250000E-02  -8.06217641E-03   1.05434970E-04   2.34528072E-02
  0.453125000       1.56250000E-02  -8.05354677E-03  -1.18002514E-04   2.35259812E-02
  0.484375000       1.56250000E-02  -7.54499435E-03  -3.94432747E-04   2.35928185E-02
  0.515625000       1.56250000E-02  -6.45658700E-03  -6.97797223E-04   2.36322060E-02
  0.546875000       1.56250000E-02  -4.77518933E-03  -9.87347565E-04   2.36189123E-02
  0.578125000       1.56250000E-02  -2.57777655E-03  -1.21372263E-03   2.35281177E-02
  0.609375000       1.56250000E-02  -3.88878398E-05  -1.32871850E-03   2.33414751E-02
  0.640625000       1.56250000E-02   2.58415472E-03  -1.29775563E-03   2.30534170E-02
  0.671875000       1.56250000E-02   4.99151740E-03  -1.11289637E-03   2.26748921E-02
  0.703125000       1.56250000E-02   6.89935777E-03  -7.98075926E-04   2.22330410E-02
  0.734375000       1.56250000E-02   8.10053200E-03  -4.06067993E-04   2.17658915E-02
  0.765625000       1.56250000E-02   8.50682706E-03  -3.04351852E-06   2.13136692E-02
  0.796875000       1.56250000E-02   8.15653615E-03   3.50661867E-04   2.09101625E-02
  0.828125000       1.56250000E-02   7.18603097E-03   6.17292535E-04   2.05774326E-02
  0.859375000       1.56250000E-02   5.78201003E-03   7.84272619E-04   2.03253347E-02
  0.890625000       1.56250000E-02   4.14264388E-03   8.52708705E-04   2.01543663E-02
  0.921875000       1.56250000E-02   2.47497368E-03   8.12625163E-04   2.00601071E-02
  0.953125000       1.56250000E-02   1.04209245E-03   6.17951038E-04   2.00349502E-02
  0.984375000       1.56250000E-02   2.11497289E-04   2.10776619E-04   2.00610943E-02
   1.56250000E-02   4.68750000E-02  -1.10400411E-04   9.29904490E-06   2.35909503E-02
   4.68750000E-02   4.68750000E-02  -6.60941470E-04   6.07741007E-04   2.35633235E-02
   7.81250000E-02   4.68750000E-02  -1.81282475E-03   1.14510348E-03   2.35303994E-02
  0.109375000       4.68750000E-02  -3.41127068E-03   1.48291118E-03   2.34966390E-02
  0.140625000       4.68750000E-02  -5.28479088E-03   1.66695029E-03   2.34633405E-02
  0.171875000       4.68750000E-02  -7.31753698E-03   1.77372294E-03   2.34307945E-02
  0.203125000       4.68750000E-02  -9.45147313E-03   1.85504789E-03   2.33997814E-02
  0.234375000       4.68750000E-02  -1.16616264E-02   1.92913483E-03   2.33722329E-02
  0.265625000       4.68750000E-02  -1.39277633E-02   1.98634062E-03   2.33511962E-02
  0.296875000       4.68750000E-02  -1.62099898E-02   1.99572719E-03   2.33403910E-02
  0.328125000       4.68750000E-02  -1.84294563E-02   1.91037636E-03   2.33435221E-02
  0.359375000       4.68750000E-02  -2.04557572E-02   1.67423184E-03   2.33633351E-02
  0.390625000       4.68750000E-02  -2.21043210E-02   1.23281253E-03   2.34004259E-02
  0.421875000       4.68750000E-02  -2.31473576E-02   5.47994743E-04   2.34518424E-02
  0.453125000       4.68750000E-02  -2.33402029E-02  -3.85068764E-04   2.35095806E-02
  0.484375000       4.68750000E-02  -2.24621315E-02  -1.52256549E-03   2.35599130E-02
  0.515625000       4.68750000E-02  -2.03651190E-02  -2.76350183E-03   2.35829130E-02
  0.546875000       4.68750000E-02  -1.70209147E-02  -3.95548576E-03   2.35544834E-02
  0.578125000       4.68750000E-02  -1.25554241E-02  -4.91654035E-03   2.34508421E-02
  0.609375000       4.68750000E-02  -7.26129394E-03  -5.46675129E-03   2.32545808E-02
  0.640625000       4.68750000E-02  -1.58218306E-03  -5.46944700E-03   2.29609907E-02
  0.671875000       4.68750000E-02   3.93606024E-03  -4.87408228E-03   2.25822907E-02
  0.703125000       4.68750000E-02   8.72782990E-03  -3.74344457E-03   2.21465044E-02
  0.734375000       4.68750000E-02   1.23103680E-02  -2.25102110E-03   2.16921810E-02
  0.765625000       4.68750000E-02   1.43757835E-02  -6.36083249E-04   2.12588385E-02
  0.796875000       4.68750000E-02   1.48424227E-02   8.61374370E-04   2.08783094E-02
  0.828125000       4.68750000E-02   1.38488086E-02   2.06497661E-03   2.05692071E-02
  0.859375000       4.68750000E-02   1.16987005E-02   2.88519613E-03   2.03373749E-02
  0.890625000       4.68750000E-02   8.79296474E-03   3.29151773E-03   2.01796815E-02
  0.921875000       4.68750000E-02   5.59303211E-03   3.23616061E-03   2.00892277E-02
  0.953125000       4.68750000E-02   2.64445576E-03   2.57068034E-03   2.00596340E-02
  0.984375000       4.68750000E-02   6.54120173E-04   1.07466348E-03   2.00867523E-02
   1.56250000E-02   7.81250000E-02  -3.42449959E-04   4.57665999E-04   2.36304309E-02
   4.68750000E-02   7.81250000E-02  -1.57294911E-03   1.93029619E-03   2.35915929E-02
   7.81250000E-02   7.81250000E-02  -3.71918781E-03   3.10941203E-03   2.35576201E-02
  0.109375000       7.81250000E-02  -6.45887014E-03   3.84551333E-03   2.35263743E-02
  0.140625000       7.81250000E-02  -9.54995956E-03   4.25779959E-03   2.34953761E-02
  0.171875000       7.81250000E-02  -1.28491689E-02   4.50374885E-03   2.34632529E-02
  0.203125000       7.81250000E-02  -1.62912570E-02   4.69008274E-03   2.34303102E-02
  0.234375000       7.81250000E-02  -1.98546480E-02   4.85681975E-03   2.33984571E-02
  0.265625000       7.81250000E-02  -2.35258192E-02   4.98531107E-03   2.33708564E-02
  0.296875000       7.81250000E-02  -2.72659007E-02   5.00862114E-03   2.33513787E-02
  0.328125000       7.81250000E-02  -3.09818033E-02   4.82265092E-03   2.33440008E-02
  0.359375000       7.81250000E-02  -3.45065892E-02   4.30310424E-03   2.33519878E-02
  0.390625000       7.81250000E-02  -3.75946686E-02   3.33092269E-03   2.33768355E-02
  0.421875000       7.81250000E-02  -3.99354063E-02   1.82426779E-03   2.34168414E-02
  0.453125000       7.81250000E-02  -4.11850065E-02  -2.28027828E-04   2.34654173E-02
  0.484375000       7.81250000E-02  -4.10135016E-02  -2.73806904E-03   2.35095192E-02
  0.515625000       7.81250000E-02  -3.91618088E-02  -5.50536951E-03   2.35295650E-02
  0.546875000       7.81250000E-02  -3.55013050E-02  -8.22678767E-03   2.35002302E-02
  0.578125000       7.81250000E-02  -3.00839096E-02  -1.05363913E-02   2.33955607E-02
  0.609375000       7.81250000E-02  -2.31754500E-02  -1.20575530E-02   2.31955573E-02
  0.640625000       7.81250000E-02  -1.52643360E-02  -1.24767032E-02   2.28935853E-02
  0.671875000       7.81250000E-02  -7.02967076E-03  -1.16273127E-02   2.25017406E-02
  0.703125000       7.81250000E-02   7.40118790E-04  -9.55907535E-03   2.20508408E-02
  0.734375000       7.81250000E-02   7.27252010E-03  -6.55734725E-03   2.15840861E-02
  0.765625000       7.81250000E-02   1.19613092E-02  -3.09069641E-03   2.11454257E-02
  0.796875000       7.81250000E-02   1.44878421E-02   3.16342863E-04   2.07692478E-02
  0.828125000       7.81250000E-02   1.48629490E-02   3.22226994E-03   2.04734430E-02
  0.859375000       7.81250000E-02   1.33845229E-02   5.35037462E-03   2.02593561E-02
  0.890625000       7.81250000E-02   1.05503183E-02   6.56036008E-03   2.01183781E-02
  0.921875000       7.81250000E-02   6.98528718E-03   6.72646891E-03   2.00394019E-02
  0.953125000       7.81250000E-02   3.43573699E-03   5.57275023E-03   2.00161338E-02
  0.984375000       7.81250000E-02   8.83509521E-04   2.61028018E-03   2.00526789E-02
   1.56250000E-02  0.109375000      -5.97580336E-04   1.39320327E-03   2.36642510E-02
   4.68750000E-02  0.109375000      -2.57198233E-03   4.18951502E-03   2.36107614E-02
   7.81250000E-02  0.109375000      -5.78243379E-03   6.19559549E-03   2.35727169E-02
  0.109375000      0.109375000      -9.70087666E-03   7.40621705E-03   2.35413704E-02
  0.140625000      0.109375000      -1.40140262E-02   8.09016638E-03   2.35101357E-02
  0.171875000      0.109375000      -1.85758732E-02   8.52137618E-03   2.34755520E-02
  0.203125000      0.109375000      -2.33524032E-02   8.88017565E-03   2.34369487E-02
  0.234375000      0.109375000      -2.83710398E-02   9.23806336E-03   2.33958308E-02
  0.265625000      0.109375000      -3.36726457E-02   9.56642907E-03   2.33551245E-02
  0.296875000      0.109375000      -3.92633677E-02   9.74823628E-03   2.33187005E-02
  0.328125000      0.109375000      -4.50703241E-02   9.59622301E-03   2.32908763E-02
  0.359375000      0.109375000      -5.09099104E-02   8.88467673E-03   2.32758261E-02
  0.390625000      0.109375000      -5.64760827E-02   7.39484746E-03   2.32767276E-02
  0.421875000      0.109375000      -6.13514148E-02   4.96811094E-03   2.32943799E-02
  0.453125000      0.109375000      -6.50402755E-02   1.55870162E-03   2.33253594E-02
  0.484375000      0.109375000      -6.70211613E-02  -2.72292946E-03   2.33594757E-02
  0.515625000      0.109375000      -6.68150410E-02  -7.58554740E-03   2.33786553E-02
  0.546875000      0.109375000      -6.40692264E-02  -1.25599224E-02   2.33569629E-02
  0.578125000      0.109375000      -5.86404279E-02  -1.70562733E-02   2.32655965E-02
  0.609375000      0.109375000      -5.06623834E-02  -2.04308722E-02   2.30794717E-02
  0.640625000      0.109375000      -4.05925661E-02  -2.20909100E-02   2.27858108E-02
  0.671875000      0.109375000      -2.92150863E-02  -2.16317475E-02   2.23919880E-02
  0.703125000      0.109375000      -1.75755806E-02  -1.89703312E-02   2.19281390E-02
  0.734375000      0.109375000      -6.83355704E-03  -1.44268032E-02   2.14417707E-02
  0.765625000      0.109375000       1.95270148E-03  -8.70246720E-03   2.09846869E-02
  0.796875000      0.109375000       8.05413257E-03  -2.70591723E-03   2.05981396E-02
  0.828125000      0.109375000       1.12234112E-02   2.69418419E-03   2.03034841E-02
  0.859375000      0.109375000       1.16848387E-02   6.88959006E-03   2.01002564E-02
  0.890625000      0.109375000       1.00075770E-02   9.52682644E-03   1.99742652E-02
  0.921875000      0.109375000       6.97713904E-03   1.03497505E-02   1.99085623E-02
  0.953125000      0.109375000       3.54452524E-03   8.92595388E-03   1.98937729E-02
  0.984375000      0.109375000       9.28603520E-04   4.42040153E-03   1.99355595E-02
   1.56250000E-02  0.140625000      -8.61922570E-04   2.84819817E-03   2.36725695E-02
   4.68750000E-02  0.140625000      -3.60207609E-03   7.43890461E-03   2.36036591E-02
   7.81250000E-02  0.140625000      -7.89749064E-03   1.04407622E-02   2.35604569E-02
  0.109375000      0.140625000      -1.30083468E-02   1.21791000E-02   2.35271249E-02
  0.140625000      0.140625000      -1.85646154E-02   1.31755583E-02   2.34929025E-02
  0.171875000      0.140625000      -2.44522542E-02   1.38744898E-02   2.34520398E-02
  0.203125000      0.140625000      -3.07194162E-02   1.45600252E-02   2.34024078E-02
  0.234375000      0.140625000      -3.75015736E-02   1.53486133E-02   2.33441535E-02
  0.265625000      0.140625000      -4.49492857E-02   1.61952637E-02   2.32788287E-02
  0.296875000      0.140625000      -5.31530716E-02   1.69045366E-02   2.32089721E-02
  0.328125000      0.140625000      -6.20742962E-02   1.71593893E-02   2.31379885E-02
  0.359375000      0.140625000      -7.14954585E-02   1.65742747E-02   2.30702125E-02
  0.390625000      0.140625000      -8.09987113E-02   1.47674624E-02   2.30107810E-02
  0.421875000      0.140625000      -8.99772495E-02   1.14428876E-02   2.29650028E-02
  0.453125000      0.140625000      -9.76812392E-02   6.47093635E-03   2.29365975E-02
  0.484375000      0.140625000     -0.103295445      -4.53649554E-05   2.29251329E-02
  0.515625000      0.140625000     -0.106036946      -7.73263304E-03   2.29219235E-02
  0.546875000      0.140625000     -0.105259359      -1.59408897E-02   2.29056180E-02
  0.578125000      0.140625000     -0.100562423      -2.38055643E-02   2.28482075E-02
  0.609375000      0.140625000      -9.18847322E-02  -3.03418357E-02   2.27185078E-02
  0.640625000      0.140625000      -7.95754045E-02  -3.45637016E-02   2.24907584E-02
  0.671875000      0.140625000      -6.44466430E-02  -3.56699377E-02   2.21561063E-02
  0.703125000      0.140625000      -4.77675200E-02  -3.32556814E-02   2.17312425E-02
  0.734375000      0.140625000      -3.11508067E-02  -2.75052786E-02   2.12586764E-02
  0.765625000      0.140625000      -1.62939690E-02  -1.92723311E-02   2.07956508E-02
  0.796875000      0.140625000      -4.60220594E-03  -9.93462186E-03   2.03955770E-02
  0.828125000      0.140625000       3.16068367E-03  -1.01475162E-03   2.00903043E-02
  0.859375000      0.140625000       7.01093255E-03   6.28131675E-03   1.98851228E-02
  0.890625000      0.140625000       7.59064872E-03   1.12270843E-02   1.97640695E-02
  0.921875000      0.140625000       5.90476813E-03   1.33602358E-02   1.97049547E-02
  0.953125000      0.140625000       3.17203510E-03   1.20752435E-02   1.96935199E-02
  0.984375000      0.140625000       8.53640551E-04   6.20068843E-03   1.97330602E-02
   1.56250000E-02  0.171875000      -1.12982537E-03   4.83543193E-03   2.36339811E-02
   4.68750000E-02  0.171875000      -4.63726930E-03   1.16890855E-02   2.35499740E-02
   7.81250000E-02  0.171875000      -1.00126630E-02   1.58500858E-02   2.35012621E-02
  0.109375000      0.171875000      -1.63217597E-02   1.81785151E-02   2.34641880E-02
  0.140625000      0.171875000      -2.31709816E-02   1.95705853E-02   2.34235954E-02
  0.171875000      0.171875000      -3.05272751E-02   2.07126066E-02   2.33709756E-02
  0.203125000      0.171875000      -3.85816954E-02   2.20331065E-02   2.33015344E-02
  0.234375000      0.171875000      -4.76372167E-02   2.37033777E-02   2.32119877E-02
  0.265625000      0.171875000      -5.79942018E-02   2.56360956E-02   2.30995063E-02
  0.296875000      0.171875000      -6.98325485E-02   2.74976306E-02   2.29616035E-02
  0.328125000      0.171875000      -8.31089020E-02   2.87567042E-02   2.27969643E-02
  0.359375000      0.171875000      -9.74882245E-02   2.87714005E-02   2.26073638E-02
  0.390625000      0.171875000     -0.112323903       2.69043818E-02   2.23998874E-02
  0.421875000      0.171875000     -0.126697078       2.26538740E-02   2.21886095E-02
  0.453125000      0.171875000     -0.139515519       1.57795101E-02   2.19937321E-02
  0.484375000      0.171875000     -0.149649695       6.39232155E-03   2.18375102E-02
  0.515625000      0.171875000     -0.156065494      -5.01462864E-03   2.17387155E-02
  0.546875000      0.171875000     -0.157913417      -1.75899304E-02   2.16971301E-02
  0.578125000      0.171875000     -0.154596061      -3.01721450E-02   2.16933601E-02
  0.609375000      0.171875000     -0.145836115      -4.14143689E-02   2.16935761E-02
  0.640625000      0.171875000     -0.131753564      -4.98848632E-02   2.16515381E-02
  0.671875000      0.171875000     -0.112975940      -5.42574227E-02   2.15235632E-02
  0.703125000      0.171875000      -9.07519385E-02  -5.35741001E-02   2.12864038E-02
  0.734375000      0.171875000      -6.69848248E-02  -4.75740135E-02   2.09508408E-02
  0.765625000      0.171875000      -4.40617241E-02  -3.69873866E-02   2.05621980E-02
  0.796875000      0.171875000      -2.43875980E-02  -2.35897787E-02   2.01838128E-02
  0.828125000      0.171875000      -9.71191656E-03  -9.80287604E-03   1.98706314E-02
  0.859375000      0.171875000      -6.03942550E-04   2.10621534E-03   1.96490083E-02
  0.890625000      0.171875000       3.54090054E-03   1.06724184E-02   1.95140317E-02
  0.921875000      0.171875000       4.03968757E-03   1.50966560E-02   1.94449350E-02
  0.953125000      0.171875000       2.50342861E-03   1.46024134E-02   1.94243938E-02
  0.984375000      0.171875000       7.19151751E-04   7.77157163E-03   1.94525905E-02
   1.56250000E-02  0.203125000      -1.39546557E-03   7.35622272E-03   2.35250983E-02
   4.68750000E-02  0.203125000      -5.65566868E-03   1.69257931E-02   2.34266967E-02
   7.81250000E-02  0.203125000      -1.20899919E-02   2.24118493E-02   2.33719647E-02
  0.109375000      0.203125000      -1.96037460E-02   2.54285038E-02   2.33286135E-02
  0.140625000      0.203125000      -2.78267786E-02   2.73820199E-02   2.32765079E-02
  0.171875000      0.203125000      -3.68639976E-02   2.92842668E-02   2.32030936E-02
  0.203125000      0.203125000      -4.71059904E-02   3.17480713E-02   2.30982266E-02
  0.234375000      0.203125000      -5.90583161E-02   3.49873342E-02   2.29508150E-02
  0.265625000      0.203125000      -7.31616840E-02   3.88046950E-02   2.27473434E-02
  0.296875000      0.203125000      -8.96172076E-02   4.26164567E-02   2.24725939E-02
  0.328125000      0.203125000     -0.108250357       4.55424637E-02   2.21131351E-02
  0.359375000      0.203125000     -0.128445044       4.65563536E-02   2.16638036E-02
  0.390625000      0.203125000     -0.149173364       4.46817204E-02   2.11357307E-02
  0.421875000      0.203125000     -0.169128537       3.92046310E-02   2.05622017E-02
  0.453125000      0.203125000     -0.186924994       2.98446640E-02   1.99981984E-02
  0.484375000      0.203125000     -0.201289237       1.68275125E-02   1.95115265E-02
  0.515625000      0.203125000     -0.211171091       8.50351877E-04   1.91677418E-02
  0.546875000      0.203125000     -0.215760320      -1.70149952E-02   1.90173481E-02
  0.578125000      0.203125000     -0.214431286      -3.53908092E-02   1.90631151E-02
  0.609375000      0.203125000     -0.206722528      -5.26621155E-02   1.92784015E-02
  0.640625000      0.203125000     -0.192398101      -6.70424104E-02   1.95957068E-02
  0.671875000      0.203125000     -0.171592951      -7.66817704E-02   1.99206509E-02
  0.703125000      0.203125000     -0.145069212      -7.98975676E-02   2.01562606E-02
  0.734375000      0.203125000     -0.114498571      -7.55893290E-02   2.02340204E-02
  0.765625000      0.203125000      -8.25920776E-02  -6.38036355E-02   2.01401673E-02
  0.796875000      0.203125000      -5.28148934E-02  -4.62276936E-02   1.99206471E-02
  0.828125000      0.203125000      -2.85029095E-02  -2.61562504E-02   1.96560230E-02
  0.859375000      0.203125000      -1.16403634E-02  -7.51515757E-03   1.94200166E-02
  0.890625000      0.203125000      -2.16758135E-03   6.67149434E-03   1.92498881E-02
  0.921875000      0.203125000       1.53463788E-03   1.48916105E-02   1.91453099E-02
  0.953125000      0.203125000       1.67882815E-03   1.61943957E-02   1.90956332E-02
  0.984375000      0.203125000       5.74687205E-04   9.06357355E-03   1.91013478E-02
   1.56250000E-02  0.234375000      -1.64992700E-03   1.03971586E-02   2.33209748E-02
   4.68750000E-02  0.234375000      -6.62766583E-03   2.31127553E-02   2.32088994E-02
   7.81250000E-02  0.234375000      -1.40809733E-02   3.01014185E-02   2.31466591E-02
  0.109375000      0.234375000      -2.28000041E-02   3.39608565E-02   2.30924934E-02
  0.140625000      0.234375000      -3.24887745E-02   3.67510170E-02   2.30201073E-02
  0.171875000      0.234375000      -4.34391461E-02   3.98930535E-02   2.29102448E-02
  0.203125000      0.234375000      -5.62683642E-02   4.42016348E-02   2.27423795E-02
  0.234375000      0.234375000      -7.16609806E-02   4.98711281E-02   2.24895291E-02
  0.265625000      0.234375000      -9.01024640E-02   5.64597920E-02   2.21165288E-02
  0.296875000      0.234375000     -0.111647666       6.29580244E-02   2.15832368E-02
  0.328125000      0.234375000     -0.135781944       6.79663643E-02   2.08547208E-02
  0.359375000      0.234375000     -0.161423177       6.99685514E-02   1.99177712E-02
  0.390625000      0.234375000     -0.187085584       6.76624998E-02   1.87984873E-02
  0.421875000      0.234375000     -0.211163700       6.02612086E-02   1.75714791E-02
  0.453125000      0.234375000     -0.232222855       4.76492383E-02   1.63539834E-02
  0.484375000      0.234375000     -0.249174312       3.03452276E-02   1.52850971E-02
  0.515625000      0.234375000     -0.261285394       9.33276303E-03   1.44976117E-02
  0.546875000      0.234375000     -0.268062532      -1.41237024E-02   1.40990606E-02
  0.578125000      0.234375000     -0.269074917      -3.85916531E-02   1.41409580E-02
  0.609375000      0.234375000     -0.263815522      -6.24229610E-02   1.46150226E-02
  0.640625000      0.234375000     -0.251677036      -8.37389082E-02   1.54463546E-02
  0.671875000      0.234375000     -0.232082695     -0.100380361       1.64970718E-02
  0.703125000      0.234375000     -0.204817921     -0.109984428       1.75835341E-02
  0.734375000      0.234375000     -0.170551389     -0.110337965       1.85124520E-02
  0.765625000      0.234375000     -0.131404176     -0.100108407       1.91352218E-02
  0.796875000      0.234375000      -9.12266001E-02  -7.98787177E-02   1.94015875E-02
  0.828125000      0.234375000      -5.50523102E-02  -5.29937223E-02   1.93758029E-02
  0.859375000      0.234375000      -2.73833945E-02  -2.52123326E-02   1.91924162E-02
  0.890625000      0.234375000      -1.00573264E-02  -2.43409816E-03   1.89807713E-02
  0.921875000      0.234375000      -1.69125758E-03   1.19244885E-02   1.88129395E-02
  0.953125000      0.234375000       7.49274739E-04   1.65720582E-02   1.87080465E-02
  0.984375000      0.234375000       4.49322222E-04   1.00858537E-02   1.86772253E-02
   1.56250000E-02  0.265625000      -1.87969429E-03   1.39224008E-02   2.29962766E-02
   4.68750000E-02  0.265625000      -7.50892935E-03   3.01846415E-02   2.28710789E-02
   7.81250000E-02  0.265625000      -1.59093887E-02   3.88724804E-02   2.27980688E-02
  0.109375000      0.265625000      -2.58062556E-02   4.37952317E-02   2.27251165E-02
  0.140625000      0.265625000      -3.70176546E-02   4.78069596E-02   2.26178356E-02
  0.171875000      0.265625000      -5.00406511E-02   5.28015755E-02   2.24457160E-02
  0.203125000      0.265625000      -6.56874627E-02   5.97615913E-02   2.21696738E-02
  0.234375000      0.265625000      -8.47127438E-02   6.87232912E-02   2.17345078E-02
  0.265625000      0.265625000     -0.107457988       7.87907541E-02   2.10682340E-02
  0.296875000      0.265625000     -0.133599252       8.83124247E-02   2.00926494E-02
  0.328125000      0.265625000     -0.162079901       9.52284485E-02   1.87477041E-02
  0.359375000      0.265625000     -0.191271290       9.75433141E-02   1.70245431E-02
  0.390625000      0.265625000     -0.219328851       9.38143879E-02   1.49920508E-02
  0.421875000      0.265625000     -0.244608849       8.34761858E-02   1.28005752E-02
  0.453125000      0.265625000     -0.265967995       6.68628812E-02   1.06577743E-02
  0.484375000      0.265625000     -0.282836139       4.49625924E-02   8.78754165E-03
  0.515625000      0.265625000     -0.295077682       1.90798938E-02   7.38947000E-03
  0.546875000      0.265625000     -0.302739859      -9.41962376E-03   6.61090063E-03
  0.578125000      0.265625000     -0.305799544      -3.92122567E-02   6.55358238E-03
  0.609375000      0.265625000     -0.303920031      -6.89307749E-02   7.23572727E-03
  0.640625000      0.265625000     -0.296303540      -9.69766825E-02   8.59998446E-03
  0.671875000      0.265625000     -0.281731606     -0.121300913       1.05066188E-02
  0.703125000      0.265625000     -0.258828372     -0.139225617       1.27268676E-02
  0.734375000      0.265625000     -0.226648957     -0.147538245       1.49535704E-02
  0.765625000      0.265625000     -0.185596377     -0.143105179       1.68518238E-02
  0.796875000      0.265625000     -0.138437942     -0.124216944       1.81579590E-02
  0.828125000      0.265625000      -9.07707363E-02  -9.24975425E-02   1.87895428E-02
  0.859375000      0.265625000      -4.98786569E-02  -5.42714112E-02   1.88796725E-02
  0.890625000      0.265625000      -2.14191787E-02  -1.91635191E-02   1.86846443E-02
  0.921875000      0.265625000      -6.10952266E-03   4.97447141E-03   1.84353311E-02
  0.953125000      0.265625000      -3.90430301E-04   1.53582683E-02   1.82466153E-02
  0.984375000      0.265625000       3.35908640E-04   1.08695142E-02   1.81613863E-02
   1.56250000E-02  0.296875000      -2.06607720E-03   1.78639293E-02   2.25273967E-02
   4.68750000E-02  0.296875000      -8.23711697E-03   3.80338654E-02   2.23893542E-02
   7.81250000E-02  0.296875000      -1.74615681E-02   4.86377925E-02   2.22998485E-02
  0.109375000      0.296875000      -2.84465831E-02   5.49019426E-02   2.21955758E-02
  0.140625000      0.296875000      -4.11369056E-02   6.05929680E-02   2.20311359E-02
  0.171875000      0.296875000      -5.62012717E-02   6.80952370E-02   2.17582770E-02
  0.203125000      0.296875000      -7.45421499E-02   7.84497485E-02   2.13082302E-02
  0.234375000      0.296875000      -9.68018770E-02   9.13165882E-02   2.05823984E-02
  0.265625000      0.296875000     -0.122953646      0.105093703       1.94573794E-02
  0.296875000      0.296875000     -0.152103990      0.117303401       1.78118311E-02
  0.328125000      0.296875000     -0.182585269      0.125204846       1.55745484E-02
  0.359375000      0.296875000     -0.212328896      0.126510471       1.27756018E-02
  0.390625000      0.296875000     -0.239392087      0.119979188       9.57110524E-03
  0.421875000      0.296875000     -0.262419164      0.105631799       6.22231420E-03
  0.453125000      0.296875000     -0.280849755       8.45118985E-02   3.03832581E-03
  0.484375000      0.296875000     -0.294830590       5.81783280E-02   3.12114251E-04
  0.515625000      0.296875000     -0.304929405       2.82205399E-02  -1.72297773E-03
  0.546875000      0.296875000     -0.311796010      -4.01564687E-03  -2.90954555E-03
  0.578125000      0.296875000     -0.315869510      -3.74680012E-02  -3.14517156E-03
  0.609375000      0.296875000     -0.317146510      -7.12636113E-02  -2.38827569E-03
  0.640625000      0.296875000     -0.314974248     -0.104420021      -6.62092643E-04
  0.671875000      0.296875000     -0.307918906     -0.135473877       1.94487430E-03
  0.703125000      0.296875000     -0.293808311     -0.162057400       5.24666486E-03
  0.734375000      0.296875000     -0.270106256     -0.180580854       8.92263930E-03
  0.765625000      0.296875000     -0.234841749     -0.186374605       1.25094969E-02
  0.796875000      0.296875000     -0.188138172     -0.174806476       1.54767036E-02
  0.828125000      0.296875000     -0.133919984     -0.143792197       1.74140185E-02
  0.859375000      0.296875000      -8.05258751E-02  -9.72634107E-02   1.82468724E-02
  0.890625000      0.296875000      -3.81645858E-02  -4.69940864E-02   1.82777606E-02
  0.921875000      0.296875000      -1.27310427E-02  -7.94097222E-03   1.79734789E-02
  0.953125000      0.296875000      -2.05889693E-03   1.18790139E-02   1.76763516E-02
  0.984375000      0.296875000       1.78130329E-04   1.13821942E-02   1.75143182E-02
   1.56250000E-02  0.328125000      -2.18610303E-03   2.21120622E-02   2.18954440E-02
   4.68750000E-02  0.328125000      -8.73386208E-03   4.64954823E-02   2.17446238E-02
   7.81250000E-02  0.328125000      -1.85876377E-02   5.92446476E-02   2.16302648E-02
  0.109375000      0.328125000      -3.04723922E-02   6.71558082E-02   2.14772411E-02
  0.140625000      0.328125000      -4.44325991E-02   7.49817416E-02   2.12256387E-02
  0.171875000      0.328125000      -6.12186119E-02   8.55506510E-02   2.08016504E-02
  0.203125000      0.328125000      -8.16668421E-02   9.97795463E-02   2.00945884E-02
  0.234375000      0.328125000     -0.106115967      0.116694614       1.89491324E-02
  0.265625000      0.328125000     -0.134015441      0.133769244       1.71845537E-02
  0.296875000      0.328125000     -0.163864166      0.147632837       1.46494955E-02
  0.328125000      0.328125000     -0.193511605      0.155013531       1.12991584E-02
  0.359375000      0.328125000     -0.220724031      0.153670534       7.25498050E-03
  0.390625000      0.328125000     -0.243794411      0.142968088       2.80470215E-03
  0.421875000      0.328125000     -0.261935920      0.123828873      -1.66508555E-03
  0.453125000      0.328125000     -0.275313139       9.81413350E-02  -5.76578500E-03
  0.484375000      0.328125000     -0.284762979       6.79987967E-02  -9.18203406E-03
  0.515625000      0.328125000     -0.291391551       3.51466238E-02  -1.16997585E-02
  0.546875000      0.328125000     -0.296227247       7.79149588E-04  -1.31949941E-02
  0.578125000      0.328125000     -0.300002694      -3.43962722E-02  -1.36060324E-02
  0.609375000      0.328125000     -0.303039491      -7.00052530E-02  -1.29013360E-02
  0.640625000      0.328125000     -0.305104852     -0.105770484      -1.10760992E-02
  0.671875000      0.328125000     -0.305167347     -0.141103223      -8.14852025E-03
  0.703125000      0.328125000     -0.301118314     -0.174576536      -4.19391226E-03
  0.734375000      0.328125000     -0.289673150     -0.203199774       5.86852082E-04
  0.765625000      0.328125000     -0.266856819     -0.221829504       5.77883283E-03
  0.796875000      0.328125000     -0.229478657     -0.223428443       1.07125696E-02
  0.828125000      0.328125000     -0.177657738     -0.201206505       1.45934746E-02
  0.859375000      0.328125000     -0.117531538     -0.153368443       1.68627519E-02
  0.890625000      0.328125000      -6.16077259E-02  -8.91747475E-02   1.75746344E-02
  0.921875000      0.328125000      -2.29168590E-02  -2.98865028E-02   1.73586309E-02
  0.953125000      0.328125000      -4.73657297E-03   4.96952189E-03   1.69433318E-02
  0.984375000      0.328125000      -1.21843717E-04   1.14373900E-02   1.66768301E-02
   1.56250000E-02  0.359375000      -2.21524388E-03   2.65096202E-02   2.10899971E-02
   4.68750000E-02  0.359375000      -8.91331397E-03   5.53353168E-02   2.09265016E-02
   7.81250000E-02  0.359375000      -1.91169698E-02   7.04532862E-02   2.07768828E-02
  0.109375000      0.359375000      -3.15898433E-02   8.02967623E-02   2.05540750E-02
  0.140625000      0.359375000      -4.64109145E-02   9.06154960E-02   2.01802235E-02
  0.171875000      0.359375000      -6.42865673E-02  0.104574099       1.95485912E-02
  0.203125000      0.359375000      -8.58342275E-02  0.122750297       1.84968803E-02
  0.234375000      0.359375000     -0.110972553      0.143313006       1.68073624E-02
  0.265625000      0.359375000     -0.138621166      0.162704423       1.42515544E-02
  0.296875000      0.359375000     -0.166819572      0.176754206       1.06816087E-02
  0.328125000      0.359375000     -0.193221122      0.181954265       6.13145065E-03
  0.359375000      0.359375000     -0.215774775      0.176512256       8.62951973E-04
  0.390625000      0.359375000     -0.233308643      0.160749495      -4.68584476E-03
  0.421875000      0.359375000     -0.245757580      0.136658430      -1.00261951E-02
  0.453125000      0.359375000     -0.253963888      0.106916673      -1.47429276E-02
  0.484375000      0.359375000     -0.259210169       7.39411041E-02  -1.85566805E-02
  0.515625000      0.359375000     -0.262756228       3.93998884E-02  -2.13168841E-02
  0.546875000      0.359375000     -0.265577674       4.20305599E-03  -2.29595453E-02
  0.578125000      0.359375000     -0.268329799      -3.12738419E-02  -2.34730523E-02
  0.609375000      0.359375000     -0.271428406      -6.69749528E-02  -2.28614584E-02
  0.640625000      0.359375000     -0.275084615     -0.103063457      -2.11173408E-02
  0.671875000      0.359375000     -0.279097199     -0.139721185      -1.82211660E-02
  0.703125000      0.359375000     -0.282344222     -0.176748410      -1.41510554E-02
  0.734375000      0.359375000     -0.282143652     -0.212663308      -8.93473998E-03
  0.765625000      0.359375000     -0.273930132     -0.243387565      -2.76971771E-03
  0.796875000      0.359375000     -0.251982540     -0.261189938       3.80588579E-03
  0.828125000      0.359375000     -0.211879373     -0.255364954       9.83011164E-03
  0.859375000      0.359375000     -0.154620290     -0.216593057       1.41789522E-02
  0.890625000      0.359375000      -9.05177146E-02 -0.145975918       1.62477065E-02
  0.921875000      0.359375000      -3.76898125E-02  -6.46048114E-02   1.64736882E-02
  0.953125000      0.359375000      -9.01660603E-03  -7.16729229E-03   1.59740839E-02
  0.984375000      0.359375000      -6.86835439E-04   1.06279235E-02   1.55756101E-02
   1.56250000E-02  0.390625000      -2.13193358E-03   3.08533236E-02   2.01128498E-02
   4.68750000E-02  0.390625000      -8.69685784E-03   6.42469227E-02   1.99373718E-02
   7.81250000E-02  0.390625000      -1.88869666E-02   8.19274336E-02   1.97416600E-02
  0.109375000      0.390625000      -3.15141045E-02   9.39157456E-02   1.94274858E-02
  0.140625000      0.390625000      -4.66046184E-02  0.106902979       1.88968815E-02
  0.171875000      0.390625000      -6.46981001E-02  0.124253117       1.80055350E-02
  0.203125000      0.390625000      -8.60999227E-02  0.146021336       1.65359564E-02
  0.234375000      0.390625000     -0.110315278      0.169400007       1.42138228E-02
  0.265625000      0.390625000     -0.135881603      0.189840823       1.07873790E-02
  0.296875000      0.390625000     -0.160655096      0.202602297       6.15567481E-03
  0.328125000      0.390625000     -0.182430357      0.204299301       4.77140944E-04
  0.359375000      0.390625000     -0.199637815      0.193947658      -5.82496682E-03
  0.390625000      0.390625000     -0.211805731      0.173037335      -1.21836858E-02
  0.421875000      0.390625000     -0.219565302      0.144601703      -1.80638433E-02
  0.453125000      0.390625000     -0.224218994      0.111856274      -2.30853315E-02
  0.484375000      0.390625000     -0.227139503       7.71907344E-02  -2.70451438E-02
  0.515625000      0.390625000     -0.229330748       4.19089869E-02  -2.98675578E-02
  0.546875000      0.390625000     -0.231325567       6.53037056E-03  -3.15406695E-02
  0.578125000      0.390625000     -0.233361691      -2.87942849E-02  -3.20825130E-02
  0.609375000      0.390625000     -0.235653564      -6.40469640E-02  -3.15243043E-02
  0.640625000      0.390625000     -0.238599390      -9.93739814E-02  -2.98789814E-02
  0.671875000      0.390625000     -0.242738217     -0.135245413      -2.71418206E-02
  0.703125000      0.390625000     -0.248299733     -0.172403455      -2.32708156E-02
  0.734375000      0.390625000     -0.254296899     -0.211201161      -1.81882046E-02
  0.765625000      0.390625000     -0.257386088     -0.249965355      -1.18542723E-02
  0.796875000      0.390625000     -0.251326859     -0.282612085      -4.47212206E-03
  0.828125000      0.390625000     -0.228332102     -0.297035694       3.21168359E-03
  0.859375000      0.390625000     -0.183284879     -0.277225375       9.80878342E-03
  0.890625000      0.390625000     -0.120205522     -0.212523907       1.38812996E-02
  0.921875000      0.390625000      -5.66584170E-02 -0.114431538       1.51162250E-02
  0.953125000      0.390625000      -1.55178169E-02  -2.71550454E-02   1.46846827E-02
  0.984375000      0.390625000      -1.58676167E-03   8.35385732E-03   1.41345505E-02
   1.56250000E-02  0.421875000      -1.92287914E-03   3.49050201E-02   1.89809222E-02
   4.68750000E-02  0.421875000      -8.03096872E-03   7.28614032E-02   1.87953673E-02
   7.81250000E-02  0.421875000      -1.77788809E-02   9.32440311E-02   1.85446758E-02
  0.109375000      0.421875000      -3.00352536E-02  0.107477039       1.81213953E-02
  0.140625000      0.421875000      -4.46896330E-02  0.123082995       1.74075663E-02
  0.171875000      0.421875000      -6.20287806E-02  0.143504947       1.62212588E-02
  0.203125000      0.421875000      -8.20375532E-02  0.168182865       1.42942099E-02
  0.234375000      0.421875000     -0.103925705      0.193348825       1.13112750E-02
  0.265625000      0.421875000     -0.126088023      0.213631749       7.02796411E-03
  0.296875000      0.421875000     -0.146499723      0.224011779       1.42642553E-03
  0.328125000      0.421875000     -0.163369596      0.221553698      -5.19041903E-03
  0.359375000      0.421875000     -0.175761342      0.206313848      -1.22544132E-02
  0.390625000      0.421875000     -0.183876604      0.180977315      -1.91219151E-02
  0.421875000      0.421875000     -0.188837469      0.149405688      -2.52739210E-02
  0.453125000      0.421875000     -0.192086682      0.114978425      -3.04075424E-02
  0.484375000      0.421875000     -0.194759369       7.96839818E-02  -3.44030634E-02
  0.515625000      0.421875000     -0.197366595       4.42349762E-02  -3.72377411E-02
  0.546875000      0.421875000     -0.199880064       8.73177499E-03  -3.89187038E-02
  0.578125000      0.421875000     -0.202058554      -2.67637130E-02  -3.94614786E-02
  0.609375000      0.421875000     -0.203794092      -6.20344207E-02  -3.88977006E-02
  0.640625000      0.421875000     -0.205365390      -9.68552977E-02  -3.72657925E-02
  0.671875000      0.421875000     -0.207551539     -0.131426483      -3.46088149E-02
  0.703125000      0.421875000     -0.211484939     -0.166716278      -3.09383217E-02
  0.734375000      0.421875000     -0.217971444     -0.204394862      -2.61891223E-02
  0.765625000      0.421875000     -0.226049021     -0.245596528      -2.02093609E-02
  0.796875000      0.421875000     -0.231213063     -0.287869215      -1.28816552E-02
  0.828125000      0.421875000     -0.224876851     -0.321104228      -4.48027719E-03
  0.859375000      0.421875000     -0.197194070     -0.325883090       3.85337789E-03
  0.890625000      0.421875000     -0.144268006     -0.279869288       1.01640951E-02
  0.921875000      0.421875000      -7.73921907E-02 -0.177507982       1.30057726E-02
  0.953125000      0.421875000      -2.42417827E-02  -5.83694316E-02   1.29939094E-02
  0.984375000      0.421875000      -2.68589216E-03   4.08102898E-03   1.22686680E-02
   1.56250000E-02  0.453125000      -1.58791919E-03   3.84130813E-02   1.77271329E-02
   4.68750000E-02  0.453125000      -6.90365769E-03   8.07712227E-02   1.75352767E-02
   7.81250000E-02  0.453125000      -1.57503150E-02  0.103922926       1.72252897E-02
  0.109375000      0.453125000      -2.70735472E-02  0.120373383       1.66835524E-02
  0.140625000      0.453125000      -4.05667461E-02  0.138332129       1.57751199E-02
  0.171875000      0.453125000      -5.62280118E-02  0.161257178       1.42855980E-02
  0.203125000      0.453125000      -7.37832785E-02  0.187999383       1.19070588E-02
  0.234375000      0.453125000      -9.23244730E-02  0.213970602       8.30362644E-03
  0.265625000      0.453125000     -0.110354371      0.233215451       3.26318271E-03
  0.296875000      0.453125000     -0.126208052      0.240710676      -3.13328533E-03
  0.328125000      0.453125000     -0.138648823      0.234185860      -1.04494262E-02
  0.359375000      0.453125000     -0.147348136      0.214795321      -1.80152580E-02
  0.390625000      0.453125000     -0.152980536      0.186267108      -2.51680277E-02
  0.421875000      0.453125000     -0.156844676      0.152964473      -3.14481743E-02
  0.453125000      0.453125000     -0.160212994      0.118059836      -3.66399288E-02
  0.484375000      0.453125000     -0.163800359       8.28837454E-02  -4.06859629E-02
  0.515625000      0.453125000     -0.167631775       4.74930853E-02  -4.35807742E-02
  0.546875000      0.453125000     -0.171277061       1.16496868E-02  -4.53148447E-02
  0.578125000      0.453125000     -0.174213529      -2.45513394E-02  -4.58751582E-02
  0.609375000      0.453125000     -0.176113158      -6.05980046E-02  -4.52728495E-02
  0.640625000      0.453125000     -0.177016035      -9.58055109E-02  -4.35625315E-02
  0.671875000      0.453125000     -0.177485645     -0.129809797      -4.08383757E-02
  0.703125000      0.453125000     -0.178751335     -0.163124368      -3.71968448E-02
  0.734375000      0.453125000     -0.182558283     -0.197684914      -3.26685682E-02
  0.765625000      0.453125000     -0.190156713     -0.236623138      -2.71415673E-02
  0.796875000      0.453125000     -0.200057685     -0.281771392      -2.03551687E-02
  0.828125000      0.453125000     -0.205576539     -0.328014374      -1.21377930E-02
  0.859375000      0.453125000     -0.195073754     -0.357154727      -3.02819698E-03
  0.890625000      0.453125000     -0.157886907     -0.338707924       5.12720877E-03
  0.921875000      0.453125000      -9.59977210E-02 -0.247432768       9.90323722E-03
  0.953125000      0.453125000      -3.42186913E-02 -0.103373304       1.07529545E-02
  0.984375000      0.453125000      -4.04229295E-03  -2.64710188E-03   9.82032157E-03
   1.56250000E-02  0.484375000      -1.14284398E-03   4.11414839E-02   1.63985211E-02
   4.68750000E-02  0.484375000      -5.35473833E-03   8.75653774E-02   1.62063763E-02
   7.81250000E-02  0.484375000      -1.28549356E-02  0.113470823       1.58394948E-02
  0.109375000      0.484375000      -2.27067750E-02  0.131997392       1.51818506E-02
  0.140625000      0.484375000      -3.43844518E-02  0.151878253       1.40870390E-02
  0.171875000      0.484375000      -4.76040244E-02  0.176594347       1.23176556E-02
  0.203125000      0.484375000      -6.19269945E-02  0.204546764       9.54083819E-03
  0.234375000      0.484375000      -7.65051395E-02  0.230553105       5.41769154E-03
  0.265625000      0.484375000      -9.01499242E-02  0.248322383      -2.19956739E-04
  0.296875000      0.484375000     -0.101695709      0.253021687      -7.19987787E-03
  0.328125000      0.484375000     -0.110465080      0.243106306      -1.49859264E-02
  0.359375000      0.484375000     -0.116577506      0.220709622      -2.28554141E-02
  0.390625000      0.484375000     -0.120893911      0.190325096      -3.01675946E-02
  0.421875000      0.484375000     -0.124582872      0.156482458      -3.65353748E-02
  0.453125000      0.484375000     -0.128552586      0.121901311      -4.18137833E-02
  0.484375000      0.484375000     -0.133100748       8.71972293E-02  -4.59767058E-02
  0.515625000      0.484375000     -0.137949958       5.18774167E-02  -4.90052253E-02
  0.546875000      0.484375000     -0.142538369       1.55139808E-02  -5.08509204E-02
  0.578125000      0.484375000     -0.146316946      -2.16877125E-02  -5.14608696E-02
  0.609375000      0.484375000     -0.148915708      -5.89521304E-02  -5.08183949E-02
  0.640625000      0.484375000     -0.150199562      -9.52551141E-02  -4.89821732E-02
  0.671875000      0.484375000     -0.150366664     -0.129715145      -4.60831895E-02
  0.703125000      0.484375000     -0.150200546     -0.162112087      -4.22955081E-02
  0.734375000      0.484375000     -0.151356041     -0.193728223      -3.77689712E-02
  0.765625000      0.484375000     -0.156147555     -0.228184059      -3.25226821E-02
  0.796875000      0.484375000     -0.165856823     -0.270595163      -2.63404250E-02
  0.828125000      0.484375000     -0.177294090     -0.322230220      -1.88221447E-02
  0.859375000      0.484375000     -0.180131912     -0.370600432      -9.88696795E-03
  0.890625000      0.484375000     -0.159841001     -0.382737398      -7.58889655E-04
  0.921875000      0.484375000     -0.109199472     -0.315932214       5.76867722E-03
  0.953125000      0.484375000      -4.46543731E-02 -0.161196887       7.73795228E-03
  0.984375000      0.484375000      -6.48224680E-03  -1.31714568E-02   6.64936658E-03
   1.56250000E-02  0.515625000      -6.19267812E-04   4.29015830E-02   1.50516033E-02
   4.68750000E-02  0.515625000      -3.47699248E-03   9.28706303E-02   1.48672983E-02
   7.81250000E-02  0.515625000      -9.24466178E-03  0.121429577       1.44537147E-02
  0.109375000      0.515625000      -1.71655808E-02  0.141809225       1.36960968E-02
  0.140625000      0.515625000      -2.65089758E-02  0.163087815       1.24437269E-02
  0.171875000      0.515625000      -3.67393680E-02  0.188838363       1.04480106E-02
  0.203125000      0.515625000      -4.73422296E-02  0.217236072       7.36600626E-03
  0.234375000      0.515625000      -5.76635376E-02  0.242774904       2.86698714E-03
  0.265625000      0.515625000      -6.69473857E-02  0.259044886      -3.17677413E-03
  0.296875000      0.515625000      -7.45719299E-02  0.261488616      -1.05274357E-02
  0.328125000      0.515625000      -8.03360939E-02  0.249194473      -1.85912102E-02
  0.359375000      0.515625000      -8.45991969E-02  0.225019753      -2.66323239E-02
  0.390625000      0.515625000      -8.81435424E-02  0.193898454      -3.40482593E-02
  0.421875000      0.515625000      -9.18018222E-02  0.160277992      -4.05122004E-02
  0.453125000      0.515625000      -9.60733220E-02  0.126366764      -4.59216200E-02
  0.484375000      0.515625000     -0.100969456       9.21934918E-02  -5.02543934E-02
  0.515625000      0.515625000     -0.106137656       5.69134578E-02  -5.34620062E-02
  0.546875000      0.515625000     -0.111106515       2.00476646E-02  -5.54518998E-02
  0.578125000      0.515625000     -0.115467422      -1.80716440E-02  -5.61324880E-02
  0.609375000      0.515625000     -0.118930608      -5.64978309E-02  -5.54637313E-02
  0.640625000      0.515625000     -0.121300772      -9.40484852E-02  -5.35003543E-02
  0.671875000      0.515625000     -0.122498810     -0.129550815      -5.03921658E-02
  0.703125000      0.515625000     -0.122766145     -0.162170202      -4.63650674E-02
  0.734375000      0.515625000     -0.123097867     -0.192178458      -4.16688360E-02
  0.765625000      0.515625000     -0.125663310     -0.222372890      -3.64730880E-02
  0.796875000      0.515625000     -0.133224696     -0.259132117      -3.07153687E-02
  0.828125000      0.515625000     -0.146095157     -0.309382439      -2.39985567E-02
  0.859375000      0.515625000     -0.157395571     -0.369307399      -1.58451181E-02
  0.890625000      0.515625000     -0.152047515     -0.409667403      -6.69675320E-03
  0.921875000      0.515625000     -0.115848742     -0.375841081       9.60150035E-04
  0.953125000      0.515625000      -5.49268760E-02 -0.226754010       4.04853560E-03
  0.984375000      0.515625000      -1.05296187E-02  -3.01831309E-02   3.02186375E-03
   1.56250000E-02  0.546875000      -6.12545264E-05   4.35803831E-02   1.37457363E-02
   4.68750000E-02  0.546875000      -1.40813738E-03   9.63928401E-02   1.35787521E-02
   7.81250000E-02  0.546875000      -5.15609467E-03  0.127419904       1.31361634E-02
  0.109375000      0.546875000      -1.08042071E-02  0.149386555       1.23073701E-02
  0.140625000      0.546875000      -1.74636208E-02  0.171514422       1.09445173E-02
  0.171875000      0.546875000      -2.43846383E-02  0.197567523       8.79992079E-03
  0.203125000      0.546875000      -3.10319308E-02  0.225765228       5.53342188E-03
  0.234375000      0.546875000      -3.70149836E-02  0.250562310       8.26418865E-04
  0.265625000      0.546875000      -4.20584753E-02  0.265600860      -5.42317517E-03
  0.296875000      0.546875000      -4.60671037E-02  0.266584992      -1.29467733E-02
  0.328125000      0.546875000      -4.92116548E-02  0.253028035      -2.11337153E-02
  0.359375000      0.546875000      -5.19202426E-02  0.228179947      -2.92592999E-02
  0.390625000      0.546875000      -5.47270253E-02  0.197111011      -3.67548987E-02
  0.421875000      0.546875000      -5.80484271E-02  0.164065301      -4.33276892E-02
  0.453125000      0.546875000      -6.20294362E-02  0.130849957      -4.88884933E-02
  0.484375000      0.546875000      -6.65498152E-02   9.71421748E-02  -5.34017906E-02
  0.515625000      0.546875000      -7.13496506E-02   6.19454235E-02  -5.67873269E-02
  0.546875000      0.546875000      -7.61626065E-02   2.48075351E-02  -5.89160323E-02
  0.578125000      0.546875000      -8.07776302E-02  -1.38478540E-02  -5.96665628E-02
  0.609375000      0.546875000      -8.50221440E-02  -5.30080982E-02  -5.89844063E-02
  0.640625000      0.546875000      -8.87145698E-02  -9.14712548E-02  -5.69176376E-02
  0.671875000      0.546875000      -9.16489661E-02 -0.127992272      -5.36217019E-02
  0.703125000      0.546875000      -9.37022120E-02 -0.161405504      -4.93480414E-02
  0.734375000      0.546875000      -9.51852277E-02 -0.191126108      -4.44105081E-02
  0.765625000      0.546875000      -9.74770188E-02 -0.218565941      -3.91027555E-02
  0.796875000      0.546875000     -0.103411272     -0.249441534      -3.35418731E-02
  0.828125000      0.546875000     -0.115614071     -0.293998033      -2.74783336E-02
  0.859375000      0.546875000     -0.131326050     -0.357677907      -2.03075875E-02
  0.890625000      0.546875000     -0.137661800     -0.420308053      -1.18219033E-02
  0.921875000      0.546875000     -0.116446286     -0.422613889      -3.75963142E-03
  0.953125000      0.546875000      -6.38267174E-02 -0.293522120       3.33595584E-04
  0.984375000      0.546875000      -1.54630383E-02  -5.61757311E-02  -3.18644044E-04
   1.56250000E-02  0.578125000       4.78086877E-04   4.31620404E-02   1.25354845E-02
   4.68750000E-02  0.578125000       6.83337217E-04   9.79496986E-02   1.23963058E-02
   7.81250000E-02  0.578125000      -8.85148067E-04  0.131176919       1.19478852E-02
  0.109375000      0.578125000      -4.05998155E-03  0.154451579       1.10872835E-02
  0.140625000      0.578125000      -7.86123145E-03  0.176911578       9.67472140E-03
  0.171875000      0.578125000      -1.13632362E-02  0.202598065       7.47409835E-03
  0.203125000      0.578125000      -1.40221864E-02  0.230049253       4.15808987E-03
  0.234375000      0.578125000      -1.57111548E-02  0.253962457      -5.80539810E-04
  0.265625000      0.578125000      -1.66204832E-02  0.268169284      -6.83865696E-03
  0.296875000      0.578125000      -1.71381198E-02  0.268561423      -1.43536478E-02
  0.328125000      0.578125000      -1.77325122E-02  0.254810929      -2.25329623E-02
  0.359375000      0.578125000      -1.88182555E-02  0.230212361      -3.06756049E-02
  0.390625000      0.578125000      -2.06315909E-02  0.199719027      -3.82306240E-02
  0.421875000      0.578125000      -2.31882185E-02  0.167353943      -4.49087657E-02
  0.453125000      0.578125000      -2.63562072E-02  0.134726524      -5.06092682E-02
  0.484375000      0.578125000      -2.99815033E-02  0.101424687      -5.52749187E-02
  0.515625000      0.578125000      -3.39689963E-02   6.64607584E-02  -5.88002205E-02
  0.546875000      0.578125000      -3.82836722E-02   2.94276383E-02  -6.10333011E-02
  0.578125000      0.578125000      -4.29033004E-02  -9.22787469E-03  -6.18356429E-02
  0.609375000      0.578125000      -4.77624834E-02  -4.85208780E-02  -6.11441918E-02
  0.640625000      0.578125000      -5.27170151E-02  -8.73094499E-02  -5.90011887E-02
  0.671875000      0.578125000      -5.75341433E-02 -0.124401458      -5.55606969E-02
  0.703125000      0.578125000      -6.19402155E-02 -0.158536464      -5.10824360E-02
  0.734375000      0.578125000      -6.58221096E-02 -0.188629955      -4.59128544E-02
  0.765625000      0.578125000      -6.97423667E-02 -0.214849859      -4.04273905E-02
  0.796875000      0.578125000      -7.57480934E-02 -0.241217464      -3.48954350E-02
  0.828125000      0.578125000      -8.72099549E-02 -0.278557241      -2.92621292E-02
  0.859375000      0.578125000     -0.104825929     -0.339790583      -2.29915641E-02
  0.890625000      0.578125000     -0.119527549     -0.417157948      -1.54775064E-02
  0.921875000      0.578125000     -0.112094440     -0.454412699      -7.57588912E-03
  0.953125000      0.578125000      -7.01722428E-02 -0.356265366      -2.63376720E-03
  0.984375000      0.578125000      -2.01649144E-02  -9.18038934E-02  -2.64392816E-03
   1.56250000E-02  0.609375000       9.46750049E-04   4.17358205E-02   1.14640323E-02
   4.68750000E-02  0.609375000       2.61220126E-03   9.75023806E-02   1.13619249E-02
   7.81250000E-02  0.609375000       3.23755154E-03  0.132565081       1.09365378E-02
  0.109375000      0.609375000       2.59547401E-03  0.156879634       1.00898156E-02
  0.140625000      0.609375000       1.65889657E-03  0.179222941       8.69628601E-03
  0.171875000      0.609375000       1.49960292E-03  0.203952521       6.53900113E-03
  0.203125000      0.609375000       2.69448757E-03  0.230166823       3.31083965E-03
  0.234375000      0.609375000       5.16811060E-03  0.253071815      -1.28622493E-03
  0.265625000      0.609375000       8.33334681E-03  0.266818941      -7.36383069E-03
  0.296875000      0.609375000       1.13712642E-02  0.267409086      -1.46992877E-02
  0.328125000      0.609375000       1.35343634E-02  0.254413843      -2.27483064E-02
  0.359375000      0.609375000       1.43977068E-02  0.230851531      -3.08410525E-02
  0.390625000      0.609375000       1.39635261E-02  0.201346248      -3.84262279E-02
  0.421875000      0.609375000       1.25471596E-02  0.169716805      -4.51893955E-02
  0.453125000      0.609375000       1.05085447E-02  0.137584835      -5.09978086E-02
  0.484375000      0.609375000       8.02284479E-03  0.104689039      -5.57686239E-02
  0.515625000      0.609375000       5.03649982E-03   7.01789632E-02  -5.93804568E-02
  0.546875000      0.609375000       1.38063054E-03   3.36859301E-02  -6.16724603E-02
  0.578125000      0.609375000      -3.08607705E-03  -4.39631194E-03  -6.25000745E-02
  0.609375000      0.609375000      -8.39074329E-03  -4.31870297E-02  -6.17955104E-02
  0.640625000      0.609375000      -1.44306812E-02  -8.16486925E-02  -5.95957227E-02
  0.671875000      0.609375000      -2.09923908E-02 -0.118684173      -5.60501106E-02
  0.703125000      0.609375000      -2.77849548E-02 -0.153056428      -5.14190383E-02
  0.734375000      0.609375000      -3.45334858E-02 -0.183481067      -4.60633785E-02
  0.765625000      0.609375000      -4.12727110E-02 -0.209340751      -4.04047817E-02
  0.796875000      0.609375000      -4.90827523E-02 -0.232912213      -3.48183773E-02
  0.828125000      0.609375000      -6.08647689E-02 -0.263619959      -2.94251088E-02
  0.859375000      0.609375000      -7.93526620E-02 -0.318625301      -2.38521956E-02
  0.890625000      0.609375000      -9.96828005E-02 -0.403292775      -1.73344389E-02
  0.921875000      0.609375000     -0.103993945     -0.471401215      -9.94442403E-03
  0.953125000      0.609375000      -7.35128224E-02 -0.411681652      -4.37061023E-03
  0.984375000      0.609375000      -2.39698589E-02 -0.135939240      -3.59734381E-03
   1.56250000E-02  0.640625000       1.30345067E-03   3.94842774E-02   1.05599165E-02
   4.68750000E-02  0.640625000       4.21010796E-03   9.51790363E-02   1.05004907E-02
   7.81250000E-02  0.640625000       6.87109213E-03  0.131599784       1.01269521E-02
  0.109375000      0.640625000       8.66881013E-03  0.156688422       9.34705324E-03
  0.140625000      0.640625000       1.04685314E-02  0.178552270       8.04634206E-03
  0.171875000      0.640625000       1.34315258E-02  0.201823503       6.03150809E-03
  0.203125000      0.640625000       1.82098318E-02  0.226329863       3.02044395E-03
  0.234375000      0.640625000       2.46306602E-02  0.248024911      -1.27811660E-03
  0.265625000      0.640625000       3.18174176E-02  0.261527568      -7.00447848E-03
  0.296875000      0.640625000       3.85820046E-02  0.262914211      -1.39987515E-02
  0.328125000      0.640625000       4.38871644E-02  0.251458228      -2.17877477E-02
  0.359375000      0.640625000       4.72087190E-02  0.229640394      -2.97443680E-02
  0.390625000      0.640625000       4.86481562E-02  0.201569557      -3.73110622E-02
  0.421875000      0.640625000       4.87270951E-02  0.170846581      -4.41292003E-02
  0.453125000      0.640625000       4.79883663E-02  0.139245570      -5.00144325E-02
  0.484375000      0.640625000       4.66753207E-02  0.106837347      -5.48497587E-02
  0.515625000      0.640625000       4.46779281E-02   7.30217323E-02  -5.85021935E-02
  0.546875000      0.640625000       4.17019278E-02   3.74795683E-02  -6.08125031E-02
  0.578125000      0.640625000       3.74798030E-02   5.00974827E-04  -6.16393983E-02
  0.609375000      0.640625000       3.18907872E-02  -3.71905118E-02  -6.09133430E-02
  0.640625000      0.640625000       2.49754805E-02  -7.46912807E-02  -5.86660728E-02
  0.671875000      0.640625000       1.68954600E-02 -0.111002088      -5.50418273E-02
  0.703125000      0.640625000       7.89593440E-03 -0.144949168      -5.02990782E-02
  0.734375000      0.640625000      -1.73333241E-03 -0.175213456      -4.48060334E-02
  0.765625000      0.640625000      -1.17872935E-02 -0.200818092      -3.90095189E-02
  0.796875000      0.640625000      -2.26026848E-02 -0.222812295      -3.33493017E-02
  0.828125000      0.640625000      -3.60541046E-02 -0.248489201      -2.80743986E-02
  0.859375000      0.640625000      -5.54195493E-02 -0.295905411      -2.29902230E-02
  0.890625000      0.640625000      -7.94382244E-02 -0.381666601      -1.73437335E-02
  0.921875000      0.640625000      -9.32726562E-02 -0.474884629      -1.06373206E-02
  0.953125000      0.640625000      -7.40424097E-02 -0.457912475      -4.69791796E-03
  0.984375000      0.640625000      -2.66930703E-02 -0.186603248      -3.13238753E-03
   1.56250000E-02  0.671875000       1.51710853E-03   3.66623141E-02   9.83474217E-03
   4.68750000E-02  0.671875000       5.33243036E-03   9.12760794E-02   9.81986336E-03
   7.81250000E-02  0.671875000       9.70103033E-03  0.128470570       9.52547044E-03
  0.109375000      0.671875000       1.36896428E-02  0.154029995       8.86542816E-03
  0.140625000      0.671875000       1.79762039E-02  0.175124973       7.73236249E-03
  0.171875000      0.671875000       2.37356350E-02  0.196531415       5.95344929E-03
  0.203125000      0.671875000       3.17161009E-02  0.218869150       3.27254133E-03
  0.234375000      0.671875000       4.17622998E-02  0.239027679      -5.93405392E-04
  0.265625000      0.671875000       5.28494865E-02  0.252262890      -5.81768900E-03
  0.296875000      0.671875000       6.35114312E-02  0.254766822      -1.23172160E-02
  0.328125000      0.671875000       7.24136531E-02  0.245414272      -1.97096244E-02
  0.359375000      0.671875000       7.88189918E-02  0.225973964      -2.74262168E-02
  0.390625000      0.671875000       8.27480257E-02  0.199883401      -3.49070281E-02
  0.421875000      0.671875000       8.47631991E-02  0.170452952      -4.17407230E-02
  0.453125000      0.671875000       8.55193064E-02  0.139633819      -4.76774350E-02
  0.484375000      0.671875000       8.53741765E-02  0.107916534      -5.25547788E-02
  0.515625000      0.671875000       8.42772573E-02   7.50432387E-02  -5.62242791E-02
  0.546875000      0.671875000       8.19202214E-02   4.07947078E-02  -5.85307740E-02
  0.578125000      0.671875000       7.79689997E-02   5.36037888E-03  -5.93408495E-02
  0.609375000      0.671875000       7.22139254E-02  -3.07066143E-02  -5.85865118E-02
  0.640625000      0.671875000       6.46035150E-02  -6.66517094E-02  -5.62951304E-02
  0.671875000      0.671875000       5.52122742E-02 -0.101573601      -5.26062325E-02
  0.703125000      0.671875000       4.42067198E-02 -0.134376332      -4.77783009E-02
  0.734375000      0.671875000       3.18333320E-02 -0.163787663      -4.21868898E-02
  0.765625000      0.671875000       1.83759555E-02 -0.188736647      -3.62956375E-02
  0.796875000      0.671875000       3.94688267E-03 -0.209653363      -3.05739790E-02
  0.828125000      0.671875000      -1.22875953E-02 -0.231966347      -2.53529418E-02
  0.859375000      0.671875000      -3.30613665E-02 -0.272293210      -2.05904152E-02
  0.890625000      0.671875000      -5.95640466E-02 -0.354761690      -1.56339351E-02
  0.921875000      0.671875000      -8.08734745E-02 -0.466650009      -9.64321941E-03
  0.953125000      0.671875000      -7.22595602E-02 -0.493995667      -3.58593068E-03
  0.984375000      0.671875000      -2.84174345E-02 -0.241715387      -1.30724232E-03
   1.56250000E-02  0.703125000       1.56768842E-03   3.35759744E-02   9.28362273E-03
   4.68750000E-02  0.703125000       5.86424582E-03   8.62472504E-02   9.31090023E-03
   7.81250000E-02  0.703125000       1.14503186E-02  0.123541646       9.11985617E-03
  0.109375000      0.703125000       1.72285289E-02  0.149190098       8.63151252E-03
  0.140625000      0.703125000       2.36491561E-02  0.169257298       7.73790013E-03
  0.171875000      0.703125000       3.18087526E-02  0.188481823       6.27836166E-03
  0.203125000      0.703125000       4.25288081E-02  0.208222568       4.01994539E-03
  0.234375000      0.703125000       5.57601117E-02  0.226403967       6.90899207E-04
  0.265625000      0.703125000       7.04838783E-02  0.239085644      -3.91122233E-03
  0.296875000      0.703125000       8.50851014E-02  0.242693245      -9.78224911E-03
  0.328125000      0.703125000       9.79650468E-02  0.235719651      -1.66422054E-02
  0.359375000      0.703125000      0.108088210      0.219154745      -2.39986163E-02
  0.390625000      0.703125000      0.115222715      0.195653409      -3.13043222E-02
  0.421875000      0.703125000      0.119787112      0.168116421      -3.81004512E-02
  0.453125000      0.703125000      0.122429296      0.138583079      -4.40654457E-02
  0.484375000      0.703125000      0.123609930      0.107940294      -4.89794761E-02
  0.515625000      0.703125000      0.123415187       7.63169527E-02  -5.26674539E-02
  0.546875000      0.703125000      0.121629104       4.36672717E-02  -5.49722239E-02
  0.578125000      0.703125000      0.117929652       1.01392753E-02  -5.57670817E-02
  0.609375000      0.703125000      0.112050310      -2.38522738E-02  -5.49876839E-02
  0.640625000      0.703125000      0.103840262      -5.76882511E-02  -5.26591688E-02
  0.671875000      0.703125000       9.32598561E-02  -9.05691087E-02  -4.89193015E-02
  0.703125000      0.703125000       8.03735331E-02 -0.121493317      -4.40283865E-02
  0.734375000      0.703125000       6.53696358E-02 -0.149298131      -3.83691788E-02
  0.765625000      0.703125000       4.85814735E-02 -0.172985613      -3.24182771E-02
  0.796875000      0.703125000       3.03795524E-02 -0.192778572      -2.66665164E-02
  0.828125000      0.703125000       1.06946249E-02 -0.212927118      -2.14735195E-02
  0.859375000      0.703125000      -1.21243959E-02 -0.247745275      -1.68933738E-02
  0.890625000      0.703125000      -4.04332578E-02 -0.324503958      -1.24305002E-02
  0.921875000      0.703125000      -6.74543232E-02 -0.448583305      -7.06807198E-03
  0.953125000      0.703125000      -6.86721206E-02 -0.519464731      -1.03394641E-03
  0.984375000      0.703125000      -2.93154698E-02 -0.299450576       1.86587404E-03
   1.56250000E-02  0.734375000       1.44024263E-03   3.05662937E-02   8.88733193E-03
   4.68750000E-02  0.734375000       5.71012497E-03   8.06866884E-02   8.95060785E-03
   7.81250000E-02  0.734375000       1.18753975E-02  0.117347077       8.88432190E-03
  0.109375000      0.734375000       1.88994389E-02  0.142579481       8.61789100E-03
  0.140625000      0.734375000       2.70175245E-02  0.161327571       8.03144369E-03
  0.171875000      0.734375000       3.71501967E-02  0.178119466       6.96246233E-03
  0.203125000      0.734375000       5.01149558E-02  0.194902569       5.19376341E-03
  0.234375000      0.734375000       6.59955963E-02  0.210617065       2.46776314E-03
  0.265625000      0.734375000       8.39085877E-02  0.222243428      -1.43625529E-03
  0.296875000      0.734375000      0.102246538      0.226606220      -6.58247015E-03
  0.328125000      0.734375000      0.119242132      0.221942842      -1.27930027E-02
  0.359375000      0.734375000      0.133549958      0.208513200      -1.96657497E-02
  0.390625000      0.734375000      0.144574091      0.188148960      -2.66887844E-02
  0.421875000      0.734375000      0.152424440      0.163217902      -3.33742276E-02
  0.453125000      0.734375000      0.157587692      0.135686308      -3.93343121E-02
  0.484375000      0.734375000      0.160536379      0.106715724      -4.42841575E-02
  0.515625000      0.734375000      0.161484882       7.67933130E-02  -4.80083525E-02
  0.546875000      0.734375000      0.160362482       4.61024940E-02  -5.03353924E-02
  0.578125000      0.734375000      0.156929523       1.48372864E-02  -5.11384159E-02
  0.609375000      0.734375000      0.150916606      -1.66591518E-02  -5.03558107E-02
  0.640625000      0.734375000      0.142104089      -4.78614457E-02  -4.80135083E-02
  0.671875000      0.734375000      0.130352974      -7.80681819E-02  -4.42499556E-02
  0.703125000      0.734375000      0.115636259     -0.106395833      -3.93286496E-02
  0.734375000      0.734375000       9.80911702E-02 -0.131851852      -3.36374454E-02
  0.765625000      0.734375000       7.80866221E-02 -0.153644890      -2.76588723E-02
  0.796875000      0.734375000       5.62170520E-02 -0.172053933      -2.18912289E-02
  0.828125000      0.734375000       3.29516679E-02 -0.190708041      -1.67119112E-02
  0.859375000      0.734375000       7.66274286E-03 -0.221863478      -1.22021297E-02
  0.890625000      0.734375000      -2.20825113E-02 -0.292339146      -8.00580159E-03
  0.921875000      0.734375000      -5.32944277E-02 -0.422523022      -3.06860358E-03
  0.953125000      0.734375000      -6.35635033E-02 -0.534046292       2.98767327E-03
  0.984375000      0.734375000      -2.95136254E-02 -0.358282685       6.49572769E-03
   1.56250000E-02  0.765625000       1.11030380E-03   2.80137323E-02   8.61480646E-03
   4.68750000E-02  0.765625000       4.76031890E-03   7.53149018E-02   8.70576221E-03
   7.81250000E-02  0.765625000       1.07352706E-02  0.110573992       8.78587645E-03
  0.109375000      0.765625000       1.83438491E-02  0.134715915       8.79157521E-03
  0.140625000      0.765625000       2.76685581E-02  0.151745319       8.57536308E-03
  0.171875000      0.765625000       3.93615216E-02  0.165874511       7.95392226E-03
  0.203125000      0.765625000       5.41104376E-02  0.179434150       6.71419362E-03
  0.234375000      0.765625000       7.20778555E-02  0.192239970       4.61391173E-03
  0.265625000      0.765625000       9.25783515E-02  0.202212006       1.42859283E-03
  0.296875000      0.765625000      0.114158079      0.206727222      -2.95342621E-03
  0.328125000      0.765625000      0.135028988      0.203964502      -8.44250433E-03
  0.359375000      0.765625000      0.153616250      0.193606853      -1.47306416E-02
  0.390625000      0.765625000      0.168945760      0.176712513      -2.13625170E-02
  0.421875000      0.765625000      0.180721670      0.155038536      -2.78480370E-02
  0.453125000      0.765625000      0.189125925      0.130307466      -3.37513201E-02
  0.484375000      0.765625000      0.194501638      0.103777736      -3.87251377E-02
  0.515625000      0.765625000      0.197096273       7.61936083E-02  -4.25043255E-02
  0.546875000      0.765625000      0.196955144       4.79689576E-02  -4.48897555E-02
  0.578125000      0.765625000      0.193947673       1.94123797E-02  -4.57443371E-02
  0.609375000      0.765625000      0.187851787      -9.12622921E-03  -4.50038761E-02
  0.640625000      0.765625000      0.178436503      -3.71689349E-02  -4.26971093E-02
  0.671875000      0.765625000      0.165522292      -6.40990287E-02  -3.89626622E-02
  0.703125000      0.765625000      0.149040341      -8.91710073E-02  -3.40650491E-02
  0.734375000      0.765625000      0.129116952     -0.111613706      -2.83905789E-02
  0.765625000      0.765625000      0.106175296     -0.130943134      -2.24157795E-02
  0.796875000      0.765625000       8.09883624E-02 -0.147706255      -1.66297294E-02
  0.828125000      0.765625000       5.44617027E-02 -0.165271506      -1.14066582E-02
  0.859375000      0.765625000       2.67236270E-02 -0.194281623      -6.84759580E-03
  0.890625000      0.765625000      -4.13483847E-03 -0.259326577      -2.62599671E-03
  0.921875000      0.765625000      -3.81915569E-02 -0.390276849       2.21383316E-03
  0.953125000      0.765625000      -5.67998737E-02 -0.537425399       8.58434103E-03
  0.984375000      0.765625000      -2.89811250E-02 -0.416781187       1.28757032E-02
   1.56250000E-02  0.796875000       5.16712491E-04   2.63844021E-02   8.42354447E-03
   4.68750000E-02  0.796875000       2.82262266E-03   7.09831342E-02   8.53449386E-03
   7.81250000E-02  0.796875000       7.72036705E-03  0.104027465       8.78972188E-03
  0.109375000      0.796875000       1.51880560E-02  0.126180947       9.12217237E-03
  0.140625000      0.796875000       2.52312161E-02  0.140907854       9.33437422E-03
  0.171875000      0.796875000       3.81419845E-02  0.152104735       9.20076296E-03
  0.203125000      0.796875000       5.43223694E-02  0.162272662       8.49929079E-03
  0.234375000      0.796875000       7.38882720E-02  0.171868116       7.00261211E-03
  0.265625000      0.796875000       9.63266641E-02  0.179647148       4.49694879E-03
  0.296875000      0.796875000      0.120425515      0.183617935       8.48746276E-04
  0.328125000      0.796875000      0.144531503      0.182103336      -3.91562050E-03
  0.359375000      0.796875000      0.166991070      0.174429178      -9.57248360E-03
  0.390625000      0.796875000      0.186541766      0.161018834      -1.57348141E-02
  0.421875000      0.796875000      0.202485859      0.143021137      -2.19365545E-02
  0.453125000      0.796875000      0.214622647      0.121792123      -2.77199447E-02
  0.484375000      0.796875000      0.223036811       9.85102952E-02  -3.26899625E-02
  0.515625000      0.796875000      0.227875903       7.40327090E-02  -3.65322940E-02
  0.546875000      0.796875000      0.229207903       4.89424318E-02  -3.90123054E-02
  0.578125000      0.796875000      0.226978958       2.36768350E-02  -3.99732552E-02
  0.609375000      0.796875000      0.221038073      -1.35425245E-03  -3.93420793E-02
  0.640625000      0.796875000      0.211200580      -2.56901197E-02  -3.71451378E-02
  0.671875000      0.796875000      0.197318792      -4.87852544E-02  -3.35189924E-02
  0.703125000      0.796875000      0.179357916      -7.00466111E-02  -2.87213735E-02
  0.734375000      0.796875000      0.157500148      -8.89627039E-02  -2.31238231E-02
  0.765625000      0.796875000      0.132260799     -0.105420023      -1.71775110E-02
  0.796875000      0.796875000      0.104558691     -0.120348319      -1.13389520E-02
  0.828125000      0.796875000       7.55684674E-02 -0.137121662      -5.95470704E-03
  0.859375000      0.796875000       4.59569693E-02 -0.165092111      -1.11754984E-03
  0.890625000      0.796875000       1.44228507E-02 -0.226134717       3.49206547E-03
  0.921875000      0.796875000      -2.12997179E-02 -0.353701413       8.76276102E-03
  0.953125000      0.796875000      -4.76327464E-02 -0.529072046       1.60457157E-02
  0.984375000      0.796875000      -2.74150614E-02 -0.473182023       2.16293298E-02
   1.56250000E-02  0.828125000      -4.86957782E-04   2.63520163E-02   8.25342070E-03
   4.68750000E-02  0.828125000      -4.96755412E-04   6.87134713E-02   8.38276185E-03
   7.81250000E-02  0.828125000       2.32945243E-03   9.85665843E-02   8.86148401E-03
  0.109375000      0.828125000       8.96928832E-03  0.117527828       9.58709233E-03
  0.140625000      0.828125000       1.93540733E-02  0.129126906       1.02802459E-02
  0.171875000      0.828125000       3.32892090E-02  0.137034371       1.06539885E-02
  0.203125000      0.828125000       5.07250503E-02  0.143722534       1.04684206E-02
  0.234375000      0.828125000       7.15743303E-02  0.150000423       9.51162726E-03
  0.265625000      0.828125000       9.54002067E-02  0.155249923       7.59255746E-03
  0.296875000      0.828125000      0.121238306      0.158079714       4.57976991E-03
  0.328125000      0.828125000      0.147677958      0.157099545       4.65443736E-04
  0.359375000      0.828125000      0.173151970      0.151504859      -4.59026732E-03
  0.390625000      0.828125000      0.196269482      0.141281664      -1.02665862E-02
  0.421875000      0.828125000      0.216033936      0.127057076      -1.61385611E-02
  0.453125000      0.828125000      0.231882274      0.109778263      -2.17523631E-02
  0.484375000      0.828125000      0.243583381       9.04153660E-02  -2.66871490E-02
  0.515625000      0.828125000      0.251082331       6.97948039E-02  -3.05908136E-02
  0.546875000      0.828125000      0.254367530       4.85667363E-02  -3.31943408E-02
  0.578125000      0.828125000      0.253397644       2.72532515E-02  -3.43169197E-02
  0.609375000      0.828125000      0.248087227       6.32069213E-03  -3.38711366E-02
  0.640625000      0.828125000      0.238333225      -1.37751587E-02  -3.18717286E-02
  0.671875000      0.828125000      0.224082038      -3.25704105E-02  -2.84467153E-02
  0.703125000      0.828125000      0.205418110      -4.96412925E-02  -2.38346141E-02
  0.734375000      0.828125000      0.182655320      -6.47535101E-02  -1.83726288E-02
  0.765625000      0.828125000      0.156429216      -7.81712681E-02  -1.24595594E-02
  0.796875000      0.828125000      0.127735317      -9.12100226E-02  -6.48764335E-03
  0.828125000      0.828125000       9.77986306E-02 -0.107343480      -7.40588177E-04
  0.859375000      0.828125000       6.74573556E-02 -0.134929374       4.73884912E-03
  0.890625000      0.828125000       3.57495695E-02 -0.193068668       1.03167370E-02
  0.921875000      0.828125000      -7.00192526E-04 -0.314609319       1.69196315E-02
  0.953125000      0.828125000      -3.44059616E-02 -0.508140326       2.60988884E-02
  0.984375000      0.828125000      -2.40739770E-02 -0.524676561       3.40503566E-02
   1.56250000E-02  0.859375000      -2.22319993E-03   2.90592276E-02   8.00370146E-03
   4.68750000E-02  0.859375000      -5.99596370E-03   6.97821230E-02   8.16656463E-03
   7.81250000E-02  0.859375000      -6.30915817E-03   9.49773490E-02   8.96224752E-03
  0.109375000      0.859375000      -9.49113164E-04  0.109109521       1.01692285E-02
  0.140625000      0.859375000       9.69921518E-03  0.116504483       1.13881389E-02
  0.171875000      0.859375000       2.47278251E-02  0.120685779       1.22625669E-02
  0.203125000      0.859375000       4.34768423E-02  0.123879813       1.25380568E-02
  0.234375000      0.859375000       6.55278936E-02  0.126937658       1.20233912E-02
  0.265625000      0.859375000       9.04120505E-02  0.129599273       1.05591221E-02
  0.296875000      0.859375000      0.117355824      0.130947202       8.03336687E-03
  0.328125000      0.859375000      0.145221889      0.129927248       4.42945585E-03
  0.359375000      0.859375000      0.172647536      0.125780463      -1.31096705E-04
  0.390625000      0.859375000      0.198280603      0.118260026      -5.38050896E-03
  0.421875000      0.859375000      0.220987260      0.107613228      -1.09388828E-02
  0.453125000      0.859375000      0.239952862       9.44141746E-02  -1.63736530E-02
  0.484375000      0.859375000      0.254671007       7.93659091E-02  -2.12597512E-02
  0.515625000      0.859375000      0.264864713       6.31564856E-02  -2.52242777E-02
  0.546875000      0.859375000      0.270394027       4.63941321E-02  -2.79726535E-02
  0.578125000      0.859375000      0.271188617       2.96032615E-02  -2.93019246E-02
  0.609375000      0.859375000      0.267219841       1.32502383E-02  -2.91078649E-02
  0.640625000      0.859375000      0.258508861      -2.24105222E-03  -2.73890607E-02
  0.671875000      0.859375000      0.245150775      -1.64982639E-02  -2.42451318E-02
  0.703125000      0.859375000      0.227400452      -2.93038934E-02  -1.98861249E-02
  0.734375000      0.859375000      0.205740198      -4.06742580E-02  -1.45928506E-02
  0.765625000      0.859375000      0.180882096      -5.11744544E-02  -8.68123397E-03
  0.796875000      0.859375000      0.153735086      -6.23758584E-02  -2.43881694E-03
  0.828125000      0.859375000      0.125253260      -7.77708888E-02   3.97203770E-03
  0.859375000      0.859375000       9.59511846E-02 -0.104872108       1.06509216E-02
  0.890625000      0.859375000       6.46826029E-02 -0.160164624       1.81601197E-02
  0.921875000      0.859375000       2.76078507E-02 -0.274005145       2.76909005E-02
  0.953125000      0.859375000      -1.40028894E-02 -0.473445117       4.03953679E-02
  0.984375000      0.859375000      -1.74824074E-02 -0.566239178       5.27694970E-02
   1.56250000E-02  0.890625000      -5.38138114E-03   3.66605744E-02   7.45744351E-03
   4.68750000E-02  0.890625000      -1.52415857E-02   7.58063570E-02   7.72388652E-03
   7.81250000E-02  0.890625000      -1.96859501E-02   9.37022120E-02   9.02525987E-03
  0.109375000      0.890625000      -1.54586751E-02  0.100788563       1.08443387E-02
  0.140625000      0.890625000      -4.05169558E-03  0.102761149       1.26208747E-02
  0.171875000      0.890625000       1.25237107E-02  0.102816187       1.39574669E-02
  0.203125000      0.890625000       3.29012051E-02  0.102614492       1.46092689E-02
  0.234375000      0.890625000       5.63067347E-02  0.102739014       1.44172786E-02
  0.265625000      0.890625000       8.21903944E-02  0.103024267       1.32593075E-02
  0.296875000      0.890625000      0.109905869      0.102859117       1.10513400E-02
  0.328125000      0.890625000      0.138559982      0.101493523       7.78424321E-03
  0.359375000      0.890625000      0.167040229       9.83088911E-02   3.56266997E-03
  0.390625000      0.890625000      0.194155440       9.29857939E-02  -1.38018420E-03
  0.421875000      0.890625000      0.218800396       8.55397880E-02  -6.70212973E-03
  0.453125000      0.890625000      0.240073919       7.62532279E-02  -1.19975135E-02
  0.484375000      0.890625000      0.257324278       6.55632019E-02  -1.68511495E-02
  0.515625000      0.890625000      0.270134509       5.39596677E-02  -2.08848547E-02
  0.546875000      0.890625000      0.278279185       4.19203863E-02  -2.37902515E-02
  0.578125000      0.890625000      0.281681359       2.98823230E-02  -2.53478289E-02
  0.609375000      0.890625000      0.280387849       1.82339922E-02  -2.54365709E-02
  0.640625000      0.890625000      0.274565101       7.30770454E-03  -2.40367316E-02
  0.671875000      0.890625000      0.264523387      -2.65020039E-03  -2.12202519E-02
  0.703125000      0.890625000      0.250658810      -1.15419114E-02  -1.71250813E-02
  0.734375000      0.890625000      0.233470798      -1.95947364E-02  -1.19809238E-02
  0.765625000      0.890625000      0.213581696      -2.75155678E-02  -5.99091128E-03
  0.796875000      0.890625000      0.191567674      -3.68845910E-02   7.10161752E-04
  0.828125000      0.890625000      0.167757183      -5.09828292E-02   8.17874074E-03
  0.859375000      0.890625000      0.141809925      -7.64258206E-02   1.68415178E-02
  0.890625000      0.890625000      0.111732721     -0.127281889       2.77718343E-02
  0.921875000      0.890625000       7.21249431E-02 -0.230223536       4.28025313E-02
  0.953125000      0.890625000       1.96047761E-02 -0.423115015       6.30089864E-02
  0.984375000      0.890625000      -4.88659693E-03 -0.588615179       8.28492865E-02
   1.56250000E-02  0.921875000      -1.15556568E-02   5.35941385E-02   6.04499970E-03
   4.68750000E-02  0.921875000      -3.15466821E-02   8.87160525E-02   6.69390988E-03
   7.81250000E-02  0.921875000      -4.03768420E-02   9.40578431E-02   8.91413167E-03
  0.109375000      0.921875000      -3.51495035E-02   9.09686685E-02   1.15323216E-02
  0.140625000      0.921875000      -2.04040054E-02   8.64185095E-02   1.38888499E-02
  0.171875000      0.921875000      -1.30082481E-04   8.22992623E-02   1.56199029E-02
  0.203125000      0.921875000       2.34998669E-02   7.91139752E-02   1.65446624E-02
  0.234375000      0.921875000       4.94647957E-02   7.68598765E-02   1.65525842E-02
  0.265625000      0.921875000       7.72183836E-02   7.52583444E-02   1.55611178E-02
  0.296875000      0.921875000      0.106267110       7.38549158E-02   1.35143157E-02
  0.328125000      0.921875000      0.135973871       7.21331313E-02   1.04175704E-02
  0.359375000      0.921875000      0.165523469       6.96380362E-02   6.37366157E-03
  0.390625000      0.921875000      0.193993270       6.60723597E-02   1.59894000E-03
  0.421875000      0.921875000      0.220467508       6.13364428E-02  -3.58896656E-03
  0.453125000      0.921875000      0.244142681       5.55114225E-02  -8.80742352E-03
  0.484375000      0.921875000      0.264393806       4.88075390E-02  -1.36558022E-02
  0.515625000      0.921875000      0.280798078       4.15046737E-02  -1.77602191E-02
  0.546875000      0.921875000      0.293127775       3.39041501E-02  -2.08080709E-02
  0.578125000      0.921875000      0.301329434       2.62966994E-02  -2.25700289E-02
  0.609375000      0.921875000      0.305501044       1.89420208E-02  -2.29104962E-02
  0.640625000      0.921875000      0.305872917       1.20493947E-02  -2.17882693E-02
  0.671875000      0.921875000      0.302777052       5.74262347E-03  -1.92460399E-02
  0.703125000      0.921875000      0.296656132       4.56860289E-05  -1.53893288E-02
  0.734375000      0.921875000      0.287942380      -5.28769474E-03  -1.03193279E-02
  0.765625000      0.921875000      0.276902795      -1.09032961E-02  -4.13196906E-03
  0.796875000      0.921875000      0.263548642      -1.81404110E-02   3.24448571E-03
  0.828125000      0.921875000      0.247369722      -2.97516286E-02   1.22355111E-02
  0.859375000      0.921875000      0.226732910      -5.10891937E-02   2.39089578E-02
  0.890625000      0.921875000      0.197837591      -9.36641991E-02   4.04565521E-02
  0.921875000      0.921875000      0.152112901     -0.178528488       6.52297810E-02
  0.953125000      0.921875000       8.03822577E-02 -0.350579977      0.100689799    
  0.984375000      0.921875000       1.86073203E-02 -0.574902058      0.134276852    
   1.56250000E-02  0.953125000      -3.08260340E-02   9.59721655E-02   1.82535825E-03
   4.68750000E-02  0.953125000      -6.23196587E-02   9.78142545E-02   4.50403290E-03
   7.81250000E-02  0.953125000      -5.08318320E-02   8.22922140E-02   8.33628699E-03
  0.109375000      0.953125000      -2.29333006E-02   6.95981085E-02   1.21389190E-02
  0.140625000      0.953125000       9.31153633E-03   6.07878789E-02   1.51385795E-02
  0.171875000      0.953125000       4.23142612E-02   5.46420664E-02   1.71801820E-02
  0.203125000      0.953125000       7.51766711E-02   5.02677262E-02   1.82504542E-02
  0.234375000      0.953125000      0.107791632       4.71157953E-02   1.83310863E-02
  0.265625000      0.953125000      0.140234426       4.47968468E-02   1.73832588E-02
  0.296875000      0.953125000      0.172527507       4.29671854E-02   1.53768733E-02
  0.328125000      0.953125000      0.204533875       4.13025133E-02   1.23324106E-02
  0.359375000      0.953125000      0.235932097       3.95179763E-02   8.35689530E-03
  0.390625000      0.953125000      0.266252518       3.74015868E-02   3.65982018E-03
  0.421875000      0.953125000      0.294949919       3.48367617E-02  -1.45626278E-03
  0.453125000      0.953125000      0.321485072       3.18033509E-02  -6.62627444E-03
  0.484375000      0.953125000      0.345392317       2.83605233E-02  -1.14645381E-02
  0.515625000      0.953125000      0.366322398       2.46206671E-02  -1.56062152E-02
  0.546875000      0.953125000      0.384060740       2.07229536E-02  -1.87412985E-02
  0.578125000      0.953125000      0.398527265       1.68115254E-02  -2.06369553E-02
  0.609375000      0.953125000      0.409764677       1.30185708E-02  -2.11482737E-02
  0.640625000      0.953125000      0.417917311       9.44708847E-03  -2.02169530E-02
  0.671875000      0.953125000      0.423201859       6.15306618E-03  -1.78570189E-02
  0.703125000      0.953125000      0.425853670       3.09910858E-03  -1.41229816E-02
  0.734375000      0.953125000      0.426075161       1.43663230E-04  -9.05416999E-03
  0.765625000      0.953125000      0.423907161      -3.13691609E-03  -2.57607037E-03
  0.796875000      0.953125000      0.418958783      -7.61657860E-03   5.66167897E-03
  0.828125000      0.953125000      0.409981459      -1.51340235E-02   1.66038107E-02
  0.859375000      0.953125000      0.393999994      -2.91056335E-02   3.23228016E-02
  0.890625000      0.953125000      0.364587069      -5.73587269E-02   5.69383688E-02
  0.921875000      0.953125000      0.308816373     -0.113359384       9.69956219E-02
  0.953125000      0.953125000      0.204134256     -0.239358127      0.159352511    
  0.984375000      0.953125000       6.80344552E-02 -0.488268256      0.226433560    
   1.56250000E-02  0.984375000       6.33969605E-02   6.33981600E-02  -1.48067754E-02
   4.68750000E-02  0.984375000      0.176031858       4.92397062E-02   6.01881789E-03
   7.81250000E-02  0.984375000      0.260335088       3.50671187E-02   1.19524142E-02
  0.109375000      0.984375000      0.322324514       2.69261319E-02   1.53897014E-02
  0.140625000      0.984375000      0.371388257       2.21416559E-02   1.78798623E-02
  0.171875000      0.984375000      0.412594855       1.90690737E-02   1.95360705E-02
  0.203125000      0.984375000      0.448611528       1.69517417E-02   2.03241725E-02
  0.234375000      0.984375000      0.480989128       1.54298078E-02   2.01939698E-02
  0.265625000      0.984375000      0.510718107       1.43026821E-02   1.90917086E-02
  0.296875000      0.984375000      0.538448632       1.34307956E-02   1.69826541E-02
  0.328125000      0.984375000      0.564576685       1.26994196E-02   1.38850259E-02
  0.359375000      0.984375000      0.589285612       1.20108537E-02   9.89995804E-03
  0.390625000      0.984375000      0.612584293       1.12884259E-02   5.22508472E-03
  0.421875000      0.984375000      0.634355068       1.04822200E-02   1.45905797E-04
  0.453125000      0.984375000      0.654408693       9.57079791E-03  -4.99093672E-03
  0.484375000      0.984375000      0.672538638       8.55825841E-03  -9.81564354E-03
  0.515625000      0.984375000      0.688565969       7.46807735E-03  -1.39746759E-02
  0.546875000      0.984375000      0.702370167       6.33523706E-03  -1.71633046E-02
  0.578125000      0.984375000      0.713905096       5.19916369E-03  -1.91484876E-02
  0.609375000      0.984375000      0.723201573       4.09726845E-03  -1.97791196E-02
  0.640625000      0.984375000      0.730357230       3.05890571E-03  -1.89840943E-02
  0.671875000      0.984375000      0.735513031       2.09809141E-03  -1.67540014E-02
  0.703125000      0.984375000      0.738809943       1.20076980E-03  -1.31033119E-02
  0.734375000      0.984375000      0.740315914       3.07959592E-04  -8.00019316E-03
  0.765625000      0.984375000      0.739897132      -7.23103294E-04  -1.24131655E-03
  0.796875000      0.984375000      0.736986876      -2.18258868E-03   7.77605176E-03
  0.828125000      0.984375000      0.730091035      -4.70783096E-03   2.04845406E-02
  0.859375000      0.984375000      0.715951324      -9.42562800E-03   3.99450660E-02
  0.890625000      0.984375000      0.687413692      -1.91049855E-02   7.23930299E-02
  0.921875000      0.984375000      0.629927099      -3.83740216E-02  0.129738301    
  0.953125000      0.984375000      0.505895853      -8.56492296E-02  0.234741271    
  0.984375000      0.984375000      0.210121304     -0.210118935      0.416120380    
