 VARIABLES="X","Y","U","V","P"
 ZONE F=POINT, I=          32 , J=          32
   1.56250000E-02   1.56250000E-02   1.74773231E-04  -1.76867412E-04   3.15012559E-02
   4.68750000E-02   1.56250000E-02   5.10348182E-04  -1.63606426E-04   3.14743146E-02
   7.81250000E-02   1.56250000E-02   6.95325318E-04  -2.69678221E-05   3.14025879E-02
  0.109375000       1.56250000E-02   5.87823626E-04   1.28925618E-04   3.12974341E-02
  0.140625000       1.56250000E-02   1.66717044E-04   2.86734750E-04   3.11663058E-02
  0.171875000       1.56250000E-02  -5.83236106E-04   4.57894756E-04   3.10131721E-02
  0.203125000       1.56250000E-02  -1.69950281E-03   6.53192925E-04   3.08413673E-02
  0.234375000       1.56250000E-02  -3.23119620E-03   8.73498619E-04   3.06559652E-02
  0.265625000       1.56250000E-02  -5.21742459E-03   1.10793591E-03   3.04654837E-02
  0.296875000       1.56250000E-02  -7.66244996E-03   1.33251958E-03   3.02831642E-02
  0.328125000       1.56250000E-02  -1.05079450E-02   1.50863931E-03   3.01275216E-02
  0.359375000       1.56250000E-02  -1.36048980E-02   1.58419681E-03   3.00212651E-02
  0.390625000       1.56250000E-02  -1.66934449E-02   1.50041317E-03   2.99877301E-02
  0.421875000       1.56250000E-02  -1.94030385E-02   1.20536017E-03   3.00442651E-02
  0.453125000       1.56250000E-02  -2.12845858E-02   6.72398426E-04   3.01933698E-02
  0.484375000       1.56250000E-02  -2.18793042E-02  -8.15285603E-05   3.04137506E-02
  0.515625000       1.56250000E-02  -2.08178479E-02  -9.83915525E-04   3.06560863E-02
  0.546875000       1.56250000E-02  -1.79270990E-02  -1.91100943E-03   3.08441129E-02
  0.578125000       1.56250000E-02  -1.33083425E-02  -2.71210889E-03   3.08866892E-02
  0.609375000       1.56250000E-02  -7.36819161E-03  -3.23253614E-03   3.06999069E-02
  0.640625000       1.56250000E-02  -7.90466438E-04  -3.34972749E-03   3.02342847E-02
  0.671875000       1.56250000E-02   5.56525681E-03  -3.01045110E-03   2.94975098E-02
  0.703125000       1.56250000E-02   1.08360145E-02  -2.26456602E-03   2.85582691E-02
  0.734375000       1.56250000E-02   1.43586453E-02  -1.26204744E-03   2.75300629E-02
  0.765625000       1.56250000E-02   1.58351045E-02  -2.18065470E-04   2.65366230E-02
  0.796875000       1.56250000E-02   1.53867248E-02   6.63110230E-04   2.56763417E-02
  0.828125000       1.56250000E-02   1.34612396E-02   1.25932053E-03   2.50021461E-02
  0.859375000       1.56250000E-02   1.06429067E-02   1.55617448E-03   2.45237947E-02
  0.890625000       1.56250000E-02   7.47559220E-03   1.60844740E-03   2.42217723E-02
  0.921875000       1.56250000E-02   4.39913524E-03   1.46540790E-03   2.40662377E-02
  0.953125000       1.56250000E-02   1.84121309E-03   1.08996674E-03   2.40292866E-02
  0.984375000       1.56250000E-02   3.74990428E-04   3.74198105E-04   2.40768753E-02
   1.56250000E-02   4.68750000E-02   1.46890176E-04  -5.03467687E-04   3.15281600E-02
   4.68750000E-02   4.68750000E-02   2.46768002E-04  -2.83762172E-04   3.14985290E-02
   7.81250000E-02   4.68750000E-02  -1.93445027E-04   3.35735560E-04   3.14331017E-02
  0.109375000       4.68750000E-02  -1.37076166E-03   1.03848579E-03   3.13401967E-02
  0.140625000       4.68750000E-02  -3.36620864E-03   1.78139238E-03   3.12245879E-02
  0.171875000       4.68750000E-02  -6.26917323E-03   2.60409922E-03   3.10888514E-02
  0.203125000       4.68750000E-02  -1.01898722E-02   3.53224343E-03   3.09351571E-02
  0.234375000       4.68750000E-02  -1.52199008E-02   4.54488490E-03   3.07667032E-02
  0.265625000       4.68750000E-02  -2.13749278E-02   5.56702772E-03   3.05890869E-02
  0.296875000       4.68750000E-02  -2.85341106E-02   6.46741875E-03   3.04117873E-02
  0.328125000       4.68750000E-02  -3.63876745E-02   7.06317136E-03   3.02494373E-02
  0.359375000       4.68750000E-02  -4.44111675E-02   7.14105275E-03   3.01218759E-02
  0.390625000       4.68750000E-02  -5.18868268E-02   6.49919268E-03   3.00517492E-02
  0.421875000       4.68750000E-02  -5.79803586E-02   5.00146067E-03   3.00587174E-02
  0.453125000       4.68750000E-02  -6.18598312E-02   2.62919744E-03   3.01504582E-02
  0.484375000       4.68750000E-02  -6.28279820E-02  -4.83672251E-04   3.03126164E-02
  0.515625000       4.68750000E-02  -6.04401752E-02  -4.03953949E-03   3.05014998E-02
  0.546875000       4.68750000E-02  -5.45849428E-02  -7.61029031E-03   3.06446068E-02
  0.578125000       4.68750000E-02  -4.55225930E-02  -1.07033039E-02   3.06530986E-02
  0.609375000       4.68750000E-02  -3.38970609E-02  -1.28167449E-02   3.04434523E-02
  0.640625000       4.68750000E-02  -2.07131896E-02  -1.35369841E-02   2.99658589E-02
  0.671875000       4.68750000E-02  -7.25399330E-03  -1.26478672E-02   2.92279981E-02
  0.703125000       4.68750000E-02   5.07245027E-03  -1.02337264E-02   2.83015165E-02
  0.734375000       4.68750000E-02   1.49596222E-02  -6.71148207E-03   2.73023061E-02
  0.765625000       4.68750000E-02   2.14760620E-02  -2.76963064E-03   2.63550822E-02
  0.796875000       4.68750000E-02   2.42710486E-02   8.60657368E-04   2.55548395E-02
  0.828125000       4.68750000E-02   2.36261263E-02   3.62537242E-03   2.49455385E-02
  0.859375000       4.68750000E-02   2.03183796E-02   5.30985929E-03   2.45234184E-02
  0.890625000       4.68750000E-02   1.53606804E-02   5.97374700E-03   2.42591333E-02
  0.921875000       4.68750000E-02   9.79411416E-03   5.73729817E-03   2.41178665E-02
  0.953125000       4.68750000E-02   4.65674605E-03   4.50764364E-03   2.40749717E-02
  0.984375000       4.68750000E-02   1.16372749E-03   1.91101572E-03   2.41228323E-02
   1.56250000E-02   7.81250000E-02  -9.66355001E-05  -5.59432548E-04   3.16036344E-02
   4.68750000E-02   7.81250000E-02  -7.90280057E-04   3.53102863E-04   3.15591395E-02
   7.81250000E-02   7.81250000E-02  -2.55174539E-03   1.88630563E-03   3.14915068E-02
  0.109375000       7.81250000E-02  -5.48906066E-03   3.58847738E-03   3.14041339E-02
  0.140625000       7.81250000E-02  -9.72017460E-03   5.44414576E-03   3.12972702E-02
  0.171875000       7.81250000E-02  -1.54211149E-02   7.53177516E-03   3.11698131E-02
  0.203125000       7.81250000E-02  -2.27698199E-02   9.86094959E-03   3.10202744E-02
  0.234375000       7.81250000E-02  -3.18569094E-02   1.23208379E-02   3.08474079E-02
  0.265625000       7.81250000E-02  -4.25957218E-02   1.46731492E-02   3.06516998E-02
  0.296875000       7.81250000E-02  -5.46505749E-02   1.65643748E-02   3.04379463E-02
  0.328125000       7.81250000E-02  -6.74070045E-02   1.75661035E-02   3.02183665E-02
  0.359375000       7.81250000E-02  -8.00062865E-02   1.72516461E-02   3.00143939E-02
  0.390625000       7.81250000E-02  -9.14445370E-02   1.52940284E-02   2.98550334E-02
  0.421875000       7.81250000E-02 -0.100706115       1.15538109E-02   2.97702737E-02
  0.453125000       7.81250000E-02 -0.106888257       6.13083923E-03   2.97801066E-02
  0.484375000       7.81250000E-02 -0.109287784      -6.25240034E-04   2.98821926E-02
  0.515625000       7.81250000E-02 -0.107446492      -8.13494809E-03   3.00389156E-02
  0.546875000       7.81250000E-02 -0.101185486      -1.56394579E-02   3.01782861E-02
  0.578125000       7.81250000E-02  -9.06493515E-02  -2.22815126E-02   3.02077420E-02
  0.609375000       7.81250000E-02  -7.63533115E-02  -2.71695089E-02   3.00336964E-02
  0.640625000       7.81250000E-02  -5.92192709E-02  -2.95118764E-02   2.95927078E-02
  0.671875000       7.81250000E-02  -4.05713394E-02  -2.87899151E-02   2.88804378E-02
  0.703125000       7.81250000E-02  -2.20522638E-02  -2.49468014E-02   2.79639903E-02
  0.734375000       7.81250000E-02  -5.42417914E-03  -1.85227990E-02   2.69666314E-02
  0.765625000       7.81250000E-02   7.73505028E-03  -1.06425080E-02   2.60269269E-02
  0.796875000       7.81250000E-02   1.63883343E-02  -2.72262609E-03   2.52513830E-02
  0.828125000       7.81250000E-02   2.02878863E-02   3.94669827E-03   2.46894192E-02
  0.859375000       7.81250000E-02   1.99622996E-02   8.61498713E-03   2.43271347E-02
  0.890625000       7.81250000E-02   1.64889731E-02   1.10930707E-02   2.41192263E-02
  0.921875000       7.81250000E-02   1.12171005E-02   1.14500225E-02   2.40179300E-02
  0.953125000       7.81250000E-02   5.62490243E-03   9.51819494E-03   2.39951946E-02
  0.984375000       7.81250000E-02   1.47025532E-03   4.54279594E-03   2.40568910E-02
   1.56250000E-02  0.109375000      -4.85525641E-04   1.69584528E-05   3.17115113E-02
   4.68750000E-02  0.109375000      -2.37119314E-03   2.34301691E-03   3.16425078E-02
   7.81250000E-02  0.109375000      -5.98632870E-03   5.25860768E-03   3.15664597E-02
  0.109375000      0.109375000      -1.12512009E-02   8.40418972E-03   3.14774066E-02
  0.140625000      0.109375000      -1.83073450E-02   1.19018219E-02   3.13680172E-02
  0.171875000      0.109375000      -2.74183899E-02   1.58726461E-02   3.12305875E-02
  0.203125000      0.109375000      -3.88072096E-02   2.02447753E-02   3.10563929E-02
  0.234375000      0.109375000      -5.25103733E-02   2.47152057E-02   3.08357496E-02
  0.265625000      0.109375000      -6.82754219E-02   2.87715532E-02   3.05606760E-02
  0.296875000      0.109375000      -8.55177939E-02   3.17532569E-02   3.02301347E-02
  0.328125000      0.109375000     -0.103354603       3.29617411E-02   2.98561342E-02
  0.359375000      0.109375000     -0.120710023       3.18032354E-02   2.94674113E-02
  0.390625000      0.109375000     -0.136453539       2.79178731E-02   2.91076005E-02
  0.421875000      0.109375000     -0.149521172       2.12537553E-02   2.88266689E-02
  0.453125000      0.109375000     -0.158991322       1.20783504E-02   2.86668576E-02
  0.484375000      0.109375000     -0.164117873       9.48698143E-04   2.86474302E-02
  0.515625000      0.109375000     -0.164341092      -1.13317790E-02   2.87497491E-02
  0.546875000      0.109375000     -0.159306675      -2.37433389E-02   2.89079659E-02
  0.578125000      0.109375000     -0.148918778      -3.51076163E-02   2.90291384E-02
  0.609375000      0.109375000     -0.133413821      -4.41510417E-02   2.90047992E-02
  0.640625000      0.109375000     -0.113448411      -4.96370830E-02   2.87431031E-02
  0.671875000      0.109375000      -9.01921391E-02  -5.05766198E-02   2.82039326E-02
  0.703125000      0.109375000      -6.53655455E-02  -4.65136394E-02   2.74231657E-02
  0.734375000      0.109375000      -4.11381088E-02  -3.78192887E-02   2.65101679E-02
  0.765625000      0.109375000      -1.98113937E-02  -2.58395132E-02   2.56125573E-02
  0.796875000      0.109375000      -3.30466311E-03  -1.26928343E-02   2.48611737E-02
  0.828125000      0.109375000       7.35871680E-03  -6.52879709E-04   2.43243463E-02
  0.859375000      0.109375000       1.22721121E-02   8.62019509E-03   2.40018126E-02
  0.890625000      0.109375000       1.24424808E-02   1.43844653E-02   2.38403771E-02
  0.921875000      0.109375000       9.40844882E-03   1.64583027E-02   2.37792339E-02
  0.953125000      0.109375000       4.99345688E-03   1.45109519E-02   2.37796530E-02
  0.984375000      0.109375000       1.34101405E-03   7.35190976E-03   2.38445215E-02
   1.56250000E-02  0.140625000      -9.96466377E-04   1.49310182E-03   3.18250172E-02
   4.68750000E-02  0.140625000      -4.39406373E-03   6.13696873E-03   3.17250565E-02
   7.81250000E-02  0.140625000      -1.02779632E-02   1.09491656E-02   3.16355675E-02
  0.109375000      0.140625000      -1.83213484E-02   1.60076395E-02   3.15348431E-02
  0.140625000      0.140625000      -2.86879651E-02   2.17073038E-02   3.14035118E-02
  0.171875000      0.140625000      -4.17153575E-02   2.81924009E-02   3.12225930E-02
  0.203125000      0.140625000      -5.76254576E-02   3.52116078E-02   3.09703052E-02
  0.234375000      0.140625000      -7.63377845E-02   4.21526730E-02   3.06223333E-02
  0.265625000      0.140625000      -9.73860919E-02   4.81376685E-02   3.01575623E-02
  0.296875000      0.140625000     -0.119932413       5.21677323E-02   2.95680612E-02
  0.328125000      0.140625000     -0.142866924       5.33122607E-02   2.88693793E-02
  0.359375000      0.140625000     -0.164955884       5.08925579E-02   2.81060096E-02
  0.390625000      0.140625000     -0.184986323       4.45995703E-02   2.73484513E-02
  0.421875000      0.140625000     -0.201870576       3.45223285E-02   2.66812816E-02
  0.453125000      0.140625000     -0.214700520       2.11091731E-02   2.61848308E-02
  0.484375000      0.140625000     -0.222757339       5.10095153E-03   2.59152781E-02
  0.515625000      0.140625000     -0.225489795      -1.25287212E-02   2.58910358E-02
  0.546875000      0.140625000     -0.222473338      -3.05981431E-02   2.60692462E-02
  0.578125000      0.140625000     -0.213408798      -4.77069318E-02   2.63658985E-02
  0.609375000      0.140625000     -0.198179781      -6.22883290E-02   2.66596749E-02
  0.640625000      0.140625000     -0.176971093      -7.26775229E-02   2.68192366E-02
  0.671875000      0.140625000     -0.150469393      -7.72986859E-02   2.67407969E-02
  0.703125000      0.140625000     -0.120087102      -7.50056803E-02   2.63856761E-02
  0.734375000      0.140625000      -8.80905241E-02  -6.55569658E-02   2.58016065E-02
  0.765625000      0.140625000      -5.74519560E-02  -5.00731319E-02   2.51105595E-02
  0.796875000      0.140625000      -3.12713310E-02  -3.11527066E-02   2.44599991E-02
  0.828125000      0.140625000      -1.18507594E-02  -1.22830998E-02   2.39609387E-02
  0.859375000      0.140625000       7.37800729E-05   3.40637146E-03   2.36509554E-02
  0.890625000      0.140625000       5.34274150E-03   1.41528994E-02   2.35004462E-02
  0.921875000      0.140625000       5.74766472E-03   1.93129629E-02   2.34502070E-02
  0.953125000      0.140625000       3.48379789E-03   1.83291752E-02   2.34536305E-02
  0.984375000      0.140625000       9.87012638E-04   9.67784412E-03   2.35040747E-02
   1.56250000E-02  0.171875000      -1.61214778E-03   4.09580301E-03   3.19044329E-02
   4.68750000E-02  0.171875000      -6.77057914E-03   1.20769963E-02   3.17691937E-02
   7.81250000E-02  0.171875000      -1.52155757E-02   1.93234198E-02   3.16601954E-02
  0.109375000      0.171875000      -2.63423733E-02   2.67893523E-02   3.15317027E-02
  0.140625000      0.171875000      -4.03335094E-02   3.52697521E-02   3.13459709E-02
  0.171875000      0.171875000      -5.75612336E-02   4.48724218E-02   3.10653895E-02
  0.203125000      0.171875000      -7.81726390E-02   5.50417528E-02   3.06462739E-02
  0.234375000      0.171875000     -0.101889521       6.47420883E-02   3.00413277E-02
  0.265625000      0.171875000     -0.127969339       7.26687759E-02   2.92116292E-02
  0.296875000      0.171875000     -0.155284658       7.74930045E-02   2.81440392E-02
  0.328125000      0.171875000     -0.182484269       7.81182870E-02   2.68668309E-02
  0.359375000      0.171875000     -0.208186939       7.38777369E-02   2.54560243E-02
  0.390625000      0.171875000     -0.231155962       6.46155104E-02   2.40284950E-02
  0.421875000      0.171875000     -0.250413418       5.06514460E-02   2.27229074E-02
  0.453125000      0.171875000     -0.265271485       3.26725915E-02   2.16741972E-02
  0.484375000      0.171875000     -0.275281578       1.16094872E-02   2.09881533E-02
  0.515625000      0.171875000     -0.280128300      -1.14530418E-02   2.07248684E-02
  0.546875000      0.171875000     -0.279507399      -3.53066362E-02   2.08868757E-02
  0.578125000      0.171875000     -0.273029149      -5.85377030E-02   2.14102492E-02
  0.609375000      0.171875000     -0.260211706      -7.95016661E-02   2.21749246E-02
  0.640625000      0.171875000     -0.240600139      -9.62834656E-02   2.30187029E-02
  0.671875000      0.171875000     -0.214025125     -0.106769890       2.37654820E-02
  0.703125000      0.171875000     -0.181003958     -0.108939692       2.42654495E-02
  0.734375000      0.171875000     -0.143188715     -0.101437643       2.44398564E-02
  0.765625000      0.171875000     -0.103638202      -8.43853876E-02   2.43107565E-02
  0.796875000      0.171875000      -6.65528774E-02  -6.01109825E-02   2.39915773E-02
  0.828125000      0.171875000      -3.61685902E-02  -3.31347995E-02   2.36312561E-02
  0.859375000      0.171875000      -1.50802741E-02  -8.76024086E-03   2.33432688E-02
  0.890625000      0.171875000      -3.22206249E-03   9.18668695E-03   2.31678691E-02
  0.921875000      0.171875000       1.48192130E-03   1.91645380E-02   2.30829641E-02
  0.953125000      0.171875000       1.81479240E-03   2.04028413E-02   2.30538324E-02
  0.984375000      0.171875000       6.24009816E-04   1.12868426E-02   2.30712630E-02
   1.56250000E-02  0.203125000      -2.29954766E-03   8.00157338E-03   3.18945944E-02
   4.68750000E-02  0.203125000      -9.36367176E-03   2.03804672E-02   3.17209214E-02
   7.81250000E-02  0.203125000      -2.05011442E-02   3.05878650E-02   3.15825678E-02
  0.109375000      0.203125000      -3.48135494E-02   4.09501493E-02   3.14003043E-02
  0.140625000      0.203125000      -5.24770766E-02   5.27505912E-02   3.11096646E-02
  0.171875000      0.203125000      -7.38230571E-02   6.59536570E-02   3.06441337E-02
  0.203125000      0.203125000      -9.88170207E-02   7.95561597E-02   2.99270432E-02
  0.234375000      0.203125000     -0.126874983       9.19951946E-02   2.88803410E-02
  0.265625000      0.203125000     -0.156889319      0.101505309       2.74475720E-02
  0.296875000      0.203125000     -0.187389955      0.106470972       2.56216638E-02
  0.328125000      0.203125000     -0.216791183      0.105742775       2.34651323E-02
  0.359375000      0.203125000     -0.243659228       9.88284945E-02   2.11121645E-02
  0.390625000      0.203125000     -0.266923577       8.59051198E-02   1.87498983E-02
  0.421875000      0.203125000     -0.285969228       6.76738173E-02   1.65856853E-02
  0.453125000      0.203125000     -0.300589561       4.51387540E-02   1.48117226E-02
  0.484375000      0.203125000     -0.310832202       1.94067284E-02   1.35777052E-02
  0.515625000      0.203125000     -0.316799998      -8.42515565E-03   1.29743731E-02
  0.546875000      0.203125000     -0.318467855      -3.72775197E-02   1.30463690E-02
  0.578125000      0.203125000     -0.315516889      -6.59871250E-02   1.37625206E-02
  0.609375000      0.203125000     -0.307243347      -9.31356847E-02   1.50272483E-02
  0.640625000      0.203125000     -0.292606592     -0.116891854       1.66838095E-02
  0.671875000      0.203125000     -0.270442843     -0.134896129       1.85196064E-02
  0.703125000      0.203125000     -0.239914209     -0.144360989       2.02859193E-02
  0.734375000      0.203125000     -0.201199874     -0.142545402       2.17407532E-02
  0.765625000      0.203125000     -0.156287313     -0.127741843       2.27141883E-02
  0.796875000      0.203125000     -0.109451652     -0.100678071       2.31710151E-02
  0.828125000      0.203125000      -6.67224154E-02  -6.56849295E-02   2.32228246E-02
  0.859375000      0.203125000      -3.37700024E-02  -3.02553754E-02   2.30616089E-02
  0.890625000      0.203125000      -1.30364038E-02  -1.91507023E-03   2.28582043E-02
  0.921875000      0.203125000      -2.87321326E-03   1.53937601E-02   2.26988662E-02
  0.953125000      0.203125000       3.74719442E-04   2.05873437E-02   2.25989670E-02
  0.984375000      0.203125000       3.77120712E-04   1.22860335E-02   2.25660335E-02
   1.56250000E-02  0.234375000      -3.00156465E-03   1.32968295E-02   3.17258090E-02
   4.68750000E-02  0.234375000      -1.19643286E-02   3.10989730E-02   3.15108858E-02
   7.81250000E-02  0.234375000      -2.57149916E-02   4.47432846E-02   3.13270912E-02
  0.109375000      0.234375000      -4.30478379E-02   5.84266298E-02   3.10523733E-02
  0.140625000      0.234375000      -6.40721396E-02   7.39499331E-02   3.05858031E-02
  0.171875000      0.234375000      -8.89679044E-02   9.09860283E-02   2.98202038E-02
  0.203125000      0.234375000     -0.117393427      0.107935831       2.86363512E-02
  0.234375000      0.234375000     -0.148351982      0.122627750       2.69247238E-02
  0.265625000      0.234375000     -0.180312395      0.132846773       2.46247817E-02
  0.296875000      0.234375000     -0.211484224      0.136804998       2.17636898E-02
  0.328125000      0.234375000     -0.240172654      0.133504987       1.84740890E-02
  0.359375000      0.234375000     -0.265107214      0.122878656       1.49797248E-02
  0.390625000      0.234375000     -0.285634518      0.105658911       1.15533248E-02
  0.421875000      0.234375000     -0.301716447       8.30617100E-02   8.46532173E-03
  0.453125000      0.234375000     -0.313761830       5.64317480E-02   5.94298216E-03
  0.484375000      0.234375000     -0.322377086       2.69872136E-02   4.15001903E-03
  0.515625000      0.234375000     -0.328120291      -4.27925400E-03   3.18320235E-03
  0.546875000      0.234375000     -0.331301808      -3.65593955E-02   3.09518329E-03
  0.578125000      0.234375000     -0.331823528      -6.91210032E-02   3.88695905E-03
  0.609375000      0.234375000     -0.329035223     -0.101051658       5.50503749E-03
  0.640625000      0.234375000     -0.321654499     -0.130983025       7.84396101E-03
  0.671875000      0.234375000     -0.307820320     -0.156794563       1.07275322E-02
  0.703125000      0.234375000     -0.285385489     -0.175419807       1.38904424E-02
  0.734375000      0.234375000     -0.252599478     -0.182982892       1.69798639E-02
  0.765625000      0.234375000     -0.209224880     -0.175589591       1.96054056E-02
  0.796875000      0.234375000     -0.157850981     -0.151040018       2.14525182E-02
  0.828125000      0.234375000     -0.104642943     -0.111262172       2.24194732E-02
  0.859375000      0.234375000      -5.81895187E-02  -6.40872791E-02   2.26695128E-02
  0.890625000      0.234375000      -2.55255513E-02  -2.14849934E-02   2.25236230E-02
  0.921875000      0.234375000      -7.79588753E-03   7.06599979E-03   2.22758856E-02
  0.953125000      0.234375000      -9.27764748E-04   1.87939573E-02   2.20740810E-02
  0.984375000      0.234375000       2.41759888E-04   1.29030840E-02   2.19746605E-02
   1.56250000E-02  0.265625000      -3.63892107E-03   1.99316554E-02   3.13198753E-02
   4.68750000E-02  0.265625000      -1.43001005E-02   4.40754592E-02   3.10608000E-02
   7.81250000E-02  0.265625000      -3.03358976E-02   6.15397543E-02   3.08082476E-02
  0.109375000      0.265625000      -5.02146780E-02   7.88294673E-02   3.03900279E-02
  0.140625000      0.265625000      -7.38870129E-02   9.82332677E-02   2.96594817E-02
  0.171875000      0.265625000     -0.101262972      0.118966550       2.84594111E-02
  0.203125000      0.265625000     -0.131595224      0.138708532       2.66261883E-02
  0.234375000      0.265625000     -0.163434088      0.154651821       2.40324922E-02
  0.265625000      0.265625000     -0.194875062      0.164227635       2.06457786E-02
  0.296875000      0.265625000     -0.223963857      0.165692478       1.65708307E-02
  0.328125000      0.265625000     -0.249136478      0.158489972       1.20498659E-02
  0.359375000      0.265625000     -0.269541264      0.143247545       7.41495378E-03
  0.390625000      0.265625000     -0.285126328      0.121419214       3.01498477E-03
  0.421875000      0.265625000     -0.296486497       9.47617888E-02  -8.48841213E-04
  0.453125000      0.265625000     -0.304572195       6.48816377E-02  -3.95704247E-03
  0.484375000      0.265625000     -0.310392201       3.29915360E-02  -6.17308589E-03
  0.515625000      0.265625000     -0.314792752      -1.21282879E-04  -7.42609426E-03
  0.546875000      0.265625000     -0.318319738      -3.39912176E-02  -7.68709928E-03
  0.578125000      0.265625000     -0.321132600      -6.83381557E-02  -6.94727851E-03
  0.609375000      0.265625000     -0.322886527     -0.102853879      -5.22021204E-03
  0.640625000      0.265625000     -0.322556198     -0.136878461      -2.54005427E-03
  0.671875000      0.265625000     -0.318261683     -0.169016317       1.01208116E-03
  0.703125000      0.265625000     -0.307228595     -0.196656495       5.26204798E-03
  0.734375000      0.265625000     -0.286140442     -0.215613246       9.88685433E-03
  0.765625000      0.265625000     -0.252156019     -0.220313460       1.43872853E-02
  0.796875000      0.265625000     -0.204686433     -0.205157250       1.81568451E-02
  0.828125000      0.265625000     -0.147491097     -0.167548180       2.06946898E-02
  0.859375000      0.265625000      -8.96570981E-02 -0.112090461       2.18774900E-02
  0.890625000      0.265625000      -4.29633409E-02  -5.28427139E-02   2.20426396E-02
  0.921875000      0.265625000      -1.46472994E-02  -7.62607111E-03   2.17519868E-02
  0.953125000      0.265625000      -2.60361074E-03   1.45696532E-02   2.14327704E-02
  0.984375000      0.265625000       1.03526028E-04   1.32466909E-02   2.12491844E-02
   1.56250000E-02  0.296875000      -4.12077457E-03   2.76860483E-02   3.06019485E-02
   4.68750000E-02  0.296875000      -1.60702374E-02   5.89199439E-02   3.02959681E-02
   7.81250000E-02  0.296875000      -3.38094532E-02   8.04579258E-02   2.99457610E-02
  0.109375000      0.296875000      -5.54627068E-02  0.101432517       2.93257982E-02
  0.140625000      0.296875000      -8.07238668E-02  0.124555260       2.82379985E-02
  0.171875000      0.296875000     -0.109150767      0.148442209       2.64729392E-02
  0.203125000      0.296875000     -0.139573336      0.169986457       2.38338243E-02
  0.234375000      0.296875000     -0.170165002      0.185807660       2.02059019E-02
  0.265625000      0.296875000     -0.198826924      0.193182468       1.56297348E-02
  0.296875000      0.296875000     -0.223698109      0.190709651       1.03314994E-02
  0.328125000      0.296875000     -0.243613243      0.178576127       4.68503311E-03
  0.359375000      0.296875000     -0.258328259      0.158299431      -8.80201755E-04
  0.390625000      0.296875000     -0.268434107      0.132078230      -5.97766554E-03
  0.421875000      0.296875000     -0.275035560      0.102085218      -1.03246942E-02
  0.453125000      0.296875000     -0.279371500       7.00007230E-02  -1.37528311E-02
  0.484375000      0.296875000     -0.282534182       3.68756056E-02  -1.61828510E-02
  0.515625000      0.296875000     -0.285344660       3.22546484E-03  -1.75885987E-02
  0.546875000      0.296875000     -0.288343638      -3.07933129E-02  -1.79747511E-02
  0.578125000      0.296875000     -0.291823208      -6.52261302E-02  -1.73481647E-02
  0.609375000      0.296875000     -0.295809269     -0.100209668      -1.57033466E-02
  0.640625000      0.296875000     -0.299891770     -0.135755733      -1.30248684E-02
  0.671875000      0.296875000     -0.302887172     -0.171424955      -9.30099655E-03
  0.703125000      0.296875000     -0.302437007     -0.205719680      -4.56530880E-03
  0.734375000      0.296875000     -0.294802904     -0.235262915       1.02101616E-03
  0.765625000      0.296875000     -0.275310904     -0.254133105       7.05715548E-03
  0.796875000      0.296875000     -0.239923507     -0.254189968       1.28341578E-02
  0.828125000      0.296875000     -0.188061699     -0.227570415       1.74554978E-02
  0.859375000      0.296875000     -0.125784278     -0.172179699       2.02428456E-02
  0.890625000      0.296875000      -6.65381327E-02  -9.86952335E-02   2.12045684E-02
  0.921875000      0.296875000      -2.49885600E-02  -3.16422880E-02   2.10424140E-02
  0.953125000      0.296875000      -5.29208314E-03   6.84186770E-03   2.06093863E-02
  0.984375000      0.296875000      -1.88499194E-04   1.31602380E-02   2.03194935E-02
   1.56250000E-02  0.328125000      -4.36121039E-03   3.61632481E-02   2.95167957E-02
   4.68750000E-02  0.328125000      -1.69977956E-02   7.50182644E-02   2.91623902E-02
   7.81250000E-02  0.328125000      -3.56451273E-02  0.100735389       2.86845751E-02
  0.109375000      0.328125000      -5.80826476E-02  0.125236988       2.78074257E-02
  0.140625000      0.328125000      -8.36763829E-02  0.151599705       2.62821279E-02
  0.171875000      0.328125000     -0.111621514      0.177767575       2.38550715E-02
  0.203125000      0.328125000     -0.140410632      0.199875027       2.03204136E-02
  0.234375000      0.328125000     -0.168022200      0.214129359       1.56158824E-02
  0.265625000      0.328125000     -0.192415208      0.217927322       9.89742205E-03
  0.296875000      0.328125000     -0.212083697      0.210520104       3.53624392E-03
  0.328125000      0.328125000     -0.226449579      0.193065345      -2.97285989E-03
  0.359375000      0.328125000     -0.235922843      0.168019116      -9.14501958E-03
  0.390625000      0.328125000     -0.241619080      0.138182223      -1.46099944E-02
  0.421875000      0.328125000     -0.244901955      0.105887234      -1.91475116E-02
  0.453125000      0.328125000     -0.246981531       7.26354271E-02  -2.26625577E-02
  0.484375000      0.328125000     -0.248715878       3.91582660E-02  -2.51365378E-02
  0.515625000      0.328125000     -0.250620723       5.67745045E-03  -2.65836008E-02
  0.546875000      0.328125000     -0.252997130      -2.78517790E-02  -2.70306841E-02
  0.578125000      0.328125000     -0.256072402      -6.15958348E-02  -2.65020430E-02
  0.609375000      0.328125000     -0.260084808      -9.58256647E-02  -2.49957591E-02
  0.640625000      0.328125000     -0.265213072     -0.130914301      -2.24876106E-02
  0.671875000      0.328125000     -0.271267056     -0.167203575      -1.89260934E-02
  0.703125000      0.328125000     -0.277116537     -0.204529732      -1.42453983E-02
  0.734375000      0.328125000     -0.279970765     -0.241222247      -8.42297450E-03
  0.765625000      0.328125000     -0.274961561     -0.272666454      -1.61332451E-03
  0.796875000      0.328125000     -0.255816847     -0.290182441       5.65568451E-03
  0.828125000      0.328125000     -0.217404738     -0.281847924       1.23689249E-02
  0.859375000      0.328125000     -0.160172164     -0.237410620       1.72849931E-02
  0.890625000      0.328125000      -9.45298001E-02 -0.158353284       1.96903590E-02
  0.921875000      0.328125000      -3.96359749E-02  -6.84296191E-02   2.00265255E-02
  0.953125000      0.328125000      -9.58559196E-03  -6.12058770E-03   1.95251331E-02
  0.984375000      0.328125000      -7.69925246E-04   1.22005949E-02   1.91077888E-02
   1.56250000E-02  0.359375000      -4.29687649E-03   4.48172316E-02   2.80454066E-02
   4.68750000E-02  0.359375000      -1.68829300E-02   9.15779918E-02   2.76439767E-02
   7.81250000E-02  0.359375000      -3.55088115E-02  0.121440083       2.70141661E-02
  0.109375000      0.359375000      -5.76455519E-02  0.149099976       2.58391611E-02
  0.140625000      0.359375000      -8.23091567E-02  0.177990720       2.38277763E-02
  0.171875000      0.359375000     -0.108397663      0.205411017       2.06994712E-02
  0.203125000      0.359375000     -0.134229437      0.226858050       1.62695646E-02
  0.234375000      0.359375000     -0.157815501      0.238354355       1.05640348E-02
  0.265625000      0.359375000     -0.177407950      0.237702549       3.87708936E-03
  0.296875000      0.359375000     -0.192025319      0.225048959      -3.28276749E-03
  0.328125000      0.359375000     -0.201715007      0.202612579      -1.03402371E-02
  0.359375000      0.359375000     -0.207423404      0.173675209      -1.68107823E-02
  0.390625000      0.359375000     -0.210549071      0.141369864      -2.23863460E-02
  0.421875000      0.359375000     -0.212426037      0.107880682      -2.69290321E-02
  0.453125000      0.359375000     -0.213984713       7.43004829E-02  -3.04121263E-02
  0.484375000      0.359375000     -0.215684921       4.09467965E-02  -3.28581631E-02
  0.515625000      0.359375000     -0.217651963       7.77855888E-03  -3.42998728E-02
  0.546875000      0.359375000     -0.219884217      -2.53276899E-02  -3.47680449E-02
  0.578125000      0.359375000     -0.222431704      -5.84817193E-02  -3.42909843E-02
  0.609375000      0.359375000     -0.225515962      -9.18287635E-02  -3.28799263E-02
  0.640625000      0.359375000     -0.229567260     -0.125718176      -3.05305161E-02
  0.671875000      0.359375000     -0.235101581     -0.160798848      -2.72069722E-02
  0.703125000      0.359375000     -0.242291465     -0.197883606      -2.28264686E-02
  0.734375000      0.359375000     -0.250094682     -0.237200558      -1.72671452E-02
  0.765625000      0.359375000     -0.255110979     -0.276672065      -1.04498696E-02
  0.796875000      0.359375000     -0.250966042     -0.309459269      -2.55477335E-03
  0.828125000      0.359375000     -0.229575157     -0.322368979       5.65857813E-03
  0.859375000      0.359375000     -0.185406804     -0.298287570       1.27347745E-02
  0.890625000      0.359375000     -0.122226104     -0.226298526       1.71381459E-02
  0.921875000      0.359375000      -5.78746200E-02 -0.119730450       1.85138136E-02
  0.953125000      0.359375000      -1.59748569E-02  -2.67717838E-02   1.81010459E-02
  0.984375000      0.359375000      -1.68527162E-03   9.74449702E-03   1.75430384E-02
   1.56250000E-02  0.390625000      -3.90042877E-03   5.30112237E-02   2.62165647E-02
   4.68750000E-02  0.390625000      -1.56406090E-02  0.107703142       2.57741921E-02
   7.81250000E-02  0.390625000      -3.32792029E-02  0.141572818       2.49800086E-02
  0.109375000      0.390625000      -5.40651493E-02  0.171885818       2.34912280E-02
  0.140625000      0.390625000      -7.66923204E-02  0.202495068       2.09889710E-02
  0.171875000      0.390625000      -9.98776779E-02  0.230184317       1.71870589E-02
  0.203125000      0.390625000     -0.121954441      0.250001848       1.19486731E-02
  0.234375000      0.390625000     -0.141169071      0.258024424       5.40759321E-03
  0.265625000      0.390625000     -0.156214148      0.252687067      -2.00741622E-03
  0.296875000      0.390625000     -0.166662246      0.235149711      -9.68443695E-03
  0.328125000      0.390625000     -0.173069671      0.208630234      -1.70197003E-02
  0.359375000      0.390625000     -0.176682055      0.176999971      -2.35753320E-02
  0.390625000      0.390625000     -0.178901196      0.143410981      -2.91267484E-02
  0.421875000      0.390625000     -0.180805534      0.109640792      -3.36121693E-02
  0.453125000      0.390625000     -0.182941347       7.62533993E-02  -3.70498896E-02
  0.484375000      0.390625000     -0.185395151       4.31649685E-02  -3.94763574E-02
  0.515625000      0.390625000     -0.188006520       1.01544764E-02  -4.09201831E-02
  0.546875000      0.390625000     -0.190576702      -2.28867475E-02  -4.14013267E-02
  0.578125000      0.390625000     -0.193007827      -5.59307262E-02  -4.09401655E-02
  0.609375000      0.390625000     -0.195387095      -8.89038146E-02  -3.95584106E-02
  0.640625000      0.390625000     -0.198066235     -0.121901087      -3.72780710E-02
  0.671875000      0.390625000     -0.201720715     -0.155416220      -3.41051258E-02
  0.703125000      0.390625000     -0.207238287     -0.190548539      -3.00009549E-02
  0.734375000      0.390625000     -0.215139747     -0.228821486      -2.48506386E-02
  0.765625000      0.390625000     -0.224273056     -0.270893037      -1.84677467E-02
  0.796875000      0.390625000     -0.230123550     -0.313525438      -1.07260831E-02
  0.828125000      0.390625000     -0.224218398     -0.345593095      -1.92034000E-03
  0.859375000      0.390625000     -0.196807504     -0.346638739       6.76133158E-03
  0.890625000      0.390625000     -0.144032538     -0.293900967       1.33086853E-02
  0.921875000      0.390625000      -7.72715509E-02 -0.183240086       1.62564833E-02
  0.953125000      0.390625000      -2.42929980E-02  -5.81412464E-02   1.62675977E-02
  0.984375000      0.390625000      -2.76423409E-03   5.29444218E-03   1.55522292E-02
   1.56250000E-02  0.421875000      -3.18631250E-03   6.00954816E-02   2.41087079E-02
   4.68750000E-02  0.421875000      -1.33134695E-02  0.122481063       2.36371867E-02
   7.81250000E-02  0.421875000      -2.90546604E-02  0.160170376       2.26825271E-02
  0.109375000      0.421875000      -4.75746468E-02  0.192592531       2.08934415E-02
  0.140625000      0.421875000      -6.73085600E-02  0.224151403       1.79408938E-02
  0.171875000      0.421875000      -8.69202316E-02  0.251331359       1.35524999E-02
  0.203125000      0.421875000     -0.104923166      0.268945485       7.65445642E-03
  0.234375000      0.421875000     -0.119932011      0.273319483       4.87333862E-04
  0.265625000      0.421875000     -0.131115928      0.263639510      -7.41111115E-03
  0.296875000      0.421875000     -0.138505161      0.242055118      -1.53698036E-02
  0.328125000      0.421875000     -0.142949194      0.212597519      -2.28003114E-02
  0.359375000      0.421875000     -0.145726174      0.179442897      -2.93345526E-02
  0.390625000      0.421875000     -0.148019925      0.145500630      -3.48274037E-02
  0.421875000      0.421875000     -0.150555149      0.112008862      -3.92709151E-02
  0.453125000      0.421875000     -0.153536737       7.90192410E-02  -4.27017510E-02
  0.484375000      0.421875000     -0.156818569       4.61496562E-02  -4.51488346E-02
  0.515625000      0.421875000     -0.160126850       1.31028406E-02  -4.66226563E-02
  0.546875000      0.421875000     -0.163215294      -2.01643221E-02  -4.71258759E-02
  0.578125000      0.421875000     -0.165933430      -5.34928143E-02  -4.66668047E-02
  0.609375000      0.421875000     -0.168250442      -8.66351873E-02  -4.52710763E-02
  0.640625000      0.421875000     -0.170312554     -0.119418919      -4.29799892E-02
  0.671875000      0.421875000     -0.172575235     -0.151972204      -3.98397781E-02
  0.703125000      0.421875000     -0.175945699     -0.185095966      -3.58749330E-02
  0.734375000      0.421875000     -0.181678414     -0.220631823      -3.10415588E-02
  0.765625000      0.421875000     -0.190507457     -0.261112839      -2.51762643E-02
  0.796875000      0.421875000     -0.200651661     -0.307304204      -1.80118363E-02
  0.828125000      0.421875000     -0.205555171     -0.352810323      -9.42326616E-03
  0.859375000      0.421875000     -0.194074541     -0.378308713      -2.95758164E-05
  0.890625000      0.421875000     -0.156177074     -0.352900594       8.26306455E-03
  0.921875000      0.421875000      -9.43810120E-02 -0.252796173       1.30552314E-02
  0.953125000      0.421875000      -3.35393883E-02 -0.102405123       1.38942348E-02
  0.984375000      0.421875000      -4.02007578E-03  -1.49007339E-03   1.29944403E-02
   1.56250000E-02  0.453125000      -2.20869808E-03   6.54888377E-02   2.18407214E-02
   4.68750000E-02  0.453125000      -1.00608654E-02  0.135063767       2.13575326E-02
   7.81250000E-02  0.453125000      -2.31191255E-02  0.176384971       2.02635899E-02
  0.109375000      0.453125000      -3.86464968E-02  0.210425824       1.82155650E-02
  0.140625000      0.453125000      -5.48987798E-02  0.242308497       1.48910349E-02
  0.171875000      0.453125000      -7.05929399E-02  0.268488556       1.00444220E-02
  0.203125000      0.453125000      -8.45349804E-02  0.283746004       3.66587983E-03
  0.234375000      0.453125000      -9.57608372E-02  0.284770131      -3.91567964E-03
  0.265625000      0.453125000     -0.103862077      0.271493137      -1.20894089E-02
  0.296875000      0.453125000     -0.109159052      0.246908128      -2.01646760E-02
  0.328125000      0.453125000     -0.112560831      0.215610832      -2.75930576E-02
  0.359375000      0.453125000     -0.115164876      0.181830183      -3.40761542E-02
  0.390625000      0.453125000     -0.117827967      0.148088187      -3.95287313E-02
  0.421875000      0.453125000     -0.120947301      0.115092069      -4.39713001E-02
  0.453125000      0.453125000     -0.124511749       8.24964419E-02  -4.74387929E-02
  0.484375000      0.453125000     -0.128298804       4.97539975E-02  -4.99414429E-02
  0.515625000      0.453125000     -0.132056087       1.65752154E-02  -5.14676049E-02
  0.546875000      0.453125000     -0.135589629      -1.70048121E-02  -5.20030335E-02
  0.578125000      0.453125000     -0.138773322      -5.07416129E-02  -5.15458062E-02
  0.609375000      0.453125000     -0.141527891      -8.43067169E-02  -5.01209423E-02
  0.640625000      0.453125000     -0.143834203     -0.117371477      -4.77795266E-02
  0.671875000      0.453125000     -0.145841360     -0.149742723      -4.45942357E-02
  0.703125000      0.453125000     -0.148092851     -0.181696743      -4.06422690E-02
  0.734375000      0.453125000     -0.151770040     -0.214614689      -3.59642394E-02
  0.765625000      0.453125000     -0.158496559     -0.251568228      -3.04920599E-02
  0.796875000      0.453125000     -0.168862343     -0.296333045      -2.39791237E-02
  0.828125000      0.453125000     -0.179409951     -0.348325193      -1.60763226E-02
  0.859375000      0.453125000     -0.180267364     -0.393412828      -6.82781171E-03
  0.890625000      0.453125000     -0.157958686     -0.397999525       2.41739838E-03
  0.921875000      0.453125000     -0.106500067     -0.320949942       8.87901336E-03
  0.953125000      0.453125000      -4.29974236E-02 -0.158594608       1.07766520E-02
  0.984375000      0.453125000      -6.15343871E-03  -1.16635151E-02   9.73416492E-03
   1.56250000E-02  0.484375000      -1.05334760E-03   6.87499568E-02   1.95538625E-02
   4.68750000E-02  0.484375000      -6.13207510E-03  0.144731939       1.90811083E-02
   7.81250000E-02  0.484375000      -1.58872791E-02  0.189529985       1.78845003E-02
  0.109375000      0.484375000      -2.78952383E-02  0.224818498       1.56409405E-02
  0.140625000      0.484375000      -4.03130129E-02  0.256591767       1.20480703E-02
  0.171875000      0.484375000      -5.19761220E-02  0.281572491       6.89206552E-03
  0.203125000      0.484375000      -6.20356388E-02  0.294677496       2.15747350E-04
  0.234375000      0.484375000      -6.99394643E-02  0.292985439      -7.59205222E-03
  0.265625000      0.484375000      -7.56013095E-02  0.277060091      -1.58833954E-02
  0.296875000      0.484375000      -7.94574320E-02  0.250514179      -2.39749812E-02
  0.328125000      0.484375000      -8.22895765E-02  0.218258142      -3.13635282E-02
  0.359375000      0.484375000      -8.48935843E-02  0.184409007      -3.78047675E-02
  0.390625000      0.484375000      -8.77931267E-02  0.151088238      -4.32492681E-02
  0.421875000      0.484375000      -9.11520198E-02  0.118584491      -4.77256365E-02
  0.453125000      0.484375000      -9.48758721E-02   8.63046050E-02  -5.12561277E-02
  0.484375000      0.484375000      -9.87769216E-02   5.36444262E-02  -5.38299456E-02
  0.515625000      0.484375000     -0.102690063       2.03642063E-02  -5.54159097E-02
  0.546875000      0.484375000     -0.106507063      -1.34355575E-02  -5.59863374E-02
  0.578125000      0.484375000     -0.110155076      -4.74724248E-02  -5.55332638E-02
  0.609375000      0.484375000     -0.113560021      -8.14103633E-02  -5.40797561E-02
  0.640625000      0.484375000     -0.116629958     -0.114886090      -5.16804270E-02
  0.671875000      0.484375000     -0.119303301     -0.147542417      -4.84207943E-02
  0.703125000      0.484375000     -0.121728137     -0.179215729      -4.44105938E-02
  0.734375000      0.484375000     -0.124611646     -0.210530132      -3.97580378E-02
  0.765625000      0.484375000     -0.129533052     -0.244000152      -3.45043615E-02
  0.796875000      0.484375000     -0.138383597     -0.284680307      -2.85161138E-02
  0.828125000      0.484375000     -0.150715113     -0.337094665      -2.14219950E-02
  0.859375000      0.484375000     -0.159644574     -0.394852817      -1.28843356E-02
  0.890625000      0.484375000     -0.151138514     -0.427371264      -3.54594178E-03
  0.921875000      0.484375000     -0.112765044     -0.381408095       4.03031521E-03
  0.953125000      0.484375000      -5.22034802E-02 -0.222199261       6.98128389E-03
  0.984375000      0.484375000      -9.64442547E-03  -2.74611469E-02   5.97628439E-03
   1.56250000E-02  0.515625000       1.74591652E-04   6.96283728E-02   1.73901133E-02
   4.68750000E-02  0.515625000      -1.83516450E-03  0.150941730       1.69522315E-02
   7.81250000E-02  0.515625000      -7.85114244E-03  0.199092537       1.57015398E-02
  0.109375000      0.515625000      -1.59938335E-02  0.235410303       1.33405849E-02
  0.140625000      0.515625000      -2.44045705E-02  0.266835511       9.59594548E-03
  0.171875000      0.515625000      -3.20555530E-02  0.290653646       4.28380305E-03
  0.203125000      0.515625000      -3.84425074E-02  0.302057177      -2.51937285E-03
  0.234375000      0.515625000      -4.33825627E-02  0.298466742      -1.03966668E-02
  0.265625000      0.515625000      -4.70113754E-02  0.280888140      -1.86932869E-02
  0.296875000      0.515625000      -4.97481264E-02  0.253298014      -2.67465748E-02
  0.328125000      0.515625000      -5.21361083E-02  0.220712632      -3.40899266E-02
  0.359375000      0.515625000      -5.46325520E-02  0.187071532      -4.05110344E-02
  0.390625000      0.515625000      -5.74773215E-02  0.154184520      -4.59742285E-02
  0.421875000      0.515625000      -6.07005507E-02  0.122082703      -5.05030230E-02
  0.453125000      0.515625000      -6.42198101E-02   9.00598466E-02  -5.41036353E-02
  0.484375000      0.515625000      -6.79382682E-02   5.75171933E-02  -5.67471348E-02
  0.515625000      0.515625000      -7.17929155E-02   2.42661685E-02  -5.83878011E-02
  0.546875000      0.515625000      -7.57538080E-02  -9.55399964E-03  -5.89887351E-02
  0.578125000      0.515625000      -7.97966644E-02  -4.36584279E-02  -5.85388541E-02
  0.609375000      0.515625000      -8.38718638E-02  -7.77401775E-02  -5.70598841E-02
  0.640625000      0.515625000      -8.78801867E-02 -0.111474410      -5.46075776E-02
  0.671875000      0.515625000      -9.16768312E-02 -0.144480735      -5.12722656E-02
  0.703125000      0.515625000      -9.51639265E-02 -0.176362187      -4.71794866E-02
  0.734375000      0.515625000      -9.85694155E-02 -0.207091421      -4.24798168E-02
  0.765625000      0.515625000     -0.102942079     -0.238141567      -3.73037942E-02
  0.796875000      0.515625000     -0.110383317     -0.274243951      -3.16550732E-02
  0.828125000      0.515625000     -0.122503147     -0.323076606      -2.52692904E-02
  0.859375000      0.515625000     -0.135938764     -0.386502981      -1.76617652E-02
  0.890625000      0.515625000     -0.138411194     -0.441752374      -8.86823144E-03
  0.921875000      0.515625000     -0.113665462     -0.430144370      -8.28646356E-04
  0.953125000      0.515625000      -6.02421910E-02 -0.287446558       3.06270365E-03
  0.984375000      0.515625000      -1.39545109E-02  -5.10598421E-02   2.35793088E-03
   1.56250000E-02  0.546875000       1.34557707E-03   6.81082606E-02   1.54698575E-02
   4.68750000E-02  0.546875000       2.48845480E-03  0.153329313       1.50971096E-02
   7.81250000E-02  0.546875000       4.75420500E-04  0.204736024       1.38446894E-02
  0.109375000      0.546875000      -3.62169766E-03  0.242011100       1.14523601E-02
  0.140625000      0.546875000      -7.97850452E-03  0.273009896       7.67688360E-03
  0.171875000      0.546875000      -1.16920993E-02  0.295854926       2.35739537E-03
  0.203125000      0.546875000      -1.45672765E-02  0.306132317      -4.41787951E-03
  0.234375000      0.546875000      -1.67367477E-02  0.301517844      -1.22348052E-02
  0.265625000      0.546875000      -1.84881501E-02  0.283235192      -2.04553548E-02
  0.296875000      0.546875000      -2.01551449E-02  0.255372643      -2.84413081E-02
  0.328125000      0.546875000      -2.20071357E-02  0.222894847      -3.57471220E-02
  0.359375000      0.546875000      -2.41792388E-02  0.189572930      -4.21696268E-02
  0.390625000      0.546875000      -2.66849101E-02  0.157046497      -4.76690196E-02
  0.421875000      0.546875000      -2.94862315E-02  0.125255972      -5.22563010E-02
  0.453125000      0.546875000      -3.25581618E-02   9.34863538E-02  -5.59226274E-02
  0.484375000      0.546875000      -3.59106883E-02   6.11683689E-02  -5.86257949E-02
  0.515625000      0.546875000      -3.95765975E-02   2.81406343E-02  -6.03104010E-02
  0.546875000      0.546875000      -4.35879864E-02  -5.45241358E-03  -6.09337240E-02
  0.578125000      0.546875000      -4.79551479E-02  -3.93471718E-02  -6.04823790E-02
  0.609375000      0.546875000      -5.26502281E-02  -7.32789487E-02  -5.89775071E-02
  0.640625000      0.546875000      -5.75906038E-02 -0.106985070      -5.64754121E-02
  0.671875000      0.546875000      -6.26274794E-02 -0.140134826      -5.30684367E-02
  0.703125000      0.546875000      -6.75753206E-02 -0.172271430      -4.88890260E-02
  0.734375000      0.546875000      -7.23680705E-02 -0.202982172      -4.41104770E-02
  0.765625000      0.546875000      -7.74821267E-02 -0.232762262      -3.89232673E-02
  0.796875000      0.546875000      -8.45525712E-02 -0.265109718      -3.34498957E-02
  0.828125000      0.546875000      -9.60443094E-02 -0.308597445      -2.75810435E-02
  0.859375000      0.546875000     -0.111639105     -0.371950030      -2.08625831E-02
  0.890625000      0.546875000     -0.122203350     -0.443267137      -1.29304891E-02
  0.921875000      0.546875000     -0.110166430     -0.465411156      -4.94923908E-03
  0.953125000      0.546875000      -6.61616623E-02 -0.349607110      -2.60817673E-04
  0.984375000      0.546875000      -1.81670114E-02  -8.31812769E-02  -4.31975786E-04
   1.56250000E-02  0.578125000       2.35084561E-03   6.44121245E-02   1.38812410E-02
   4.68750000E-02  0.578125000       6.48618117E-03  0.151748329       1.35976393E-02
   7.81250000E-02  0.578125000       8.55620578E-03  0.206262499       1.24078970E-02
  0.109375000      0.578125000       8.57843924E-03  0.244564176       1.00709749E-02
  0.140625000      0.578125000       8.22623074E-03  0.275173396       6.38228655E-03
  0.171875000      0.578125000       8.35121609E-03  0.297290742       1.19753554E-03
  0.203125000      0.578125000       8.91032442E-03  0.307026207      -5.40772732E-03
  0.234375000      0.578125000       9.49661061E-03  0.302222967      -1.30505683E-02
  0.265625000      0.578125000       9.69324075E-03  0.284101725      -2.11286638E-02
  0.296875000      0.578125000       9.25142691E-03  0.256631643      -2.90276781E-02
  0.328125000      0.578125000       8.15079827E-03  0.224604011      -3.63059379E-02
  0.359375000      0.578125000       6.53870124E-03  0.191661686      -4.27481942E-02
  0.390625000      0.578125000       4.59055044E-03  0.159423113      -4.82961833E-02
  0.421875000      0.578125000       2.39106873E-03  0.127889439      -5.29437922E-02
  0.453125000      0.578125000      -9.49107343E-05   9.64179039E-02  -5.66694140E-02
  0.484375000      0.578125000      -2.97619030E-03   6.44757748E-02  -5.94221503E-02
  0.515625000      0.578125000      -6.37065060E-03   3.18970978E-02  -6.11407608E-02
  0.546875000      0.578125000      -1.03631709E-02  -1.20279216E-03  -6.17784671E-02
  0.578125000      0.578125000      -1.49907833E-02  -3.46008018E-02  -6.13194183E-02
  0.609375000      0.578125000      -2.02415958E-02  -6.80788085E-02  -5.97838201E-02
  0.640625000      0.578125000      -2.60520596E-02 -0.101434052      -5.72281703E-02
  0.671875000      0.578125000      -3.22985835E-02 -0.134402186      -5.37463762E-02
  0.703125000      0.578125000      -3.88003439E-02 -0.166554153      -4.94752452E-02
  0.734375000      0.578125000      -4.53832522E-02 -0.197323352      -4.46008444E-02
  0.765625000      0.578125000      -5.21392301E-02 -0.226550519      -3.93502861E-02
  0.796875000      0.578125000      -6.00442253E-02 -0.256345451      -3.39322500E-02
  0.828125000      0.578125000      -7.14566782E-02 -0.294456959      -2.83858553E-02
  0.859375000      0.578125000      -8.80521834E-02 -0.353899777      -2.23820452E-02
  0.890625000      0.578125000     -0.104269341     -0.434535682      -1.53661203E-02
  0.921875000      0.578125000     -0.103284329     -0.487164438      -7.77671160E-03
  0.953125000      0.578125000      -6.95406348E-02 -0.405602485      -2.47366121E-03
  0.984375000      0.578125000      -2.16865446E-02 -0.123035043      -1.97533634E-03
   1.56250000E-02  0.609375000       3.10630933E-03   5.89552782E-02   1.26746260E-02
   4.68750000E-02  0.609375000       9.85217094E-03  0.146325067       1.24966698E-02
   7.81250000E-02  0.609375000       1.58677213E-02  0.203602552       1.14301136E-02
  0.109375000      0.609375000       1.99753121E-02  0.243098676       9.24205501E-03
  0.140625000      0.609375000       2.35338658E-02  0.273439556       5.75477257E-03
  0.171875000      0.609375000       2.73910835E-02  0.295052290       8.35082610E-04
  0.203125000      0.609375000       3.13678533E-02  0.304741383      -5.46869310E-03
  0.234375000      0.609375000       3.48318443E-02  0.300472111      -1.28280148E-02
  0.265625000      0.609375000       3.72261852E-02  0.283277214      -2.06937119E-02
  0.296875000      0.609375000       3.83328274E-02  0.256806791      -2.84782555E-02
  0.328125000      0.609375000       3.83053087E-02  0.225571334      -3.57327387E-02
  0.359375000      0.609375000       3.75104658E-02  0.193113819      -4.22119834E-02
  0.390625000      0.609375000       3.62889394E-02  0.161151022      -4.78245430E-02
  0.421875000      0.609375000       3.47886756E-02  0.129869387      -5.25404662E-02
  0.453125000      0.609375000       3.29489559E-02   9.87695903E-02  -5.63257933E-02
  0.484375000      0.609375000       3.05917412E-02   6.73665255E-02  -5.91243804E-02
  0.515625000      0.609375000       2.75282040E-02   3.54666114E-02  -6.08720407E-02
  0.546875000      0.609375000       2.36219969E-02   3.12736072E-03  -6.15190901E-02
  0.578125000      0.609375000       1.88056827E-02  -2.94870697E-02  -6.10465892E-02
  0.609375000      0.609375000       1.30727198E-02  -6.22094050E-02  -5.94725981E-02
  0.640625000      0.609375000       6.46659639E-03  -9.48877782E-02  -5.68529963E-02
  0.671875000      0.609375000      -9.22087347E-04 -0.127314180      -5.32833859E-02
  0.703125000      0.609375000      -8.95328633E-03 -0.159110025      -4.89053838E-02
  0.734375000      0.609375000      -1.74546428E-02 -0.189683884      -4.39151935E-02
  0.765625000      0.609375000      -2.63423473E-02 -0.218546882      -3.85642424E-02
  0.796875000      0.609375000      -3.60494852E-02 -0.246737540      -3.31188031E-02
  0.828125000      0.609375000      -4.83169854E-02 -0.280385584      -2.77353954E-02
  0.859375000      0.609375000      -6.56597763E-02 -0.334033668      -2.22374797E-02
  0.890625000      0.609375000      -8.57410878E-02 -0.418104351      -1.60399340E-02
  0.921875000      0.609375000      -9.39572379E-02 -0.496365875      -9.01640579E-03
  0.953125000      0.609375000      -7.04727769E-02 -0.453630656      -3.32039688E-03
  0.984375000      0.609375000      -2.43064612E-02 -0.169028655      -2.12533120E-03
   1.56250000E-02  0.640625000       3.55994771E-03   5.22891879E-02   1.18597029E-02
   4.68750000E-02  0.640625000       1.23428311E-02  0.137463138       1.17939543E-02
   7.81250000E-02  0.640625000       2.19310168E-02  0.196862578       1.09040523E-02
  0.109375000      0.640625000       2.99612135E-02  0.237704456       8.95549357E-03
  0.140625000      0.640625000       3.72913778E-02  0.267951012       5.78333903E-03
  0.171875000      0.640625000       4.47636098E-02  0.289220005       1.25670084E-03
  0.203125000      0.640625000       5.21720350E-02  0.299199641      -4.61575948E-03
  0.234375000      0.640625000       5.87230958E-02  0.296011925      -1.15782274E-02
  0.265625000      0.640625000       6.36968464E-02  0.280383438      -1.91514976E-02
  0.296875000      0.640625000       6.68179691E-02  0.255486876      -2.67814510E-02
  0.328125000      0.640625000       6.83024973E-02  0.225447387      -3.40060331E-02
  0.359375000      0.640625000       6.86507225E-02  0.193695873      -4.05369289E-02
  0.390625000      0.640625000       6.83416873E-02  0.162108958      -4.62357588E-02
  0.421875000      0.640625000       6.76168054E-02  0.131143838      -5.10396175E-02
  0.453125000      0.640625000       6.64462149E-02  0.100510560      -5.48984706E-02
  0.484375000      0.640625000       6.46316633E-02   6.98004812E-02  -5.77510633E-02
  0.515625000      0.640625000       6.19386584E-02   3.87906656E-02  -5.95316738E-02
  0.546875000      0.640625000       5.81831038E-02   7.46517256E-03  -6.01885244E-02
  0.578125000      0.640625000       5.32586165E-02  -2.40849666E-02  -5.96991740E-02
  0.609375000      0.640625000       4.71283421E-02  -5.57497777E-02  -5.80782965E-02
  0.640625000      0.640625000       3.98059376E-02  -8.74206573E-02  -5.53801395E-02
  0.671875000      0.640625000       3.13420407E-02 -0.118930548      -5.17020337E-02
  0.703125000      0.640625000       2.18239278E-02 -0.149946094      -4.71918881E-02
  0.734375000      0.640625000       1.13771986E-02 -0.179901361      -4.20580730E-02
  0.765625000      0.640625000       1.29042892E-04 -0.208195150      -3.65713015E-02
  0.796875000      0.640625000      -1.20183043E-02 -0.235236466      -3.10368799E-02
  0.828125000      0.640625000      -2.60766093E-02 -0.265562713      -2.56966390E-02
  0.859375000      0.640625000      -4.44750525E-02 -0.313117385      -2.05134898E-02
  0.890625000      0.640625000      -6.72822595E-02 -0.396134496      -1.49697755E-02
  0.921875000      0.640625000      -8.29792321E-02 -0.494425297      -8.56539980E-03
  0.953125000      0.640625000      -6.93316832E-02 -0.492706090      -2.69912323E-03
  0.984375000      0.640625000      -2.60587763E-02 -0.219394997      -8.62299465E-04
   1.56250000E-02  0.671875000       3.69934924E-03   4.50297967E-02   1.14101656E-02
   4.68750000E-02  0.671875000       1.37976101E-02  0.125841454       1.14512909E-02
   7.81250000E-02  0.671875000       2.63290219E-02  0.186365604       1.07803615E-02
  0.109375000      0.671875000       3.79490778E-02  0.228553638       9.15810559E-03
  0.140625000      0.671875000       4.88478765E-02  0.258877426       6.41465141E-03
  0.171875000      0.671875000       5.97933754E-02  0.279882848       2.40829820E-03
  0.203125000      0.671875000       7.06390440E-02  0.290292084      -2.90187169E-03
  0.234375000      0.671875000       8.05128515E-02  0.288505912      -9.34655219E-03
  0.265625000      0.671875000       8.85213315E-02  0.274919659      -1.65322311E-02
  0.296875000      0.671875000       9.42371339E-02  0.252126336      -2.39489917E-02
  0.328125000      0.671875000       9.78082046E-02  0.223764256      -3.11230049E-02
  0.359375000      0.671875000       9.97579768E-02  0.193091542      -3.77149656E-02
  0.390625000      0.671875000      0.100653917      0.162135109      -4.35270295E-02
  0.421875000      0.671875000      0.100847207      0.131655946      -4.84513640E-02
  0.453125000      0.671875000      0.100395292      0.101625569      -5.24137989E-02
  0.484375000      0.671875000       9.91406292E-02   7.17574060E-02  -5.53441234E-02
  0.515625000      0.671875000       9.68444794E-02   4.18239534E-02  -5.71741089E-02
  0.546875000      0.671875000       9.32908803E-02   1.17407124E-02  -5.78499511E-02
  0.578125000      0.671875000       8.83313715E-02  -1.84778403E-02  -5.73456511E-02
  0.609375000      0.671875000       8.18848163E-02  -4.87820618E-02  -5.56717068E-02
  0.640625000      0.671875000       7.39179552E-02  -7.91014284E-02  -5.28802574E-02
  0.671875000      0.671875000       6.44272715E-02 -0.109297633      -4.90706190E-02
  0.703125000      0.671875000       5.34381345E-02 -0.139074177      -4.43982705E-02
  0.734375000      0.671875000       4.10215147E-02 -0.167912304      -3.90860289E-02
  0.765625000      0.671875000       2.72970870E-02 -0.195214078      -3.34267914E-02
  0.796875000      0.671875000       1.23349996E-02 -0.221110791      -2.77553312E-02
  0.828125000      0.671875000      -4.26727161E-03 -0.249030858      -2.23625470E-02
  0.859375000      0.671875000      -2.42917687E-02 -0.291229784      -1.73346587E-02
  0.890625000      0.671875000      -4.92191091E-02 -0.370291412      -1.22587848E-02
  0.921875000      0.671875000      -7.09442645E-02 -0.482850432      -6.42959587E-03
  0.953125000      0.671875000      -6.65577352E-02 -0.522319436      -5.58014377E-04
  0.984375000      0.671875000      -2.70803832E-02 -0.272535831       1.83136156E-03
   1.56250000E-02  0.703125000       3.54899536E-03   3.77809927E-02   1.12722525E-02
   4.68750000E-02  0.703125000       1.41478842E-02  0.112392291       1.14036575E-02
   7.81250000E-02  0.703125000       2.87276618E-02  0.172703356       1.09799728E-02
  0.109375000      0.703125000       4.33788709E-02  0.215945661       9.76463594E-03
  0.140625000      0.703125000       5.75421005E-02  0.246426225       7.56337680E-03
  0.171875000      0.703125000       7.17784017E-02  0.267157286       4.20387322E-03
  0.203125000      0.703125000       8.60252827E-02  0.277932346      -4.14227950E-04
  0.234375000      0.703125000       9.94190127E-02  0.277607322      -6.21618144E-03
  0.265625000      0.703125000      0.110915013      0.266324311      -1.29059507E-02
  0.296875000      0.703125000      0.119863614      0.246068299      -2.00312007E-02
  0.328125000      0.703125000      0.126218796      0.219906732      -2.71147974E-02
  0.359375000      0.703125000      0.130400419      0.190827310      -3.37656923E-02
  0.390625000      0.703125000      0.132980943      0.160931021      -3.97174284E-02
  0.421875000      0.703125000      0.134399712      0.131254286      -4.48040515E-02
  0.453125000      0.703125000      0.134832054      0.102051228      -4.89152372E-02
  0.484375000      0.703125000      0.134216219       7.32048526E-02  -5.19636273E-02
  0.515625000      0.703125000      0.132360861       4.45290282E-02  -5.38744330E-02
  0.546875000      0.703125000      0.129049897       1.58998333E-02  -5.45904934E-02
  0.578125000      0.703125000      0.124103278      -1.27322199E-02  -5.40823266E-02
  0.609375000      0.703125000      0.117389731      -4.13696840E-02  -5.23561984E-02
  0.640625000      0.703125000      0.108814798      -6.99745268E-02  -4.94624563E-02
  0.671875000      0.703125000       9.83079746E-02  -9.84297618E-02  -4.55030650E-02
  0.703125000      0.703125000       8.58249143E-02 -0.126472712      -4.06423397E-02
  0.734375000      0.703125000       7.13761449E-02 -0.153651357      -3.51188742E-02
  0.765625000      0.703125000       5.50703481E-02 -0.179448009      -2.92480998E-02
  0.796875000      0.703125000       3.70976403E-02 -0.203945696      -2.33947746E-02
  0.828125000      0.703125000       1.74523164E-02 -0.229952559      -1.78867541E-02
  0.859375000      0.703125000      -4.81216703E-03 -0.268023908      -1.28595689E-02
  0.890625000      0.703125000      -3.16189118E-02 -0.341768593      -8.05757288E-03
  0.921875000      0.703125000      -5.81921414E-02 -0.463080704      -2.67145736E-03
  0.953125000      0.703125000      -6.24888800E-02 -0.542185187       3.15862102E-03
  0.984375000      0.703125000      -2.75116600E-02 -0.327130198       6.03731442E-03
   1.56250000E-02  0.734375000       3.15409200E-03   3.10770329E-02   1.13760075E-02
   4.68750000E-02  0.734375000       1.34013332E-02   9.82483178E-02   1.15728863E-02
   7.81250000E-02  0.734375000       2.88885459E-02  0.156778842       1.14106843E-02
  0.109375000      0.734375000       4.57343310E-02  0.200372666       1.06743062E-02
  0.140625000      0.734375000       6.27037212E-02  0.230867550       9.12691560E-03
  0.171875000      0.734375000       7.99900740E-02  0.251196146       6.53732754E-03
  0.203125000      0.734375000       9.75459069E-02  0.262095690       2.73268996E-03
  0.234375000      0.734375000      0.114568561      0.263034403      -2.30879057E-03
  0.265625000      0.734375000      0.129916579      0.254061520      -8.39286391E-03
  0.296875000      0.734375000      0.142698109      0.236610144      -1.51357949E-02
  0.328125000      0.734375000      0.152583152      0.213133946      -2.20700707E-02
  0.359375000      0.734375000      0.159767017      0.186243296      -2.87600048E-02
  0.390625000      0.734375000      0.164717734      0.157991379      -3.48676927E-02
  0.421875000      0.734375000      0.167895436      0.129603565      -4.01581675E-02
  0.453125000      0.734375000      0.169577494      0.101591989      -4.44713235E-02
  0.484375000      0.734375000      0.169823080       7.40370676E-02  -4.76911925E-02
  0.515625000      0.734375000      0.168531746       4.68447432E-02  -4.97290976E-02
  0.546875000      0.734375000      0.165527791       1.98989287E-02  -5.05212843E-02
  0.578125000      0.734375000      0.160624504      -6.88256137E-03  -5.00339642E-02
  0.609375000      0.734375000      0.153650567      -3.35337967E-02  -4.82702963E-02
  0.640625000      0.734375000      0.144451395      -6.00387976E-02  -4.52793278E-02
  0.671875000      0.734375000      0.132887572      -8.62976983E-02  -4.11666632E-02
  0.703125000      0.734375000      0.118846945     -0.112084255      -3.61059345E-02
  0.734375000      0.734375000      0.102286458     -0.137034059      -3.03509757E-02
  0.765625000      0.734375000       8.33045244E-02 -0.160781562      -2.42374670E-02
  0.796875000      0.734375000       6.21961504E-02 -0.183535695      -1.81534868E-02
  0.828125000      0.734375000       3.93036716E-02 -0.207830220      -1.24546867E-02
  0.859375000      0.734375000       1.43615082E-02 -0.242945954      -7.31185544E-03
  0.890625000      0.734375000      -1.43063786E-02 -0.311379075      -2.54538911E-03
  0.921875000      0.734375000      -4.47499231E-02 -0.436461270       2.62177666E-03
  0.953125000      0.734375000      -5.72219715E-02 -0.552044094       8.53420049E-03
  0.984375000      0.734375000      -2.74164118E-02 -0.382061303       1.19356140E-02
   1.56250000E-02  0.765625000       2.54965364E-03   2.53719743E-02   1.16473893E-02
   4.68750000E-02  0.765625000       1.15851453E-02   8.46677795E-02   1.18813077E-02
   7.81250000E-02  0.765625000       2.66439132E-02  0.139810532       1.19858729E-02
  0.109375000      0.765625000       4.45552655E-02  0.182581648       1.17918849E-02
  0.140625000      0.765625000       6.36714101E-02  0.212571949       1.10037029E-02
  0.171875000      0.765625000       8.36902857E-02  0.232186913       9.29627847E-03
  0.203125000      0.765625000      0.104414627      0.242826939       6.40613912E-03
  0.234375000      0.765625000      0.125073358      0.244625896       2.21756543E-03
  0.265625000      0.765625000      0.144481570      0.237719595      -3.17037245E-03
  0.296875000      0.765625000      0.161541194      0.223117918      -9.44530964E-03
  0.328125000      0.765625000      0.175611228      0.202678710      -1.61617994E-02
  0.359375000      0.765625000      0.186580062      0.178553373      -2.28527486E-02
  0.390625000      0.765625000      0.194704130      0.152613416      -2.91141458E-02
  0.421875000      0.765625000      0.200365692      0.126148075      -3.46375890E-02
  0.453125000      0.765625000      0.203879744       9.98558402E-02  -3.92022133E-02
  0.484375000      0.765625000      0.205404848       7.40055367E-02  -4.26513180E-02
  0.515625000      0.765625000      0.204944760       4.86293212E-02  -4.48731035E-02
  0.546875000      0.765625000      0.202395320       2.36680601E-02  -4.57917564E-02
  0.578125000      0.765625000      0.197595239      -9.49088018E-04  -4.53673117E-02
  0.609375000      0.765625000      0.190360218      -2.52599269E-02  -4.36007380E-02
  0.640625000      0.765625000      0.180497676      -4.92532626E-02  -4.05405387E-02
  0.671875000      0.765625000      0.167817384      -7.28419721E-02  -3.62962410E-02
  0.703125000      0.765625000      0.152158380      -9.58437622E-02  -3.10494862E-02
  0.734375000      0.765625000      0.133447230     -0.118006907      -2.50653997E-02
  0.765625000      0.765625000      0.111794613     -0.139178902      -1.86919346E-02
  0.796875000      0.765625000       8.75958055E-02 -0.159836888      -1.23284189E-02
  0.828125000      0.765625000       6.14780672E-02 -0.182525635      -6.34179870E-03
  0.859375000      0.765625000       3.37330662E-02 -0.215571404      -9.23371757E-04
  0.890625000      0.765625000       3.24680563E-03 -0.279608607       4.08755802E-03
  0.921875000      0.765625000      -3.02459188E-02 -0.404305458       9.38129518E-03
  0.953125000      0.765625000      -5.04791364E-02 -0.551505208       1.57194864E-02
  0.984375000      0.765625000      -2.67062802E-02 -0.436187923       1.98622793E-02
   1.56250000E-02  0.796875000       1.71073852E-03   2.11098287E-02   1.20178061E-02
   4.68750000E-02  0.796875000       8.62254668E-03   7.29787052E-02   1.22617763E-02
   7.81250000E-02  0.796875000       2.17868593E-02  0.123272300       1.26413330E-02
  0.109375000      0.796875000       3.94071303E-02  0.163584381       1.30497981E-02
  0.140625000      0.796875000       5.98186553E-02  0.192038327       1.31135266E-02
  0.171875000      0.796875000       8.21743011E-02  0.210343897       1.23762488E-02
  0.203125000      0.796875000      0.105903476      0.220215827       1.04636485E-02
  0.234375000      0.796875000      0.130131438      0.222351447       7.17313960E-03
  0.265625000      0.796875000      0.153634369      0.217085809       2.52645183E-03
  0.296875000      0.796875000      0.175172180      0.205158770      -3.22612701E-03
  0.328125000      0.796875000      0.193834931      0.187910676      -9.66714323E-03
  0.359375000      0.796875000      0.209189117      0.167004466      -1.63130201E-02
  0.390625000      0.796875000      0.221212208      0.144021183      -2.27068551E-02
  0.421875000      0.796875000      0.230114266      0.120182090      -2.84714326E-02
  0.453125000      0.796875000      0.236157238       9.62692350E-02  -3.33211385E-02
  0.484375000      0.796875000      0.239535898       7.26916194E-02  -3.70499417E-02
  0.515625000      0.796875000      0.240331724       4.96095121E-02  -3.95140983E-02
  0.546875000      0.796875000      0.238517672       2.70521417E-02  -4.06196751E-02
  0.578125000      0.796875000      0.233982980       5.00128232E-03  -4.03174236E-02
  0.609375000      0.796875000      0.226564527      -1.65580995E-02  -3.86054926E-02
  0.640625000      0.796875000      0.216070175      -3.76003087E-02  -3.55325043E-02
  0.671875000      0.796875000      0.202299625      -5.80469519E-02  -3.12107429E-02
  0.703125000      0.796875000      0.185086846      -7.77706653E-02  -2.58254949E-02
  0.734375000      0.796875000      0.164373875      -9.66604501E-02  -1.96434427E-02
  0.765625000      0.796875000      0.140321493     -0.114826016      -1.30085731E-02
  0.796875000      0.796875000      0.113424569     -0.133100986      -6.30873488E-03
  0.828125000      0.796875000       8.45058933E-02 -0.154233545       1.04488332E-04
  0.859375000      0.796875000       5.42544909E-02 -0.185877040       6.04934711E-03
  0.890625000      0.796875000       2.20830739E-02 -0.246656656       1.16880806E-02
  0.921875000      0.796875000      -1.37320869E-02 -0.367962003       1.76525488E-02
  0.953125000      0.796875000      -4.14370447E-02 -0.539923668       2.50386856E-02
  0.984375000      0.796875000      -2.50459407E-02 -0.487945020       3.04568782E-02
   1.56250000E-02  0.828125000       4.69889550E-04   1.89270135E-02   1.24247447E-02
   4.68750000E-02  0.828125000       4.10571508E-03   6.46089315E-02   1.26596121E-02
   7.81250000E-02  0.828125000       1.38232345E-02  0.108754665       1.33457631E-02
  0.109375000      0.828125000       2.97547989E-02  0.144544572       1.44248009E-02
  0.140625000      0.828125000       5.05603030E-02  0.169855699       1.54121518E-02
  0.171875000      0.828125000       7.48409927E-02  0.185885429       1.56883374E-02
  0.203125000      0.828125000      0.101428092      0.194354415       1.47560826E-02
  0.234375000      0.828125000      0.129135370      0.196275592       1.23397224E-02
  0.265625000      0.828125000      0.156632215      0.192161679       8.41063261E-03
  0.296875000      0.828125000      0.182586044      0.182592958       3.17771174E-03
  0.328125000      0.828125000      0.205903679      0.168499321      -2.96607567E-03
  0.359375000      0.828125000      0.225886226      0.151083380      -9.53246746E-03
  0.390625000      0.828125000      0.242231816      0.131578356      -1.60289742E-02
  0.421875000      0.828125000      0.254927307      0.111032069      -2.20228434E-02
  0.453125000      0.828125000      0.264103949       9.02038291E-02  -2.71689389E-02
  0.484375000      0.828125000      0.269916773       6.95688576E-02  -3.12103182E-02
  0.515625000      0.828125000      0.272471815       4.93836701E-02  -3.39664742E-02
  0.546875000      0.828125000      0.271797776       2.97672264E-02  -3.53207290E-02
  0.578125000      0.828125000      0.267846525       1.07721705E-02  -3.52118015E-02
  0.609375000      0.828125000      0.260505736      -7.57074356E-03  -3.36313173E-02
  0.640625000      0.828125000      0.249627560      -2.52171122E-02  -3.06286141E-02
  0.671875000      0.828125000      0.235065594      -4.21006307E-02  -2.63151880E-02
  0.703125000      0.828125000      0.216721043      -5.81636727E-02  -2.08713841E-02
  0.734375000      0.828125000      0.194619745      -7.34584033E-02  -1.45487450E-02
  0.765625000      0.828125000      0.169012100      -8.83747041E-02  -7.66090024E-03
  0.796875000      0.828125000      0.140461773     -0.104113340      -5.48179552E-04
  0.828125000      0.828125000      0.109835193     -0.123686075       6.49662362E-03
  0.859375000      0.828125000       7.79263005E-02 -0.154276237       1.33505277E-02
  0.890625000      0.828125000       4.43545580E-02 -0.212528035       2.02278551E-02
  0.921875000      0.828125000       6.74354704E-03 -0.328679532       2.77932212E-02
  0.953125000      0.828125000      -2.84468718E-02 -0.516326785       3.72252129E-02
  0.984375000      0.828125000      -2.16985606E-02 -0.534695387       4.49873917E-02
   1.56250000E-02  0.859375000      -1.61879428E-03   2.00733170E-02   1.27894357E-02
   4.68750000E-02  0.859375000      -3.05756694E-03   6.12596050E-02   1.30140688E-02
   7.81250000E-02  0.859375000       1.58211077E-03   9.77398902E-02   1.40944328E-02
  0.109375000      0.859375000       1.47303995E-02  0.126472235       1.59353688E-02
  0.140625000      0.859375000       3.53263877E-02  0.146519035       1.78861823E-02
  0.171875000      0.859375000       6.12984672E-02  0.158961952       1.91498771E-02
  0.203125000      0.859375000       9.06893313E-02  0.165293276       1.91177242E-02
  0.234375000      0.859375000      0.121810094      0.166503429       1.74674168E-02
  0.265625000      0.859375000      0.153123975      0.163119704       1.41522717E-02
  0.296875000      0.859375000      0.183222681      0.155581057       9.36605595E-03
  0.328125000      0.859375000      0.210919887      0.144496977       3.48778768E-03
  0.359375000      0.859375000      0.235350966      0.130674332      -2.99581140E-03
  0.390625000      0.859375000      0.255999267      0.114996776      -9.57336649E-03
  0.421875000      0.859375000      0.272641420       9.82796922E-02  -1.57747380E-02
  0.453125000      0.859375000      0.285249054       8.11755955E-02  -2.12085024E-02
  0.484375000      0.859375000      0.293888330       6.41480833E-02  -2.55732611E-02
  0.515625000      0.859375000      0.298644751       4.74952981E-02  -2.86530741E-02
  0.546875000      0.859375000      0.299579144       3.13965753E-02  -3.03074494E-02
  0.578125000      0.859375000      0.296711713       1.59617253E-02  -3.04613952E-02
  0.609375000      0.859375000      0.290025622       1.26571674E-03  -2.90994551E-02
  0.640625000      0.859375000      0.279472649      -1.26243960E-02  -2.62619555E-02
  0.671875000      0.859375000      0.265027225      -2.56891809E-02  -2.20578611E-02
  0.703125000      0.859375000      0.246742934      -3.79507914E-02  -1.66500136E-02
  0.734375000      0.859375000      0.224787101      -4.96201590E-02  -1.02521144E-02
  0.765625000      0.859375000      0.199494421      -6.13203645E-02  -3.11310473E-03
  0.796875000      0.859375000      0.171385840      -7.45185018E-02   4.52337461E-03
  0.828125000      0.859375000      0.141110688      -9.23911110E-02   1.24931121E-02
  0.859375000      0.859375000      0.109124422     -0.121690214       2.08324715E-02
  0.890625000      0.859375000       7.47323930E-02 -0.177166477       2.99545135E-02
  0.921875000      0.859375000       3.51176299E-02 -0.286833107       4.07643765E-02
  0.953125000      0.859375000      -8.49075429E-03 -0.479393244       5.38585633E-02
  0.984375000      0.859375000      -1.52418241E-02 -0.571642756       6.59665093E-02
   1.56250000E-02  0.890625000      -5.52363042E-03   2.72127651E-02   1.29265720E-02
   4.68750000E-02  0.890625000      -1.51279103E-02   6.51563257E-02   1.31870760E-02
   7.81250000E-02  0.890625000      -1.71872303E-02   9.12546813E-02   1.48573704E-02
  0.109375000      0.890625000      -7.09343748E-03  0.109706536       1.75947193E-02
  0.140625000      0.890625000       1.35167651E-02  0.122069046       2.05060039E-02
  0.171875000      0.890625000       4.14344668E-02  0.129512325       2.26437356E-02
  0.203125000      0.890625000       7.37659037E-02  0.133011073       2.33375002E-02
  0.234375000      0.890625000      0.108263478      0.133158907       2.22623907E-02
  0.265625000      0.890625000      0.143154204      0.130253047       1.93868447E-02
  0.296875000      0.890625000      0.176974729      0.124524154       1.49128307E-02
  0.328125000      0.890625000      0.208523259      0.116306119       9.21689719E-03
  0.359375000      0.890625000      0.236879259      0.106078118       2.78223865E-03
  0.390625000      0.890625000      0.261416912       9.44086015E-02  -3.87384812E-03
  0.421875000      0.890625000      0.281779468       8.18656683E-02  -1.02618020E-02
  0.453125000      0.890625000      0.297819912       6.89444542E-02  -1.59607045E-02
  0.484375000      0.890625000      0.309530169       5.60323447E-02  -2.06368584E-02
  0.515625000      0.890625000      0.316978693       4.34082188E-02  -2.40457822E-02
  0.546875000      0.890625000      0.320266724       3.12625095E-02  -2.60256473E-02
  0.578125000      0.890625000      0.319506615       1.97235607E-02  -2.64878422E-02
  0.609375000      0.890625000      0.314815134       8.88054259E-03  -2.54090354E-02
  0.640625000      0.890625000      0.306337535      -1.21080177E-03  -2.28247046E-02
  0.671875000      0.890625000      0.294213951      -1.05372909E-02  -1.88053437E-02
  0.703125000      0.890625000      0.278618991      -1.92284640E-02  -1.35024544E-02
  0.734375000      0.890625000      0.259828031      -2.76025087E-02  -7.06727244E-03
  0.765625000      0.890625000      0.238154233      -3.63803580E-02   3.50430026E-04
  0.796875000      0.890625000      0.213871092      -4.70779091E-02   8.66288692E-03
  0.828125000      0.890625000      0.187083453      -6.27825260E-02   1.79398656E-02
  0.859375000      0.890625000      0.157391042      -8.96362811E-02   2.85626315E-02
  0.890625000      0.890625000      0.123109043     -0.140564844       4.14433777E-02
  0.921875000      0.890625000       7.95840919E-02 -0.240315259       5.80385216E-02
  0.953125000      0.890625000       2.42899023E-02 -0.427029938       7.88954422E-02
  0.984375000      0.890625000      -3.04572657E-03 -0.589938045       9.81521234E-02
   1.56250000E-02  0.921875000      -1.32667972E-02   4.59998995E-02   1.22125568E-02
   4.68750000E-02  0.921875000      -3.64520550E-02   7.91510791E-02   1.27319209E-02
   7.81250000E-02  0.921875000      -4.61820289E-02   8.90400559E-02   1.54362489E-02
  0.109375000      0.921875000      -3.73380855E-02   9.29732472E-02   1.92824714E-02
  0.140625000      0.921875000      -1.46231949E-02   9.54660177E-02   2.31152046E-02
  0.171875000      0.921875000       1.66030768E-02   9.69594568E-02   2.59362496E-02
  0.203125000      0.921875000       5.25271595E-02   9.72965062E-02   2.71124169E-02
  0.234375000      0.921875000       9.05974135E-02   9.62946117E-02   2.63718199E-02
  0.265625000      0.921875000      0.129004180       9.38105434E-02   2.37276331E-02
  0.296875000      0.921875000      0.166353762       8.97895843E-02   1.94048136E-02
  0.328125000      0.921875000      0.201534748       8.43067244E-02   1.37848593E-02
  0.359375000      0.921875000      0.233685642       7.75685608E-02   7.34707573E-03
  0.390625000      0.921875000      0.262191504       6.98745102E-02   6.06426562E-04
  0.421875000      0.921875000      0.286670476       6.15594909E-02  -5.94208669E-03
  0.453125000      0.921875000      0.306940138       5.29425144E-02  -1.18636796E-02
  0.484375000      0.921875000      0.322971761       4.42945138E-02  -1.68061368E-02
  0.515625000      0.921875000      0.334844112       3.58269438E-02  -2.05059946E-02
  0.546875000      0.921875000      0.342705786       2.76951566E-02  -2.27852501E-02
  0.578125000      0.921875000      0.346749187       2.00077370E-02  -2.35430300E-02
  0.609375000      0.921875000      0.347198784       1.28371920E-02  -2.27456354E-02
  0.640625000      0.921875000      0.344296336       6.21019676E-03  -2.04162151E-02
  0.671875000      0.921875000      0.338332057       1.25695951E-04  -1.66229028E-02
  0.703125000      0.921875000      0.329578161      -5.54814888E-03  -1.14303837E-02
  0.734375000      0.921875000      0.318208635      -1.11298980E-02  -4.93977638E-03
  0.765625000      0.921875000      0.304301023      -1.72813386E-02   2.82129436E-03
  0.796875000      0.921875000      0.287696481      -2.53015645E-02   1.19874179E-02
  0.828125000      0.921875000      0.267734438      -3.78242545E-02   2.30093151E-02
  0.859375000      0.921875000      0.242714405      -5.98999187E-02   3.69158462E-02
  0.890625000      0.921875000      0.209004611     -0.102329701       5.57033345E-02
  0.921875000      0.921875000      0.158740640     -0.184783757       8.22250843E-02
  0.953125000      0.921875000       8.35671127E-02 -0.352117181      0.118225932    
  0.984375000      0.921875000       1.95118934E-02 -0.573480368      0.151241183    
   1.56250000E-02  0.953125000      -3.38829644E-02   9.31461230E-02   8.21939483E-03
   4.68750000E-02  0.953125000      -7.11131468E-02   9.24120471E-02   1.05717741E-02
   7.81250000E-02  0.953125000      -6.33271188E-02   7.77130947E-02   1.50861945E-02
  0.109375000      0.953125000      -3.55421007E-02   6.76600933E-02   2.04931404E-02
  0.140625000      0.953125000       2.96742655E-04   6.22129738E-02   2.52787527E-02
  0.171875000      0.953125000       3.99860479E-02   5.92834726E-02   2.86083110E-02
  0.203125000      0.953125000       8.15991089E-02   5.74216470E-02   3.00436709E-02
  0.234375000      0.953125000      0.123895377       5.57899661E-02   2.94411648E-02
  0.265625000      0.953125000      0.165881068       5.39114475E-02   2.68751495E-02
  0.296875000      0.953125000      0.206683993       5.15272319E-02   2.25969832E-02
  0.328125000      0.953125000      0.245531350       4.85344380E-02   1.69937834E-02
  0.359375000      0.953125000      0.281768620       4.49490137E-02   1.05396826E-02
  0.390625000      0.953125000      0.314885318       4.08700183E-02   3.74234375E-03
  0.421875000      0.953125000      0.344528317       3.64421792E-02  -2.90678581E-03
  0.453125000      0.953125000      0.370496631       3.18229869E-02  -8.97062849E-03
  0.484375000      0.953125000      0.392721534       2.71590389E-02  -1.40896263E-02
  0.515625000      0.953125000      0.411239445       2.25735400E-02  -1.79905724E-02
  0.546875000      0.953125000      0.426164806       1.81623437E-02  -2.04853620E-02
  0.578125000      0.953125000      0.437666833       1.39950309E-02  -2.14636680E-02
  0.609375000      0.953125000      0.445950478       1.01153990E-02  -2.08815616E-02
  0.640625000      0.953125000      0.451241255       6.54101931E-03  -1.87481754E-02
  0.671875000      0.953125000      0.453756690       3.23954271E-03  -1.51057625E-02
  0.703125000      0.953125000      0.453698814       1.43737212E-04  -9.99981724E-03
  0.734375000      0.953125000      0.451191366      -2.95292796E-03  -3.42714181E-03
  0.765625000      0.953125000      0.446131408      -6.50123414E-03   4.73336363E-03
  0.796875000      0.953125000      0.437988460      -1.13473553E-02   1.48829250E-02
  0.828125000      0.953125000      0.425407946      -1.92519948E-02   2.79943161E-02
  0.859375000      0.953125000      0.405380070      -3.34432647E-02   4.60817479E-02
  0.890625000      0.953125000      0.371633589      -6.13515973E-02   7.30090439E-02
  0.921875000      0.953125000      0.311860204     -0.115748033      0.114720955    
  0.953125000      0.953125000      0.204664797     -0.238808706      0.177285850    
  0.984375000      0.953125000       6.79435506E-02 -0.486033916      0.243467331    
   1.56250000E-02  0.984375000       6.35124594E-02   6.35136366E-02  -8.88578501E-03
   4.68750000E-02  0.984375000      0.174901575       4.78784218E-02   1.15158660E-02
   7.81250000E-02  0.984375000      0.256064802       3.32885720E-02   1.83081944E-02
  0.109375000      0.984375000      0.314851791       2.55026259E-02   2.35528108E-02
  0.140625000      0.984375000      0.361860931       2.15112474E-02   2.79887132E-02
  0.171875000      0.984375000      0.402755916       1.93888117E-02   3.10641341E-02
  0.203125000      0.984375000      0.440293133       1.81536209E-02   3.23465653E-02
  0.234375000      0.984375000      0.475742340       1.73006132E-02   3.16646546E-02
  0.265625000      0.984375000      0.509592772       1.65542234E-02   2.90706046E-02
  0.296875000      0.984375000      0.541904569       1.57612190E-02   2.47960240E-02
  0.328125000      0.984375000      0.572507322       1.48441810E-02   1.92084499E-02
  0.359375000      0.984375000      0.601127625       1.37778288E-02   1.27636576E-02
  0.390625000      0.984375000      0.627477288       1.25728231E-02   5.95462415E-03
  0.421875000      0.984375000      0.651311576       1.12616951E-02  -7.36465154E-04
  0.453125000      0.984375000      0.672460318       9.88692325E-03  -6.87536784E-03
  0.484375000      0.984375000      0.690839529       8.49195383E-03  -1.21002337E-02
  0.515625000      0.984375000      0.706447482       7.11567886E-03  -1.61324181E-02
  0.546875000      0.984375000      0.719353080       5.78975026E-03  -1.87768787E-02
  0.578125000      0.984375000      0.729680598       4.53786831E-03  -1.99156106E-02
  0.609375000      0.984375000      0.737593114       3.37518286E-03  -1.94960758E-02
  0.640625000      0.984375000      0.743274212       2.30694981E-03  -1.75150856E-02
  0.671875000      0.984375000      0.746904075       1.32454326E-03  -1.39949918E-02
  0.703125000      0.984375000      0.748620808       3.94467090E-04  -8.94648675E-03
  0.734375000      0.984375000      0.748464823      -5.47422969E-04  -2.30636867E-03
  0.765625000      0.984375000      0.746261001      -1.65237649E-03   6.17425144E-03
  0.796875000      0.984375000      0.741399884      -3.20382207E-03   1.71340257E-02
  0.828125000      0.984375000      0.732380390      -5.80971316E-03   3.20083164E-02
  0.859375000      0.984375000      0.716034889      -1.05288448E-02   5.37556559E-02
  0.890625000      0.984375000      0.685497284      -2.00008433E-02   8.82982463E-02
  0.921875000      0.984375000      0.626819611      -3.86682749E-02  0.146925956    
  0.953125000      0.984375000      0.503123641      -8.50186944E-02  0.251705885    
  0.984375000      0.984375000      0.209050179     -0.209047481      0.431717724    
