 VARIABLES="X","Y","U","V","P"
 ZONE F=POINT, I=          32 , J=          32
   1.56250000E-02   1.56250000E-02   4.03699989E-04  -4.05218918E-04   1.57754943E-02
   4.68750000E-02   1.56250000E-02   1.31066889E-03  -5.05308853E-04   1.57363936E-02
   7.81250000E-02   1.56250000E-02   2.06952705E-03  -2.57593929E-04   1.55983549E-02
  0.109375000       1.56250000E-02   2.24263640E-03   8.05308518E-05   1.53845437E-02
  0.140625000       1.56250000E-02   1.74112129E-03   4.17162490E-04   1.51139330E-02
  0.171875000       1.56250000E-02   5.86128735E-04   7.34168920E-04   1.47988219E-02
  0.203125000       1.56250000E-02  -1.19592331E-03   1.04440830E-03   1.44449873E-02
  0.234375000       1.56250000E-02  -3.60255432E-03   1.35896541E-03   1.40596749E-02
  0.265625000       1.56250000E-02  -6.64226897E-03   1.67773128E-03   1.36571899E-02
  0.296875000       1.56250000E-02  -1.03085227E-02   1.98575994E-03   1.32588279E-02
  0.328125000       1.56250000E-02  -1.45558044E-02   2.25902139E-03   1.28939748E-02
  0.359375000       1.56250000E-02  -1.92857236E-02   2.46866164E-03   1.25990706E-02
  0.390625000       1.56250000E-02  -2.43411064E-02   2.58472329E-03   1.24154910E-02
  0.421875000       1.56250000E-02  -2.95072738E-02   2.57963943E-03   1.23864580E-02
  0.453125000       1.56250000E-02  -3.45196947E-02   2.43111886E-03   1.25531256E-02
  0.484375000       1.56250000E-02  -3.90764475E-02   2.12403899E-03   1.29499957E-02
  0.515625000       1.56250000E-02  -4.28535193E-02   1.65144005E-03   1.35997161E-02
  0.546875000       1.56250000E-02  -4.55220565E-02   1.01539725E-03   1.45074250E-02
  0.578125000       1.56250000E-02  -4.67697755E-02   2.30426274E-04   1.56545974E-02
  0.609375000       1.56250000E-02  -4.63448241E-02  -6.57555240E-04   1.69677380E-02
  0.640625000       1.56250000E-02  -4.39795628E-02  -1.71021651E-03   1.83162969E-02
  0.671875000       1.56250000E-02  -3.94677743E-02  -2.80444860E-03   1.95845515E-02
  0.703125000       1.56250000E-02  -3.28751951E-02  -3.79135530E-03   2.06348225E-02
  0.734375000       1.56250000E-02  -2.45831572E-02  -4.50418936E-03   2.13352535E-02
  0.765625000       1.56250000E-02  -1.53217893E-02  -4.76087490E-03   2.15952154E-02
  0.796875000       1.56250000E-02  -6.18033344E-03  -4.38434212E-03   2.14036684E-02
  0.828125000       1.56250000E-02   1.45095738E-03  -3.25066387E-03   2.08634473E-02
  0.859375000       1.56250000E-02   6.20093150E-03  -1.50291645E-03   2.01593358E-02
  0.890625000       1.56250000E-02   7.54295057E-03   1.57416900E-04   1.94899477E-02
  0.921875000       1.56250000E-02   6.15189737E-03   1.23025407E-03   1.90078057E-02
  0.953125000       1.56250000E-02   3.35572148E-03   1.56257860E-03   1.87620036E-02
  0.984375000       1.56250000E-02   8.95736564E-04   8.94686615E-04   1.87433064E-02
   1.56250000E-02   4.68750000E-02   5.03245450E-04  -1.31573039E-03   1.58132315E-02
   4.68750000E-02   4.68750000E-02   1.33826863E-03  -1.34495564E-03   1.57688931E-02
   7.81250000E-02   4.68750000E-02   1.34152942E-03  -1.89188839E-04   1.56407580E-02
  0.109375000       4.68750000E-02  -1.49132218E-04   1.32075755E-03   1.54523663E-02
  0.140625000       4.68750000E-02  -3.30030476E-03   2.82098702E-03   1.52137289E-02
  0.171875000       4.68750000E-02  -8.06076545E-03   4.23750002E-03   1.49309272E-02
  0.203125000       4.68750000E-02  -1.43307857E-02   5.58525231E-03   1.46062868E-02
  0.234375000       4.68750000E-02  -2.19801627E-02   6.86670328E-03   1.42446635E-02
  0.265625000       4.68750000E-02  -3.08238138E-02   8.04647245E-03   1.38571728E-02
  0.296875000       4.68750000E-02  -4.06018682E-02   9.05502029E-03   1.34627540E-02
  0.328125000       4.68750000E-02  -5.09788170E-02   9.80828609E-03   1.30889481E-02
  0.359375000       4.68750000E-02  -6.15563765E-02   1.02217793E-02   1.27713140E-02
  0.390625000       4.68750000E-02  -7.18938112E-02   1.02198776E-02   1.25515796E-02
  0.421875000       4.68750000E-02  -8.15294981E-02   9.74227395E-03   1.24745555E-02
  0.453125000       4.68750000E-02  -9.00005698E-02   8.74825567E-03   1.25840250E-02
  0.484375000       4.68750000E-02  -9.68594849E-02   7.21902959E-03   1.29178688E-02
  0.515625000       4.68750000E-02 -0.101687923       5.15843835E-03   1.35026472E-02
  0.546875000       4.68750000E-02 -0.104108393       2.59366049E-03   1.43481363E-02
  0.578125000       4.68750000E-02 -0.103792153      -4.20530734E-04   1.54428575E-02
  0.609375000       4.68750000E-02 -0.100394294      -3.83420335E-03   1.66676082E-02
  0.640625000       4.68750000E-02  -9.37454551E-02  -7.55319977E-03   1.79518573E-02
  0.671875000       4.68750000E-02  -8.39832425E-02  -1.12418085E-02   1.91702656E-02
  0.703125000       4.68750000E-02  -7.14418367E-02  -1.44951055E-02   2.01855376E-02
  0.734375000       4.68750000E-02  -5.66970222E-02  -1.68450531E-02   2.08695158E-02
  0.765625000       4.68750000E-02  -4.06224541E-02  -1.77641362E-02   2.11363286E-02
  0.796875000       4.68750000E-02  -2.44419724E-02  -1.67113710E-02   2.09797397E-02
  0.828125000       4.68750000E-02  -9.73760057E-03  -1.32675692E-02   2.04982609E-02
  0.859375000       4.68750000E-02   1.59162423E-03  -7.57325441E-03   1.98854320E-02
  0.890625000       4.68750000E-02   7.65690161E-03  -1.18732371E-03   1.93194859E-02
  0.921875000       4.68750000E-02   8.21384508E-03   3.40151810E-03   1.89210866E-02
  0.953125000       4.68750000E-02   5.19811362E-03   5.19570522E-03   1.87215190E-02
  0.984375000       4.68750000E-02   1.56273763E-03   3.35063157E-03   1.87158510E-02
   1.56250000E-02   7.81250000E-02   1.11574642E-04  -1.93465408E-03   1.59589667E-02
   4.68750000E-02   7.81250000E-02  -4.18708893E-04  -1.03999674E-03   1.58860665E-02
   7.81250000E-02   7.81250000E-02  -2.79593747E-03   1.86965975E-03   1.57512613E-02
  0.109375000       7.81250000E-02  -7.37836864E-03   5.32506034E-03   1.55700017E-02
  0.140625000       7.81250000E-02  -1.41183995E-02   8.69824551E-03   1.53458137E-02
  0.171875000       7.81250000E-02  -2.28373967E-02   1.18304063E-02   1.50748137E-02
  0.203125000       7.81250000E-02  -3.32727320E-02   1.46888336E-02   1.47524923E-02
  0.234375000       7.81250000E-02  -4.50886637E-02   1.72200743E-02   1.43789882E-02
  0.265625000       7.81250000E-02  -5.78820594E-02   1.93223935E-02   1.39624868E-02
  0.296875000       7.81250000E-02  -7.11975545E-02   2.08655708E-02   1.35209169E-02
  0.328125000       7.81250000E-02  -8.45483392E-02   2.17191149E-02   1.30825061E-02
  0.359375000       7.81250000E-02  -9.74366292E-02   2.17711590E-02   1.26851294E-02
  0.390625000       7.81250000E-02 -0.109371841       2.09381878E-02   1.23742800E-02
  0.421875000       7.81250000E-02 -0.119885966       1.91694275E-02   1.21996691E-02
  0.453125000       7.81250000E-02 -0.128545746       1.64480451E-02   1.22106560E-02
  0.484375000       7.81250000E-02 -0.134961724       1.27904778E-02   1.24507584E-02
  0.515625000       7.81250000E-02 -0.138794184       8.24430399E-03   1.29518174E-02
  0.546875000       7.81250000E-02 -0.139755309       2.88560381E-03   1.37282908E-02
  0.578125000       7.81250000E-02 -0.137604728      -3.18354275E-03   1.47451507E-02
  0.609375000       7.81250000E-02 -0.132212579      -9.86611098E-03   1.59215853E-02
  0.640625000       7.81250000E-02 -0.123625562      -1.67628750E-02   1.71858333E-02
  0.671875000       7.81250000E-02 -0.112027586      -2.33989060E-02   1.84123032E-02
  0.703125000       7.81250000E-02  -9.77205187E-02  -2.91939545E-02   1.94624849E-02
  0.734375000       7.81250000E-02  -8.11709017E-02  -3.34488712E-02   2.02056728E-02
  0.765625000       7.81250000E-02  -6.30700141E-02  -3.53445113E-02   2.05501970E-02
  0.796875000       7.81250000E-02  -4.43979651E-02  -3.39925103E-02   2.04793960E-02
  0.828125000       7.81250000E-02  -2.64804736E-02  -2.86172368E-02   2.00779475E-02
  0.859375000       7.81250000E-02  -1.10045178E-02  -1.90375037E-02   1.95236970E-02
  0.890625000       7.81250000E-02   2.66104471E-05  -6.82797842E-03   1.90071482E-02
  0.921875000       7.81250000E-02   4.76491870E-03   3.73859750E-03   1.86374355E-02
  0.953125000       7.81250000E-02   4.02957201E-03   8.60144384E-03   1.84654705E-02
  0.984375000       7.81250000E-02   1.34616939E-03   6.25661109E-03   1.84592977E-02
   1.56250000E-02  0.109375000      -6.27899601E-04  -1.42246590E-03   1.61927789E-02
   4.68750000E-02  0.109375000      -3.38333636E-03   1.72424503E-03   1.60697252E-02
   7.81250000E-02  0.109375000      -8.96926224E-03   7.05836248E-03   1.59118082E-02
  0.109375000      0.109375000      -1.70298368E-02   1.27693824E-02   1.57175884E-02
  0.140625000      0.109375000      -2.72144452E-02   1.81688834E-02   1.54780298E-02
  0.171875000      0.109375000      -3.91838253E-02   2.30388306E-02   1.51801473E-02
  0.203125000      0.109375000      -5.25554717E-02   2.72785276E-02   1.48130637E-02
  0.234375000      0.109375000      -6.68889731E-02   3.07714976E-02   1.43732540E-02
  0.265625000      0.109375000      -8.17031264E-02   3.33708450E-02   1.38678793E-02
  0.296875000      0.109375000      -9.65013057E-02   3.49238850E-02   1.33164115E-02
  0.328125000      0.109375000     -0.110793576       3.52977738E-02   1.27508687E-02
  0.359375000      0.109375000     -0.124113053       3.43950056E-02   1.22145815E-02
  0.390625000      0.109375000     -0.136028036       3.21600437E-02   1.17595345E-02
  0.421875000      0.109375000     -0.146150738       2.85805911E-02   1.14421798E-02
  0.453125000      0.109375000     -0.154143274       2.36859545E-02   1.13181705E-02
  0.484375000      0.109375000     -0.159721136       1.75434668E-02   1.14361811E-02
  0.515625000      0.109375000     -0.162653804       1.02536026E-02   1.18315155E-02
  0.546875000      0.109375000     -0.162762851       1.94350653E-03   1.25199351E-02
  0.578125000      0.109375000     -0.159915864      -7.24240206E-03   1.34545425E-02
  0.609375000      0.109375000     -0.154085904      -1.70334131E-02   1.46025382E-02
  0.640625000      0.109375000     -0.145326823      -2.69465279E-02   1.58750527E-02
  0.671875000      0.109375000     -0.133723721      -3.64220589E-02   1.71522833E-02
  0.703125000      0.109375000     -0.119448140      -4.47601080E-02   1.82972271E-02
  0.734375000      0.109375000     -0.102797344      -5.10906316E-02   1.91757157E-02
  0.765625000      0.109375000      -8.42465833E-02  -5.43624908E-02   1.96850076E-02
  0.796875000      0.109375000      -6.45144358E-02  -5.33871800E-02   1.97873078E-02
  0.828125000      0.109375000      -4.46422622E-02  -4.70207632E-02   1.95369050E-02
  0.859375000      0.109375000      -2.60937437E-02  -3.46668810E-02   1.90800764E-02
  0.890625000      0.109375000      -1.08769163E-02  -1.74548123E-02   1.86041780E-02
  0.921875000      0.109375000      -1.29436725E-03   3.64556909E-05   1.82486698E-02
  0.953125000      0.109375000       1.73364347E-03   1.00028701E-02   1.80443861E-02
  0.984375000      0.109375000       8.32715246E-04   8.43264814E-03   1.80028602E-02
   1.56250000E-02  0.140625000      -1.56509189E-03   7.66325975E-04   1.64626334E-02
   4.68750000E-02  0.140625000      -6.82400586E-03   7.54038244E-03   1.62806679E-02
   7.81250000E-02  0.140625000      -1.55892940E-02   1.55831221E-02   1.60856396E-02
  0.109375000      0.140625000      -2.67165266E-02   2.34223809E-02   1.58512723E-02
  0.140625000      0.140625000      -3.95876579E-02   3.05619203E-02   1.55560095E-02
  0.171875000      0.140625000      -5.37817702E-02   3.68000194E-02   1.51804304E-02
  0.203125000      0.140625000      -6.88897073E-02   4.19881940E-02   1.47105772E-02
  0.234375000      0.140625000      -8.44705030E-02   4.59680334E-02   1.41425263E-02
  0.265625000      0.140625000     -0.100065857       4.85764891E-02   1.34856086E-02
  0.296875000      0.140625000     -0.115224525       4.96686660E-02   1.27638038E-02
  0.328125000      0.140625000     -0.129521370       4.91366535E-02   1.20153641E-02
  0.359375000      0.140625000     -0.142569631       4.69193757E-02   1.12908008E-02
  0.390625000      0.140625000     -0.154027909       4.30053249E-02   1.06492992E-02
  0.421875000      0.140625000     -0.163603395       3.74306515E-02   1.01538226E-02
  0.453125000      0.140625000     -0.171051949       3.02748159E-02   9.86516103E-03
  0.484375000      0.140625000     -0.176176041       2.16547567E-02   9.83534195E-03
  0.515625000      0.140625000     -0.178821057       1.17183533E-02   1.01008136E-02
  0.546875000      0.140625000     -0.178872168       6.37154619E-04   1.06756417E-02
  0.578125000      0.140625000     -0.176255375      -1.14019318E-02   1.15328403E-02
  0.609375000      0.140625000     -0.170925438      -2.40365639E-02   1.26510095E-02
  0.640625000      0.140625000     -0.162850603      -3.67808789E-02   1.39464960E-02
  0.671875000      0.140625000     -0.152025640      -4.90202941E-02   1.53064094E-02
  0.703125000      0.140625000     -0.138498202      -5.99703863E-02   1.65976081E-02
  0.734375000      0.140625000     -0.122401491      -6.86343014E-02   1.76830310E-02
  0.765625000      0.140625000     -0.104002081      -7.37761781E-02   1.84459239E-02
  0.796875000      0.140625000      -8.37695450E-02  -7.39458874E-02   1.88196730E-02
  0.828125000      0.140625000      -6.24779500E-02  -6.76338002E-02   1.88153163E-02
  0.859375000      0.140625000      -4.13597524E-02  -5.37285954E-02   1.85314976E-02
  0.890625000      0.140625000      -2.23306566E-02  -3.26469876E-02   1.81279592E-02
  0.921875000      0.140625000      -8.08772910E-03  -8.60471744E-03   1.77538861E-02
  0.953125000      0.140625000      -9.82803293E-04   8.50331597E-03   1.74925253E-02
  0.984375000      0.140625000       2.90543860E-04   9.55317449E-03   1.73878204E-02
   1.56250000E-02  0.171875000      -2.47392687E-03   4.80106147E-03   1.66901518E-02
   4.68750000E-02  0.171875000      -9.99824423E-03   1.62793007E-02   1.64487306E-02
   7.81250000E-02  0.171875000      -2.13889237E-02   2.69897394E-02   1.62030291E-02
  0.109375000      0.171875000      -3.48260254E-02   3.65699977E-02   1.58994216E-02
  0.140625000      0.171875000      -4.95277308E-02   4.49774787E-02   1.55066364E-02
  0.171875000      0.171875000      -6.50571883E-02   5.20989373E-02   1.50030227E-02
  0.203125000      0.171875000      -8.10343847E-02   5.77660054E-02   1.43757686E-02
  0.234375000      0.171875000      -9.70701277E-02   6.17991574E-02   1.36242677E-02
  0.265625000      0.171875000     -0.112773731       6.40376657E-02   1.27629824E-02
  0.296875000      0.171875000     -0.127772763       6.43595904E-02   1.18224360E-02
  0.328125000      0.171875000     -0.141727731       6.26930818E-02   1.08481599E-02
  0.359375000      0.171875000     -0.154339939       5.90200573E-02   9.89790633E-03
  0.390625000      0.171875000     -0.165353656       5.33743165E-02   9.03737079E-03
  0.421875000      0.171875000     -0.174554393       4.58364114E-02   8.33476894E-03
  0.453125000      0.171875000     -0.181764394       3.65268625E-02   7.85462931E-03
  0.484375000      0.171875000     -0.186837152       2.55992785E-02   7.65114790E-03
  0.515625000      0.171875000     -0.189652666       1.32342763E-02   7.76145607E-03
  0.546875000      0.171875000     -0.190115541      -3.64998356E-04   8.19893926E-03
  0.578125000      0.171875000     -0.188157231      -1.49753839E-02   8.96461308E-03
  0.609375000      0.171875000     -0.183707774      -3.02436613E-02   1.00453058E-02
  0.640625000      0.171875000     -0.176682293      -4.56760824E-02   1.13680921E-02
  0.671875000      0.171875000     -0.167001396      -6.06339425E-02   1.28302518E-02
  0.703125000      0.171875000     -0.154601991      -7.42875934E-02   1.43054230E-02
  0.734375000      0.171875000     -0.139461786      -8.55591074E-02   1.56553518E-02
  0.765625000      0.171875000     -0.121644385      -9.30741876E-02   1.67485848E-02
  0.796875000      0.171875000     -0.101374805      -9.51567218E-02   1.74853280E-02
  0.828125000      0.171875000      -7.91606829E-02  -8.99359211E-02   1.78242531E-02
  0.859375000      0.171875000      -5.59886843E-02  -7.57241622E-02   1.78018063E-02
  0.890625000      0.171875000      -3.36391442E-02  -5.20376414E-02   1.75305288E-02
  0.921875000      0.171875000      -1.50582548E-02  -2.20454503E-02   1.71616022E-02
  0.953125000      0.171875000      -3.77830467E-03   3.55169503E-03   1.68207940E-02
  0.984375000      0.171875000      -1.97141475E-04   9.64398216E-03   1.66278463E-02
   1.56250000E-02  0.203125000      -3.19379312E-03   1.04644531E-02   1.67763438E-02
   4.68750000E-02  0.203125000      -1.24255400E-02   2.73623243E-02   1.64827239E-02
   7.81250000E-02  0.203125000      -2.56663896E-02   4.05277833E-02   1.61757283E-02
  0.109375000      0.203125000      -4.06148210E-02   5.14074415E-02   1.57785639E-02
  0.140625000      0.203125000      -5.63931763E-02   6.06106333E-02   1.52546484E-02
  0.171875000      0.203125000      -7.25759715E-02   6.81693032E-02   1.45840328E-02
  0.203125000      0.203125000      -8.88319463E-02   7.39209652E-02   1.37584936E-02
  0.234375000      0.203125000     -0.104840010       7.76811838E-02   1.27835283E-02
  0.265625000      0.203125000     -0.120288081       7.93016478E-02   1.16806310E-02
  0.296875000      0.203125000     -0.134886324       7.86884651E-02   1.04877353E-02
  0.328125000      0.203125000     -0.148376733       7.58064538E-02   9.25761554E-03
  0.359375000      0.203125000     -0.160536468       7.06767291E-02   8.05453025E-03
  0.390625000      0.203125000     -0.171176270       6.33704141E-02   6.94961008E-03
  0.421875000      0.203125000     -0.180135712       5.40007204E-02   6.01524999E-03
  0.453125000      0.203125000     -0.187277347       4.27151918E-02   5.31903794E-03
  0.484375000      0.203125000     -0.192481756       2.96896100E-02   4.91733709E-03
  0.515625000      0.203125000     -0.195645124       1.51245268E-02   4.84888814E-03
  0.546875000      0.203125000     -0.196680963      -7.54930312E-04   5.12851076E-03
  0.578125000      0.203125000     -0.195526004      -1.76973920E-02   5.78209013E-03
  0.609375000      0.203125000     -0.192107871      -3.53885256E-02   6.81093987E-03
  0.640625000      0.203125000     -0.186318427      -5.33462912E-02   8.15447792E-03
  0.671875000      0.203125000     -0.178021759      -7.09425062E-02   9.72272828E-03
  0.703125000      0.203125000     -0.167056173      -8.73463452E-02   1.13992440E-02
  0.734375000      0.203125000     -0.153252080     -0.101448119       1.30477492E-02
  0.765625000      0.203125000     -0.136475503     -0.111783698       1.45242363E-02
  0.796875000      0.203125000     -0.116708644     -0.116489172       1.56955980E-02
  0.828125000      0.203125000      -9.41867083E-02 -0.113345817       1.64639205E-02
  0.859375000      0.203125000      -6.96253702E-02 -0.100054406       1.67930555E-02
  0.890625000      0.203125000      -4.45980951E-02  -7.50912875E-02   1.67303234E-02
  0.921875000      0.203125000      -2.21012942E-02  -4.00766656E-02   1.64089762E-02
  0.953125000      0.203125000      -6.62688771E-03  -5.17855352E-03   1.60053410E-02
  0.984375000      0.203125000      -6.42088533E-04   8.80230404E-03   1.57016404E-02
   1.56250000E-02  0.234375000      -3.63552081E-03   1.72894783E-02   1.66302174E-02
   4.68750000E-02  0.234375000      -1.38902022E-02   4.00141850E-02   1.62953697E-02
   7.81250000E-02  0.234375000      -2.81881094E-02   5.54043874E-02   1.59215480E-02
  0.109375000      0.234375000      -4.39220443E-02   6.72034472E-02   1.54159591E-02
  0.140625000      0.234375000      -6.01496622E-02   7.68115669E-02   1.47408135E-02
  0.171875000      0.234375000      -7.64601454E-02   8.44535157E-02   1.38804913E-02
  0.203125000      0.234375000      -9.25706625E-02   8.99962038E-02   1.28333643E-02
  0.234375000      0.234375000     -0.108225182       9.32627469E-02   1.16125084E-02
  0.265625000      0.234375000     -0.123183444       9.41219926E-02   1.02472231E-02
  0.296875000      0.234375000     -0.137227088       9.25070345E-02   8.78293253E-03
  0.328125000      0.234375000     -0.150164321       8.84139687E-02   7.27915578E-03
  0.359375000      0.234375000     -0.161829829       8.18942934E-02   5.80590311E-03
  0.390625000      0.234375000     -0.172081590       7.30454475E-02   4.43898235E-03
  0.421875000      0.234375000     -0.180796042       6.20016791E-02   3.25459102E-03
  0.453125000      0.234375000     -0.187864155       4.89269011E-02   2.32347357E-03
  0.484375000      0.234375000     -0.193189278       3.40108462E-02   1.70488819E-03
  0.515625000      0.234375000     -0.196687758       1.74687821E-02   1.44058070E-03
  0.546875000      0.234375000     -0.198292106      -4.55403235E-04   1.54885428E-03
  0.578125000      0.234375000     -0.197957203      -1.94834955E-02   2.07065395E-03
  0.609375000      0.234375000     -0.195626810      -3.93482745E-02   3.02909757E-03
  0.640625000      0.234375000     -0.191190571      -5.96104413E-02   4.37621726E-03
  0.671875000      0.234375000     -0.184472680      -7.96921924E-02   6.03667786E-03
  0.703125000      0.234375000     -0.175226122      -9.88092571E-02   7.90732913E-03
  0.734375000      0.234375000     -0.163144663     -0.115872428       9.85849090E-03
  0.765625000      0.234375000     -0.147904098     -0.129379496       1.17388982E-02
  0.796875000      0.234375000     -0.129246086     -0.137322396       1.33866649E-02
  0.828125000      0.234375000     -0.107125998     -0.137159750       1.46487802E-02
  0.859375000      0.234375000      -8.19613785E-02 -0.125972345       1.54112363E-02
  0.890625000      0.234375000      -5.50497770E-02 -0.101118669       1.56401247E-02
  0.921875000      0.234375000      -2.92609036E-02  -6.23416230E-02   1.54243140E-02
  0.953125000      0.234375000      -9.75695159E-03  -1.78985856E-02   1.49734486E-02
  0.984375000      0.234375000      -1.19145401E-03   6.96650054E-03   1.45577304E-02
   1.56250000E-02  0.265625000      -3.77839385E-03   2.46992484E-02   1.61876529E-02
   4.68750000E-02  0.265625000      -1.43730342E-02   5.34445234E-02   1.58246700E-02
   7.81250000E-02  0.265625000      -2.90018581E-02   7.08909109E-02   1.53845483E-02
  0.109375000      0.265625000      -4.48923782E-02   8.33321586E-02   1.47662228E-02
  0.140625000      0.265625000      -6.10468872E-02   9.30566490E-02   1.39337620E-02
  0.171875000      0.265625000      -7.70610273E-02  0.100525826       1.28771542E-02
  0.203125000      0.265625000      -9.26904976E-02  0.105657905       1.16020534E-02
  0.234375000      0.265625000     -0.107732520      0.108293064       1.01294406E-02
  0.265625000      0.265625000     -0.122004211      0.108318649       8.49639811E-03
  0.296875000      0.265625000     -0.135342285      0.105690733       6.75551873E-03
  0.328125000      0.265625000     -0.147603840      0.100429244       4.97256638E-03
  0.359375000      0.265625000     -0.158664823       9.26072299E-02   3.22286831E-03
  0.390625000      0.265625000     -0.168417513       8.23399350E-02   1.58670743E-03
  0.421875000      0.265625000     -0.176768035       6.97762370E-02   1.44159931E-04
  0.453125000      0.265625000     -0.183635741       5.50930463E-02  -1.03039260E-03
  0.484375000      0.265625000     -0.188953981       3.84934582E-02  -1.87401881E-03
  0.515625000      0.265625000     -0.192671806       2.02080831E-02  -2.34094402E-03
  0.546875000      0.265625000     -0.194755495       4.98892274E-04  -2.40813475E-03
  0.578125000      0.265625000     -0.195188850      -2.03341357E-02  -2.03174725E-03
  0.609375000      0.265625000     -0.193944454      -4.20678332E-02  -1.16310106E-03
  0.640625000      0.265625000     -0.190928012      -6.43398538E-02   1.61988690E-04
  0.671875000      0.265625000     -0.185941115      -8.66649300E-02   1.88397639E-03
  0.703125000      0.265625000     -0.178667605     -0.108355142       3.91634787E-03
  0.734375000      0.265625000     -0.168678761     -0.128396720       6.14188705E-03
  0.765625000      0.265625000     -0.155470401     -0.145305395       8.41011107E-03
  0.796875000      0.265625000     -0.138547316     -0.156980157       1.05393976E-02
  0.828125000      0.265625000     -0.117577761     -0.160595432       1.23289255E-02
  0.859375000      0.265625000      -9.26565826E-02 -0.152627319       1.35877607E-02
  0.890625000      0.265625000      -6.47507757E-02 -0.129286706       1.41894948E-02
  0.921875000      0.265625000      -3.64706777E-02  -8.82485211E-02   1.41525390E-02
  0.953125000      0.265625000      -1.32350978E-02  -3.47372219E-02   1.36973178E-02
  0.984375000      0.265625000      -1.88674033E-03   3.88627918E-03   1.31667200E-02
   1.56250000E-02  0.296875000      -3.64541030E-03   3.21191736E-02   1.54228043E-02
   4.68750000E-02  0.296875000      -1.39656607E-02   6.69308901E-02   1.50454976E-02
   7.81250000E-02  0.296875000      -2.82936357E-02   8.63521993E-02   1.45449154E-02
  0.109375000      0.296875000      -4.38054837E-02   9.92648304E-02   1.38185835E-02
  0.140625000      0.296875000      -5.94476946E-02  0.108913302       1.28344623E-02
  0.171875000      0.296875000      -7.48093575E-02  0.116038844       1.15884431E-02
  0.203125000      0.296875000      -8.96714032E-02  0.120631739       1.00932019E-02
  0.234375000      0.296875000     -0.103869841      0.122556642       8.37719440E-03
  0.265625000      0.296875000     -0.117263563      0.121719129       6.48481399E-03
  0.296875000      0.296875000     -0.129728422      0.118093565       4.47534677E-03
  0.328125000      0.296875000     -0.141155750      0.111717343       2.42050295E-03
  0.359375000      0.296875000     -0.151451170      0.102679133       4.00779711E-04
  0.390625000      0.296875000     -0.160534173       9.11086202E-02  -1.49895076E-03
  0.421875000      0.296875000     -0.168339312       7.71692321E-02  -3.19444295E-03
  0.453125000      0.296875000     -0.174818903       6.10541403E-02  -4.60737105E-03
  0.484375000      0.296875000     -0.179945648       4.29846495E-02  -5.67080313E-03
  0.515625000      0.296875000     -0.183713526       2.32100561E-02  -6.33454090E-03
  0.546875000      0.296875000     -0.186134577       2.00902158E-03  -6.57023117E-03
  0.578125000      0.296875000     -0.187232018      -2.03064904E-02  -6.34384295E-03
  0.609375000      0.296875000     -0.187018275      -4.35472876E-02  -5.58147114E-03
  0.640625000      0.296875000     -0.185430467      -6.74591660E-02  -4.30854037E-03
  0.671875000      0.296875000     -0.182267383      -9.16911885E-02  -2.56863609E-03
  0.703125000      0.296875000     -0.177164167     -0.115702398      -4.28759755E-04
  0.734375000      0.296875000     -0.169588327     -0.138612270       2.01259041E-03
  0.765625000      0.296875000     -0.158869833     -0.159016222       4.61561000E-03
  0.796875000      0.296875000     -0.144282371     -0.174780801       7.19160074E-03
  0.828125000      0.296875000     -0.125200570     -0.182848513       9.50461254E-03
  0.859375000      0.296875000     -0.101372689     -0.179126889       1.12942746E-02
  0.890625000      0.296875000      -7.33859688E-02 -0.158684194       1.23363798E-02
  0.921875000      0.296875000      -4.34887633E-02 -0.117033467       1.25542190E-02
  0.953125000      0.296875000      -1.70446150E-02  -5.56372702E-02   1.21433455E-02
  0.984375000      0.296875000      -2.80440156E-03  -8.06627097E-04   1.15118437E-02
   1.56250000E-02  0.328125000      -3.28191300E-03   3.90430018E-02   1.43492827E-02
   4.68750000E-02  0.328125000      -1.28111476E-02   7.98488110E-02   1.39709506E-02
   7.81250000E-02  0.328125000      -2.63053160E-02  0.101248264       1.34194680E-02
  0.109375000      0.328125000      -4.09885868E-02  0.114556529       1.25964079E-02
  0.140625000      0.328125000      -5.57488315E-02  0.124017820       1.14748888E-02
  0.171875000      0.328125000      -7.01543763E-02  0.130696684       1.00564295E-02
  0.203125000      0.328125000      -8.39979500E-02  0.134676263       8.35994631E-03
  0.234375000      0.328125000      -9.71410424E-02  0.135852158       6.42053969E-03
  0.265625000      0.328125000     -0.109470867      0.134147495       4.28919308E-03
  0.296875000      0.328125000     -0.120889828      0.129551172       2.03142827E-03
  0.328125000      0.328125000     -0.131312892      0.122113995      -2.75334693E-04
  0.359375000      0.328125000     -0.140667647      0.111938089      -2.54536234E-03
  0.390625000      0.328125000     -0.148896813       9.91685987E-02  -4.68903454E-03
  0.421875000      0.328125000     -0.155963033       8.39884281E-02  -6.61779614E-03
  0.453125000      0.328125000     -0.161854655       6.66146725E-02  -8.24942440E-03
  0.484375000      0.328125000     -0.166589737       4.72949222E-02  -9.51332599E-03
  0.515625000      0.328125000     -0.170215204       2.63022035E-02  -1.03554605E-02
  0.546875000      0.328125000     -0.172798350       3.92998755E-03  -1.07426886E-02
  0.578125000      0.328125000     -0.174410909      -1.95089635E-02  -1.06587932E-02
  0.609375000      0.328125000     -0.175114840      -4.38468456E-02  -1.00124609E-02
  0.640625000      0.328125000     -0.174894363      -6.89609498E-02  -8.82114097E-03
  0.671875000      0.328125000     -0.173567787      -9.46731567E-02  -7.11344648E-03
  0.703125000      0.328125000     -0.170747310     -0.120639376      -4.93515469E-03
  0.734375000      0.328125000     -0.165821850     -0.146173105      -2.36044149E-03
  0.765625000      0.328125000     -0.157975227     -0.170018405       4.91946295E-04
  0.796875000      0.328125000     -0.146259844     -0.190080822       3.44112236E-03
  0.828125000      0.328125000     -0.129752442     -0.203138530       6.23303326E-03
  0.859375000      0.328125000     -0.107832715     -0.204586685       8.55161808E-03
  0.890625000      0.328125000      -8.06628913E-02 -0.188384280       1.00766951E-02
  0.921875000      0.328125000      -5.00452444E-02 -0.147852331       1.06161796E-02
  0.953125000      0.328125000      -2.10632607E-02  -8.02489221E-02   1.02981776E-02
  0.984375000      0.328125000      -3.94480908E-03  -7.55730923E-03   9.57961008E-03
   1.56250000E-02  0.359375000      -2.74287420E-03   4.50647622E-02   1.30138425E-02
   4.68750000E-02  0.359375000      -1.10717714E-02   9.16784927E-02   1.26464721E-02
   7.81250000E-02  0.359375000      -2.32940577E-02  0.115128055       1.20558599E-02
  0.109375000      0.359375000      -3.67761590E-02  0.128835991       1.11515895E-02
  0.140625000      0.359375000      -5.03468364E-02  0.138064370       9.91269480E-03
  0.171875000      0.359375000      -6.35402054E-02  0.144245595       8.34580325E-03
  0.203125000      0.359375000      -7.61487931E-02  0.147577733       6.47512125E-03
  0.234375000      0.359375000      -8.80490094E-02  0.147994071       4.34136065E-03
  0.265625000      0.359375000      -9.91467535E-02  0.145435154       2.00128392E-03
  0.296875000      0.359375000     -0.109362572      0.139902160      -4.73873108E-04
  0.328125000      0.359375000     -0.118628368      0.131457478      -3.00116977E-03
  0.359375000      0.359375000     -0.126888931      0.120217063      -5.48963761E-03
  0.390625000      0.359375000     -0.134106904      0.106345177      -7.84484483E-03
  0.421875000      0.359375000     -0.140270650       9.00512189E-02  -9.97400656E-03
  0.453125000      0.359375000     -0.145402908       7.15858042E-02  -1.17914835E-02
  0.484375000      0.359375000     -0.149566561       5.12328744E-02  -1.32239675E-02
  0.515625000      0.359375000     -0.152863026       2.92965397E-02  -1.42149795E-02
  0.546875000      0.359375000     -0.155419379       6.08529430E-03  -1.47281680E-02
  0.578125000      0.359375000     -0.157363325      -1.80981476E-02  -1.47671457E-02
  0.609375000      0.359375000     -0.158815295      -4.30928692E-02  -1.42372074E-02
  0.640625000      0.359375000     -0.159821361      -6.89212680E-02  -1.31508876E-02
  0.671875000      0.359375000     -0.160244480      -9.56091806E-02  -1.15241567E-02
  0.703125000      0.359375000     -0.159706831     -0.123055473      -9.38174129E-03
  0.734375000      0.359375000     -0.157553315     -0.150831163      -6.76978379E-03
  0.765625000      0.359375000     -0.152850136     -0.177906647      -3.77671770E-03
  0.796875000      0.359375000     -0.144444495     -0.202311516      -5.60312998E-04
  0.828125000      0.359375000     -0.131115347     -0.220743746       2.62712664E-03
  0.859375000      0.359375000     -0.111855544     -0.228161827       5.43340016E-03
  0.890625000      0.359375000      -8.63632709E-02 -0.217473328       7.45249260E-03
  0.921875000      0.359375000      -5.59287444E-02 -0.179818422       8.36588163E-03
  0.953125000      0.359375000      -2.52050590E-02 -0.107991882       8.19572620E-03
  0.984375000      0.359375000      -5.31873666E-03  -1.68220140E-02   7.42752058E-03
   1.56250000E-02  0.390625000      -2.08690763E-03   4.98920307E-02   1.14861159E-02
   4.68750000E-02  0.390625000      -8.91461968E-03  0.102002308       1.11401733E-02
   7.81250000E-02  0.390625000      -1.95149537E-02  0.127621189       1.05235409E-02
  0.109375000      0.390625000      -3.14929150E-02  0.141798139       9.55618918E-03
  0.140625000      0.390625000      -4.36237827E-02  0.150800228       8.22354015E-03
  0.171875000      0.390625000      -5.53955287E-02  0.156472832       6.53684605E-03
  0.203125000      0.390625000      -6.65902719E-02  0.159153551       4.52459790E-03
  0.234375000      0.390625000      -7.70918280E-02  0.158821642       2.23207264E-03
  0.265625000      0.390625000      -8.68191049E-02  0.155436158      -2.79075990E-04
  0.296875000      0.390625000      -9.57065821E-02  0.149009869      -2.93256063E-03
  0.328125000      0.390625000     -0.103700161      0.139616325      -5.64024970E-03
  0.359375000      0.390625000     -0.110759348      0.127386630      -8.30609165E-03
  0.390625000      0.390625000     -0.116863713      0.112507805      -1.08309332E-02
  0.421875000      0.390625000     -0.122022763       9.52221006E-02  -1.31180985E-02
  0.453125000      0.390625000     -0.126286790       7.58224577E-02  -1.50791965E-02
  0.484375000      0.390625000     -0.129755229       5.46397306E-02  -1.66395307E-02
  0.515625000      0.390625000     -0.132576630       3.20188366E-02  -1.77421458E-02
  0.546875000      0.390625000     -0.134933874       8.28757882E-03  -1.83498450E-02
  0.578125000      0.390625000     -0.137011513      -1.62684526E-02  -1.84820760E-02
  0.609375000      0.390625000     -0.138995469      -4.14769910E-02  -1.80585422E-02
  0.640625000      0.390625000     -0.141007155      -6.75105304E-02  -1.70900039E-02
  0.671875000      0.390625000     -0.142980367      -9.46156234E-02  -1.55834472E-02
  0.703125000      0.390625000     -0.144589126     -0.122970968      -1.35452598E-02
  0.734375000      0.390625000     -0.145182490     -0.152469933      -1.09928949E-02
  0.765625000      0.390625000     -0.143750593     -0.182398304      -7.97809754E-03
  0.796875000      0.390625000     -0.138961196     -0.211011574      -4.62175161E-03
  0.828125000      0.390625000     -0.129301399     -0.235030711      -1.15355034E-03
  0.859375000      0.390625000     -0.113362536     -0.249073029       2.06229207E-03
  0.890625000      0.390625000      -9.03430879E-02 -0.245074674       4.55288403E-03
  0.921875000      0.390625000      -6.09590523E-02 -0.212037474       5.87364612E-03
  0.953125000      0.390625000      -2.93047726E-02 -0.138153151       5.90909179E-03
  0.984375000      0.390625000      -6.85616955E-03  -2.89977714E-02   5.13527449E-03
   1.56250000E-02  0.421875000      -1.37483515E-03   5.33517748E-02   9.84730385E-03
   4.68750000E-02  0.421875000      -6.50745351E-03  0.110498533       9.53227282E-03
   7.81250000E-02  0.421875000      -1.52151342E-02  0.138428599       8.90384056E-03
  0.109375000      0.421875000      -2.54474431E-02  0.153197527       7.89322890E-03
  0.140625000      0.421875000      -3.59409787E-02  0.162023008       6.49260404E-03
  0.171875000      0.421875000      -4.61272895E-02  0.167207405       4.71748365E-03
  0.203125000      0.421875000      -5.57689592E-02  0.169256508       2.59977765E-03
  0.234375000      0.421875000      -6.47520572E-02  0.168206364       1.88241742E-04
  0.265625000      0.421875000      -7.30061382E-02  0.164037734      -2.45164405E-03
  0.296875000      0.421875000      -8.04791152E-02  0.156775564      -5.23933023E-03
  0.328125000      0.421875000      -8.71313363E-02  0.146504939      -8.08212161E-03
  0.359375000      0.421875000      -9.29372311E-02  0.133372992      -1.08792856E-02
  0.390625000      0.421875000      -9.78917181E-02  0.117591307      -1.35272788E-02
  0.421875000      0.421875000     -0.102020189       9.94378626E-02  -1.59258768E-02
  0.453125000      0.421875000     -0.105390474       7.92531222E-02  -1.79846603E-02
  0.484375000      0.421875000     -0.108123854       5.74230626E-02  -1.96288135E-02
  0.515625000      0.421875000     -0.110399537       3.43445130E-02  -2.08029859E-02
  0.546875000      0.421875000     -0.112442717       1.03738159E-02  -2.14718729E-02
  0.578125000      0.421875000     -0.114480555      -1.42283188E-02  -2.16613859E-02
  0.609375000      0.421875000     -0.116763264      -3.92403007E-02  -2.13255584E-02
  0.640625000      0.421875000     -0.119497307      -6.49921298E-02  -2.04744153E-02
  0.671875000      0.421875000     -0.122709341      -9.19402912E-02  -1.91107858E-02
  0.703125000      0.421875000     -0.126177549     -0.120561764      -1.72283035E-02
  0.734375000      0.421875000     -0.129321337     -0.151135415      -1.48191974E-02
  0.765625000      0.421875000     -0.131115183     -0.183365405      -1.18965413E-02
  0.796875000      0.421875000     -0.130087540     -0.215857208      -8.53408314E-03
  0.828125000      0.421875000     -0.124447465     -0.245481908      -4.91931662E-03
  0.859375000      0.421875000     -0.112373427     -0.266633064      -1.40168611E-03
  0.890625000      0.421875000      -9.25293267E-02 -0.270377815       1.50558830E-03
  0.921875000      0.421875000      -6.49938732E-02 -0.243654519       3.24399141E-03
  0.953125000      0.421875000      -3.31814513E-02 -0.170004204       3.53846070E-03
  0.984375000      0.421875000      -8.46181903E-03  -4.43163253E-02   2.80488748E-03
   1.56250000E-02  0.453125000      -6.71783753E-04   5.53968847E-02   8.17947648E-03
   4.68750000E-02  0.453125000      -4.02055075E-03  0.116931528       7.90571887E-03
   7.81250000E-02  0.453125000      -1.06324675E-02  0.147311985       7.28101097E-03
  0.109375000      0.453125000      -1.89298987E-02  0.162841529       6.24806667E-03
  0.140625000      0.453125000      -2.76359878E-02  0.171577558       4.80639748E-03
  0.171875000      0.453125000      -3.61161605E-02  0.176319838       2.97561171E-03
  0.203125000      0.453125000      -4.41042371E-02  0.177776083       7.90274527E-04
  0.234375000      0.453125000      -5.14843687E-02  0.176054195      -1.69854367E-03
  0.265625000      0.453125000      -5.81965819E-02  0.171162277      -4.42277361E-03
  0.296875000      0.453125000      -6.42043725E-02  0.163139686      -7.29874056E-03
  0.328125000      0.453125000      -6.94857910E-02  0.152083978      -1.02301240E-02
  0.359375000      0.453125000      -7.40333945E-02  0.138158306      -1.31122181E-02
  0.390625000      0.453125000      -7.78587162E-02  0.121597670      -1.58376098E-02
  0.421875000      0.453125000      -8.10000971E-02  0.102713853      -1.83029454E-02
  0.453125000      0.453125000      -8.35329592E-02   8.18930194E-02  -2.04161666E-02
  0.484375000      0.453125000      -8.55810940E-02   5.95773421E-02  -2.21030954E-02
  0.515625000      0.453125000      -8.73263627E-02   3.62234972E-02  -2.33118087E-02
  0.546875000      0.453125000      -8.90107602E-02   1.22341979E-02  -2.40132120E-02
  0.578125000      0.453125000      -9.09184963E-02  -1.21319415E-02  -2.42184512E-02
  0.609375000      0.453125000      -9.33305323E-02  -3.66314612E-02  -2.39498131E-02
  0.640625000      0.453125000      -9.64895040E-02  -6.16983026E-02  -2.32028700E-02
  0.671875000      0.453125000     -0.100546300      -8.79564881E-02  -2.19842512E-02
  0.703125000      0.453125000     -0.105445310     -0.116170421      -2.02835873E-02
  0.734375000      0.453125000     -0.110762320     -0.147058949      -1.80758033E-02
  0.765625000      0.453125000     -0.115542114     -0.180862188      -1.53387301E-02
  0.796875000      0.453125000     -0.118236169     -0.216689005      -1.20940926E-02
  0.828125000      0.453125000     -0.116802245     -0.251720279      -8.47127568E-03
  0.859375000      0.453125000     -0.108998314     -0.280270129      -4.77827573E-03
  0.890625000      0.453125000      -9.29185823E-02 -0.292663276      -1.53687072E-03
  0.921875000      0.453125000      -6.79400787E-02 -0.273882806       6.03326713E-04
  0.953125000      0.453125000      -3.66812982E-02 -0.202847689       1.19769690E-03
  0.984375000      0.453125000      -1.00480272E-02  -6.28265068E-02   5.47459174E-04
   1.56250000E-02  0.484375000      -4.78404545E-05   5.61154261E-02   6.55527925E-03
   4.68750000E-02  0.484375000      -1.62696268E-03  0.121138506       6.34045806E-03
   7.81250000E-02  0.484375000      -5.99472364E-03  0.154082447       5.73510956E-03
  0.109375000      0.484375000      -1.22115556E-02  0.170583978       4.70095919E-03
  0.140625000      0.484375000      -1.90219749E-02  0.179351509       3.24568897E-03
  0.171875000      0.484375000      -2.57142559E-02  0.183719784       1.39242411E-03
  0.203125000      0.484375000      -3.19833532E-02  0.184636533      -8.22332921E-04
  0.234375000      0.484375000      -3.77066843E-02  0.182302296      -3.34648648E-03
  0.265625000      0.484375000      -4.28351536E-02  0.176761836      -6.11088937E-03
  0.296875000      0.484375000      -4.73513305E-02  0.168072850      -9.03023221E-03
  0.328125000      0.484375000      -5.12559935E-02  0.156347215      -1.20058488E-02
  0.359375000      0.484375000      -5.45653179E-02  0.141763568      -1.49301514E-02
  0.390625000      0.484375000      -5.73124215E-02  0.124577299      -1.76925994E-02
  0.421875000      0.484375000      -5.95514849E-02  0.105127677      -2.01870706E-02
  0.453125000      0.484375000      -6.13638237E-02   8.38375613E-02  -2.23198589E-02
  0.484375000      0.484375000      -6.28658384E-02   6.11959547E-02  -2.40171477E-02
  0.515625000      0.484375000      -6.42189607E-02   3.77158634E-02  -2.52302457E-02
  0.546875000      0.484375000      -6.56417310E-02   1.38610117E-02  -2.59369705E-02
  0.578125000      0.484375000      -6.74231872E-02  -1.00581832E-02  -2.61384565E-02
  0.609375000      0.484375000      -6.98444545E-02  -3.38612720E-02  -2.59109382E-02
  0.640625000      0.484375000      -7.31679946E-02  -5.79761490E-02  -2.52431016E-02
  0.671875000      0.484375000      -7.76590258E-02  -8.31218213E-02  -2.41506286E-02
  0.703125000      0.484375000      -8.34685415E-02 -0.110288426      -2.26287637E-02
  0.734375000      0.484375000      -9.04229358E-02 -0.140662283      -2.06465349E-02
  0.765625000      0.484375000      -9.77521762E-02 -0.175143480      -1.81555264E-02
  0.796875000      0.484375000     -0.103927597     -0.213532865      -1.51272342E-02
  0.828125000      0.484375000     -0.106705748     -0.253527850      -1.16230641E-02
  0.859375000      0.484375000     -0.103424489     -0.289544553      -7.88590685E-03
  0.890625000      0.484375000      -9.15728062E-02 -0.311318278      -4.41226643E-03
  0.921875000      0.484375000      -6.97606355E-02 -0.302017659      -1.91162969E-03
  0.953125000      0.484375000      -3.97001877E-02 -0.236032069      -9.94671020E-04
  0.984375000      0.484375000      -1.15506053E-02  -8.44252855E-02  -1.52449810E-03
   1.56250000E-02  0.515625000       4.94204403E-04   5.56683093E-02   5.04852599E-03
   4.68750000E-02  0.515625000       5.53180696E-04  0.123104133       4.88847448E-03
   7.81250000E-02  0.515625000      -1.54119218E-03  0.158577472       4.33644187E-03
  0.109375000      0.515625000      -5.55258896E-03  0.176316530       3.32082878E-03
  0.140625000      0.515625000      -1.03913005E-02  0.185268670       1.87994121E-03
  0.171875000      0.515625000      -1.52461343E-02  0.189351842       3.72213290E-05
  0.203125000      0.515625000      -1.97608955E-02  0.189792186      -2.16913177E-03
  0.234375000      0.515625000      -2.37976331E-02  0.186912417      -4.68758214E-03
  0.265625000      0.515625000      -2.73177605E-02  0.180807859      -7.44977640E-03
  0.296875000      0.515625000      -3.03263385E-02  0.171560869      -1.03705488E-02
  0.328125000      0.515625000      -3.28518972E-02  0.159300223      -1.33505091E-02
  0.359375000      0.515625000      -3.49401608E-02  0.144220158      -1.62805244E-02
  0.390625000      0.515625000      -3.66524383E-02  0.126592934      -1.90479346E-02
  0.421875000      0.515625000      -3.80657203E-02  0.106777698      -2.15443131E-02
  0.453125000      0.515625000      -3.92737687E-02   8.52213651E-02  -2.36740764E-02
  0.484375000      0.515625000      -4.03890572E-02   6.24427050E-02  -2.53627263E-02
  0.515625000      0.515625000      -4.15461957E-02   3.89921665E-02  -2.65629701E-02
  0.546875000      0.515625000      -4.29083630E-02   1.53818354E-02  -2.72567272E-02
  0.578125000      0.515625000      -4.46792580E-02  -8.01515393E-03  -2.74512973E-02
  0.609375000      0.515625000      -4.71047759E-02  -3.10467817E-02  -2.72400510E-02
  0.640625000      0.515625000      -5.04642874E-02  -5.40976636E-02  -2.66207978E-02
  0.671875000      0.515625000      -5.50764948E-02  -7.78879821E-02  -2.56200917E-02
  0.703125000      0.515625000      -6.12907968E-02 -0.103490196      -2.42478419E-02
  0.734375000      0.515625000      -6.92603812E-02 -0.132529169      -2.24801637E-02
  0.765625000      0.515625000      -7.85356313E-02 -0.166665673      -2.02558003E-02
  0.796875000      0.515625000      -8.77533630E-02 -0.206611991      -1.75051987E-02
  0.828125000      0.515625000      -9.45616066E-02 -0.250857711      -1.42196249E-02
  0.859375000      0.515625000      -9.58963707E-02 -0.294157624      -1.05592059E-02
  0.890625000      0.515625000      -8.86079147E-02 -0.325842917      -6.96271472E-03
  0.921875000      0.515625000      -7.04718530E-02 -0.327439904      -4.16271901E-03
  0.953125000      0.515625000      -4.21869084E-02 -0.268954694      -2.91965716E-03
  0.984375000      0.515625000      -1.29315853E-02 -0.108907476      -3.29956831E-03
   1.56250000E-02  0.546875000       9.88010783E-04   5.41855395E-02   3.72805237E-03
   4.68750000E-02  0.546875000       2.51362612E-03  0.123001136       3.60334828E-03
   7.81250000E-02  0.546875000       2.53103627E-03  0.160756454       3.10441083E-03
  0.109375000      0.546875000       7.50672305E-04  0.179929078       2.15919386E-03
  0.140625000      0.546875000      -2.02886737E-03  0.189275309       7.63906341E-04
  0.171875000      0.546875000      -5.01568429E-03  0.193189293      -1.03618426E-03
  0.203125000      0.546875000      -7.76298903E-03  0.193220943      -3.19678057E-03
  0.234375000      0.546875000      -1.00994892E-02  0.189862847      -5.66980103E-03
  0.265625000      0.546875000      -1.19949821E-02  0.183280826      -8.38997308E-03
  0.296875000      0.546875000      -1.34789534E-02  0.173589945      -1.12741431E-02
  0.328125000      0.546875000      -1.46110542E-02  0.160939783      -1.42239593E-02
  0.359375000      0.546875000      -1.54709555E-02  0.145540953      -1.71302650E-02
  0.390625000      0.546875000      -1.61534436E-02  0.127679944      -1.98794045E-02
  0.421875000      0.546875000      -1.67649146E-02  0.107728943      -2.23612301E-02
  0.453125000      0.546875000      -1.74199156E-02   8.61467496E-02  -2.44780891E-02
  0.484375000      0.546875000      -1.82367712E-02   6.34628311E-02  -2.61536092E-02
  0.515625000      0.546875000      -1.93316042E-02   4.02369313E-02  -2.73395404E-02
  0.546875000      0.546875000      -2.08109599E-02   1.69908889E-02  -2.80187093E-02
  0.578125000      0.546875000      -2.27747187E-02  -5.87796979E-03  -2.82029770E-02
  0.609375000      0.546875000      -2.53776573E-02  -2.81447023E-02  -2.79949158E-02
  0.640625000      0.546875000      -2.88483240E-02  -5.01595661E-02  -2.73976494E-02
  0.671875000      0.546875000      -3.34795862E-02  -7.25734606E-02  -2.64477767E-02
  0.703125000      0.546875000      -3.97516899E-02  -9.63100493E-02  -2.51793824E-02
  0.734375000      0.546875000      -4.81563732E-02 -0.123327717      -2.35865563E-02
  0.765625000      0.546875000      -5.86824343E-02 -0.156059414      -2.16098074E-02
  0.796875000      0.546875000      -7.03308135E-02 -0.196346641      -1.91552304E-02
  0.828125000      0.546875000      -8.08027089E-02 -0.243838370      -1.61504261E-02
  0.859375000      0.546875000      -8.66881758E-02 -0.293953121      -1.26630906E-02
  0.890625000      0.546875000      -8.41731876E-02 -0.335848212      -9.04639624E-03
  0.921875000      0.546875000      -7.01293275E-02 -0.349612832      -6.01727562E-03
  0.953125000      0.546875000      -4.41333205E-02 -0.301061869      -4.45939228E-03
  0.984375000      0.546875000      -1.41748209E-02 -0.136013806      -4.66684811E-03
   1.56250000E-02  0.578125000       1.39419083E-03   5.18028773E-02   2.62059760E-03
   4.68750000E-02  0.578125000       4.19571111E-03  0.121055678       2.53946753E-03
   7.81250000E-02  0.578125000       6.14269823E-03  0.160736725       2.09529791E-03
  0.109375000      0.578125000       6.48228731E-03  0.181389496       1.22006657E-03
  0.140625000      0.578125000       5.74532943E-03  0.191332400      -8.71580560E-05
  0.171875000      0.578125000       4.65958938E-03  0.195207208      -1.79551519E-03
  0.203125000      0.578125000       3.70449922E-03  0.194909543      -3.86880524E-03
  0.234375000      0.578125000       3.08116362E-03  0.191139996      -6.25757780E-03
  0.265625000      0.578125000       2.82591931E-03  0.184162110      -8.89864378E-03
  0.296875000      0.578125000       2.89031724E-03  0.174137622      -1.17122764E-02
  0.328125000      0.578125000       3.18260910E-03  0.161242813      -1.46028101E-02
  0.359375000      0.578125000       3.58635210E-03  0.145706207      -1.74625535E-02
  0.390625000      0.578125000       3.96984955E-03  0.127826661      -2.01780125E-02
  0.421875000      0.578125000       4.19323519E-03  0.107983775      -2.26379186E-02
  0.453125000      0.578125000       4.11586836E-03   8.66378695E-02  -2.47423612E-02
  0.484375000      0.578125000       3.60532152E-03   6.43125102E-02  -2.64118258E-02
  0.515625000      0.578125000       2.54802336E-03   4.15523574E-02  -2.75944788E-02
  0.546875000      0.578125000       8.60766624E-04   1.88544169E-02  -2.82695945E-02
  0.578125000      0.578125000      -1.48542516E-03  -3.41991428E-03  -2.84489095E-02
  0.609375000      0.578125000      -4.49911272E-03  -2.49752663E-02  -2.82418244E-02
  0.640625000      0.578125000      -8.28758907E-03  -4.60598208E-02  -2.76497826E-02
  0.671875000      0.578125000      -1.30675072E-02  -6.72528595E-02  -2.67092474E-02
  0.703125000      0.578125000      -1.93307586E-02  -8.90870765E-02  -2.54961737E-02
  0.734375000      0.578125000      -2.77873613E-02 -0.113682151      -2.40233131E-02
  0.765625000      0.578125000      -3.88981625E-02 -0.144061834      -2.22420841E-02
  0.796875000      0.578125000      -5.22524752E-02 -0.183336228      -2.00603642E-02
  0.828125000      0.578125000      -6.58535808E-02 -0.232771397      -1.73556320E-02
  0.859375000      0.578125000      -7.60710984E-02 -0.288913578      -1.41021302E-02
  0.890625000      0.578125000      -7.84229785E-02 -0.341048300      -1.05464598E-02
  0.921875000      0.578125000      -6.88050389E-02 -0.368072927      -7.35345669E-03
  0.953125000      0.578125000      -4.55565825E-02 -0.331845403      -5.49741136E-03
  0.984375000      0.578125000      -1.52782351E-02 -0.165466785      -5.51387900E-03
   1.56250000E-02  0.609375000       1.69636519E-03   4.87118438E-02   1.73487153E-03
   4.68750000E-02  0.609375000       5.54497167E-03  0.117495537       1.69952668E-03
   7.81250000E-02  0.609375000       9.19549353E-03  0.158698440       1.32357504E-03
  0.109375000      0.609375000       1.14963511E-02  0.180787072       5.40463894E-04
  0.140625000      0.609375000       1.27282105E-02  0.191440716      -6.56016171E-04
  0.171875000      0.609375000       1.35264378E-02  0.195388556      -2.24425364E-03
  0.203125000      0.609375000       1.43716242E-02  0.194841862      -4.19387128E-03
  0.234375000      0.609375000       1.54834781E-02  0.190724686      -6.46316446E-03
  0.265625000      0.609375000       1.68969668E-02  0.183426484      -8.99480470E-03
  0.296875000      0.609375000       1.85413212E-02  0.173173517      -1.17130354E-02
  0.328125000      0.609375000       2.02902760E-02  0.160176218      -1.45243611E-02
  0.359375000      0.609375000       2.19885763E-02  0.144682556      -1.73215866E-02
  0.390625000      0.609375000       2.34665796E-02  0.127001524      -1.99903343E-02
  0.421875000      0.609375000       2.45510787E-02  0.107514277      -2.24174596E-02
  0.453125000      0.609375000       2.50762999E-02   8.66729394E-02  -2.45005377E-02
  0.484375000      0.609375000       2.48967446E-02   6.49808496E-02  -2.61572078E-02
  0.515625000      0.609375000       2.39023566E-02   4.29486185E-02  -2.73327604E-02
  0.546875000      0.609375000       2.20357310E-02   2.10243426E-02  -2.80042551E-02
  0.578125000      0.609375000       1.93012357E-02  -4.97563276E-04  -2.81803533E-02
  0.609375000      0.609375000       1.58068761E-02  -2.13787407E-02  -2.79679094E-02
  0.640625000      0.609375000       1.15979305E-02  -4.16489318E-02  -2.73773782E-02
  0.671875000      0.609375000       6.42486755E-03  -6.17016964E-02  -2.64756940E-02
  0.703125000      0.609375000      -9.49323876E-05  -8.18470940E-02  -2.52846330E-02
  0.734375000      0.609375000      -8.51723365E-03 -0.104036167      -2.38797963E-02
  0.765625000      0.609375000      -1.97106823E-02 -0.131397605      -2.22161170E-02
  0.796875000      0.609375000      -3.40340957E-02 -0.168317825      -2.02513132E-02
  0.828125000      0.609375000      -5.00941649E-02 -0.218124658      -1.78247802E-02
  0.859375000      0.609375000      -6.42783195E-02 -0.279155552      -1.48242954E-02
  0.890625000      0.609375000      -7.14822710E-02 -0.341248274      -1.13767236E-02
  0.921875000      0.609375000      -6.65571690E-02 -0.382414639      -8.06352589E-03
  0.953125000      0.609375000      -4.64763865E-02 -0.360832363      -5.91754587E-03
  0.984375000      0.609375000      -1.62447188E-02 -0.196989775      -5.72272763E-03
   1.56250000E-02  0.640625000       1.88453135E-03   4.51303646E-02   1.06531859E-03
   4.68750000E-02  0.640625000       6.51419442E-03  0.112597436       1.07480038E-03
   7.81250000E-02  0.640625000       1.15877837E-02  0.154871166       7.79688358E-04
  0.109375000      0.640625000       1.56421605E-02  0.178258419       1.13663933E-04
  0.140625000      0.640625000       1.87300518E-02  0.189649880      -9.40921425E-04
  0.171875000      0.640625000       2.13724114E-02  0.193740368      -2.37571960E-03
  0.203125000      0.640625000       2.40181647E-02  0.193002224      -4.17068973E-03
  0.234375000      0.640625000       2.68843938E-02  0.188591063      -6.29283534E-03
  0.265625000      0.640625000       2.99944915E-02  0.181043148      -8.69140960E-03
  0.296875000      0.640625000       3.32509615E-02  0.170664400      -1.12949833E-02
  0.328125000      0.640625000       3.64913009E-02  0.157705948      -1.40122753E-02
  0.359375000      0.640625000       3.95215973E-02  0.142435446      -1.67364664E-02
  0.390625000      0.640625000       4.21364307E-02  0.125168011      -1.93521865E-02
  0.421875000      0.640625000       4.41334546E-02  0.106279105      -2.17443556E-02
  0.453125000      0.640625000       4.53271717E-02   8.62022787E-02  -2.38079820E-02
  0.484375000      0.640625000       4.55632955E-02   6.54079691E-02  -2.54575629E-02
  0.515625000      0.640625000       4.47320342E-02   4.43598330E-02  -2.66345665E-02
  0.546875000      0.640625000       4.27761897E-02   2.34477352E-02  -2.73111314E-02
  0.578125000      0.640625000       3.96967940E-02   2.90437508E-03  -2.74889003E-02
  0.609375000      0.640625000       3.56285237E-02  -1.72073841E-02  -2.72759981E-02
  0.640625000      0.640625000       3.06901820E-02  -3.66632119E-02  -2.66708955E-02
  0.671875000      0.640625000       2.48310864E-02  -5.56464195E-02  -2.57370379E-02
  0.703125000      0.640625000       1.79619323E-02  -7.45056123E-02  -2.45382581E-02
  0.734375000      0.640625000       9.64265503E-03  -9.46293920E-02  -2.31594872E-02
  0.765625000      0.640625000      -1.36959087E-03 -0.118593171      -2.16110907E-02
  0.796875000      0.640625000      -1.60686038E-02 -0.152095467      -1.97936539E-02
  0.828125000      0.640625000      -3.38299163E-02 -0.200522333      -1.75895058E-02
  0.859375000      0.640625000      -5.14719263E-02 -0.264929354      -1.48195010E-02
  0.890625000      0.640625000      -6.34083003E-02 -0.336332649      -1.14831775E-02
  0.921875000      0.640625000      -6.33935630E-02 -0.392269373      -8.05436075E-03
  0.953125000      0.640625000      -4.68880683E-02 -0.387563854      -5.59966546E-03
  0.984375000      0.640625000      -1.70718357E-02 -0.230306566      -5.16231358E-03
   1.56250000E-02  0.671875000       1.94991962E-03   4.12951335E-02   5.94711280E-04
   4.68750000E-02  0.671875000       7.05426000E-03  0.106696889       6.45421213E-04
   7.81250000E-02  0.671875000       1.32062100E-02  0.149544328       4.43154539E-04
  0.109375000      0.671875000       1.87484603E-02  0.173987269      -7.73743450E-05
  0.140625000      0.671875000       2.35401988E-02  0.186040908      -9.52162547E-04
  0.171875000      0.671875000       2.79704630E-02  0.190277442      -2.19429797E-03
  0.203125000      0.671875000       3.24193463E-02  0.189372733      -3.80010577E-03
  0.234375000      0.671875000       3.70702371E-02  0.184707344      -5.74772060E-03
  0.265625000      0.671875000       4.19177376E-02  0.176974922      -7.99334608E-03
  0.296875000      0.671875000       4.68302928E-02  0.166570991      -1.04692988E-02
  0.328125000      0.671875000       5.16075566E-02  0.153790772      -1.30855376E-02
  0.359375000      0.671875000       5.60188591E-02  0.138919443      -1.57346502E-02
  0.390625000      0.671875000       5.98273948E-02  0.122272134      -1.82994623E-02
  0.421875000      0.671875000       6.28076941E-02  0.104209870      -2.06623264E-02
  0.453125000      0.671875000       6.47608340E-02   8.51372480E-02  -2.27151215E-02
  0.484375000      0.671875000       6.55281395E-02   6.54821545E-02  -2.43685897E-02
  0.515625000      0.671875000       6.50001988E-02   4.56571430E-02  -2.55595502E-02
  0.546875000      0.671875000       6.31144047E-02   2.60038618E-02  -2.62541920E-02
  0.578125000      0.671875000       5.98453581E-02   6.70781452E-03  -2.64455490E-02
  0.609375000      0.671875000       5.53261861E-02  -1.24130286E-02  -2.62311436E-02
  0.640625000      0.671875000       4.96914163E-02  -3.08750048E-02  -2.56164484E-02
  0.671875000      0.671875000       4.29602936E-02  -4.88359891E-02  -2.46565733E-02
  0.703125000      0.671875000       3.51637900E-02  -6.66430816E-02  -2.34212521E-02
  0.734375000      0.671875000       2.61848830E-02  -8.51876289E-02  -2.19868831E-02
  0.765625000      0.671875000       1.55392336E-02 -0.106372193      -2.04132423E-02
  0.796875000      0.671875000       1.38859823E-03 -0.135463223      -1.87492408E-02
  0.828125000      0.671875000      -1.72700211E-02 -0.180732265      -1.67113487E-02
  0.859375000      0.671875000      -3.77140790E-02 -0.246632010      -1.41125154E-02
  0.890625000      0.671875000      -5.41476607E-02 -0.326259553      -1.08408853E-02
  0.921875000      0.671875000      -5.92266545E-02 -0.397278488      -7.24256039E-03
  0.953125000      0.671875000      -4.67293486E-02 -0.411558449      -4.40888992E-03
  0.984375000      0.671875000      -1.77398752E-02 -0.265118837      -3.67250619E-03
   1.56250000E-02  0.703125000       1.87973073E-03   3.74644399E-02   2.96356011E-04
   4.68750000E-02  0.703125000       7.10006943E-03  0.100200526       3.82105383E-04
   7.81250000E-02  0.703125000       1.39086405E-02  0.143077582       2.85282236E-04
  0.109375000      0.703125000       2.06112377E-02  0.168206960      -5.64471266E-05
  0.140625000      0.703125000       2.69210897E-02  0.180718184      -7.06619699E-04
  0.171875000      0.703125000       3.30775604E-02  0.185013086      -1.71128102E-03
  0.203125000      0.703125000       3.93471941E-02  0.183919623      -3.09113599E-03
  0.234375000      0.703125000       4.58377115E-02  0.179021716      -4.83856769E-03
  0.265625000      0.703125000       5.24887815E-02  0.171166420      -6.91655744E-03
  0.296875000      0.703125000       5.91230541E-02  0.160838902      -9.25939996E-03
  0.328125000      0.703125000       6.55000731E-02  0.148376510      -1.17761381E-02
  0.359375000      0.703125000       7.13554546E-02  0.134076416      -1.43568385E-02
  0.390625000      0.703125000       7.64268190E-02  0.118245810      -1.68809816E-02
  0.421875000      0.703125000       8.04722309E-02  0.101221859      -1.92272216E-02
  0.453125000      0.703125000       8.32851902E-02   8.33710283E-02  -2.12834217E-02
  0.484375000      0.703125000       8.47067758E-02   6.50714561E-02  -2.29558758E-02
  0.515625000      0.703125000       8.46332014E-02   4.66811135E-02  -2.41763555E-02
  0.546875000      0.703125000       8.30163360E-02   2.84938328E-02  -2.49059573E-02
  0.578125000      0.703125000       7.98522830E-02   1.06615499E-02  -2.51353495E-02
  0.609375000      0.703125000       7.50860572E-02  -7.07155466E-03  -2.48930454E-02
  0.640625000      0.703125000       6.87960684E-02  -2.42827982E-02  -2.42861342E-02
  0.671875000      0.703125000       6.11829832E-02  -4.10761610E-02  -2.33064033E-02
  0.703125000      0.703125000       5.23419566E-02  -5.77587560E-02  -2.20265109E-02
  0.734375000      0.703125000       4.22919728E-02  -7.50377402E-02  -2.05226149E-02
  0.765625000      0.703125000       3.08826528E-02  -9.44631770E-02  -1.88653283E-02
  0.796875000      0.703125000       1.73973199E-02 -0.119733728      -1.71069354E-02
  0.828125000      0.703125000      -6.36924058E-04 -0.159767658      -1.52474437E-02
  0.859375000      0.703125000      -2.29443051E-02 -0.224845082      -1.27499234E-02
  0.890625000      0.703125000      -4.34857830E-02 -0.311072290      -9.44482163E-03
  0.921875000      0.703125000      -5.38130440E-02 -0.397061169      -5.54162357E-03
  0.953125000      0.703125000      -4.58356068E-02 -0.432252795      -2.17253412E-03
  0.984375000      0.703125000      -1.81960706E-02 -0.301055789      -1.03297690E-03
   1.56250000E-02  0.734375000       1.64352963E-03   3.39398459E-02   1.35679293E-04
   4.68750000E-02  0.734375000       6.53759111E-03   9.36076641E-02   2.48279801E-04
   7.81250000E-02  0.734375000       1.34892035E-02  0.135906875       2.73348618E-04
  0.109375000      0.734375000       2.09700149E-02  0.161191136       1.51531873E-04
  0.140625000      0.734375000       2.85984464E-02  0.173793197      -2.21643393E-04
  0.171875000      0.734375000       3.64353880E-02  0.177943081      -9.39778576E-04
  0.203125000      0.734375000       4.45765331E-02  0.176578552      -2.05712114E-03
  0.234375000      0.734375000       5.30003496E-02  0.171449721      -3.58317583E-03
  0.265625000      0.734375000       6.15568496E-02  0.163533852      -5.48631744E-03
  0.296875000      0.734375000       7.00070709E-02  0.153391778      -7.69961067E-03
  0.328125000      0.734375000       7.80675262E-02  0.141392738      -1.01278154E-02
  0.359375000      0.734375000       8.54442567E-02  0.127836227      -1.26556056E-02
  0.390625000      0.734375000       9.18563455E-02  0.113011964      -1.51570402E-02
  0.421875000      0.734375000       9.70525444E-02   9.72244591E-02  -1.75056197E-02
  0.453125000      0.734375000      0.100823909       8.07950795E-02  -1.95842367E-02
  0.484375000      0.734375000      0.103012830       6.40480965E-02  -2.12940089E-02
  0.515625000      0.734375000      0.103516653       4.72853035E-02  -2.25608721E-02
  0.546875000      0.734375000      0.102282122       3.07516810E-02  -2.33391672E-02
  0.578125000      0.734375000       9.92795229E-02   1.45803355E-02  -2.36115176E-02
  0.609375000      0.734375000       9.44106430E-02  -1.34610827E-03  -2.33839061E-02
  0.640625000      0.734375000       8.77506360E-02  -1.70500744E-02  -2.27780938E-02
  0.671875000      0.734375000       7.95070902E-02  -3.24452147E-02  -2.17796993E-02
  0.703125000      0.734375000       6.97790310E-02  -4.78148758E-02  -2.04504952E-02
  0.734375000      0.734375000       5.86529635E-02  -6.38012663E-02  -1.88613404E-02
  0.765625000      0.734375000       4.61476296E-02  -8.17822069E-02  -1.70817282E-02
  0.796875000      0.734375000       3.20283845E-02 -0.104808852      -1.51647720E-02
  0.828125000      0.734375000       1.51243946E-02 -0.139754489      -1.31150838E-02
  0.859375000      0.734375000      -6.99081924E-03 -0.200437158      -1.08000394E-02
  0.890625000      0.734375000      -3.09822522E-02 -0.290949881      -7.29283411E-03
  0.921875000      0.734375000      -4.66631353E-02 -0.391178846      -2.83500948E-03
  0.953125000      0.734375000      -4.38724980E-02 -0.448907256       1.36382179E-03
  0.984375000      0.734375000      -1.83318350E-02 -0.337585360       3.09504010E-03
   1.56250000E-02  0.765625000       1.15660857E-03   3.11380401E-02   6.94421906E-05
   4.68750000E-02  0.765625000       5.12759853E-03   8.75405967E-02   2.03199292E-04
   7.81250000E-02  0.765625000       1.16135217E-02  0.128532097       3.77253687E-04
  0.109375000      0.765625000       1.94736067E-02  0.153220862       5.28479170E-04
  0.140625000      0.765625000       2.82535348E-02  0.165351376       4.91747400E-04
  0.171875000      0.765625000       3.77787910E-02  0.169019729       1.10056819E-04
  0.203125000      0.765625000       4.79006879E-02  0.167237014      -7.13010726E-04
  0.234375000      0.765625000       5.84044009E-02  0.161863372      -2.00524740E-03
  0.265625000      0.765625000       6.90105036E-02  0.153959006      -3.73701099E-03
  0.296875000      0.765625000       7.94014931E-02  0.144128621      -5.83529100E-03
  0.328125000      0.765625000       8.92491490E-02  0.132752806      -8.19601119E-03
  0.359375000      0.765625000       9.82361063E-02  0.120119169      -1.06950440E-02
  0.390625000      0.765625000      0.106071666      0.106489509      -1.31987203E-02
  0.421875000      0.765625000      0.112503439       9.21281874E-02  -1.55740008E-02
  0.453125000      0.765625000      0.117326021       7.73073584E-02  -1.76980495E-02
  0.484375000      0.765625000      0.120386094       6.22970983E-02  -1.94664206E-02
  0.515625000      0.765625000      0.121582054       4.73467596E-02  -2.07990538E-02
  0.546875000      0.765625000      0.120854735       3.26619558E-02  -2.16433778E-02
  0.578125000      0.765625000      0.118161559       1.83750633E-02  -2.19738223E-02
  0.609375000      0.765625000      0.113425389       4.47253883E-03  -2.17861440E-02
  0.640625000      0.765625000      0.106683649      -9.45967622E-03  -2.11854428E-02
  0.671875000      0.765625000       9.80834812E-02  -2.31858008E-02  -2.01773047E-02
  0.703125000      0.765625000       8.77354741E-02  -3.69935334E-02  -1.87993348E-02
  0.734375000      0.765625000       7.57513195E-02  -5.15092611E-02  -1.71123017E-02
  0.765625000      0.765625000       6.22281283E-02  -6.80442229E-02  -1.51749067E-02
  0.796875000      0.765625000       4.71818112E-02  -8.93814862E-02  -1.30294189E-02
  0.828125000      0.765625000       3.02706007E-02 -0.121368557      -1.06758736E-02
  0.859375000      0.765625000       9.40970331E-03 -0.175850451      -8.03785771E-03
  0.890625000      0.765625000      -1.58372167E-02 -0.266303003      -4.33651218E-03
  0.921875000      0.765625000      -3.68925370E-02 -0.379095227       1.07660913E-03
  0.953125000      0.765625000      -4.02257815E-02 -0.460454553       6.61488995E-03
  0.984375000      0.765625000      -1.79452803E-02 -0.373864919       9.27328691E-03
   1.56250000E-02  0.796875000       2.11760591E-04   2.97676623E-02   3.51005874E-05
   4.68750000E-02  0.796875000       2.36660638E-03   8.27805400E-02   2.09243663E-04
   7.81250000E-02  0.796875000       7.71834143E-03  0.121449284       5.81012922E-04
  0.109375000      0.796875000       1.56496335E-02  0.144507080       1.07283494E-03
  0.140625000      0.796875000       2.55336501E-02  0.155396193       1.43445411E-03
  0.171875000      0.796875000       3.68646160E-02  0.158114225       1.43342488E-03
  0.203125000      0.796875000       4.91668843E-02  0.155714869       9.24594817E-04
  0.234375000      0.796875000       6.19623512E-02  0.150084242      -1.35936862E-04
  0.265625000      0.796875000       7.48048574E-02  0.142289132      -1.71423249E-03
  0.296875000      0.796875000       8.72872174E-02  0.132926658      -3.72462883E-03
  0.328125000      0.796875000       9.90401059E-02  0.122357637      -6.04910729E-03
  0.359375000      0.796875000      0.109732792      0.110839859      -8.55129957E-03
  0.390625000      0.796875000      0.119076192       9.85966027E-02  -1.10877985E-02
  0.421875000      0.796875000      0.126826942       8.58465284E-02  -1.35180783E-02
  0.453125000      0.796875000      0.132791311       7.28108957E-02  -1.57132801E-02
  0.484375000      0.796875000      0.136826783       5.97072914E-02  -1.75635740E-02
  0.515625000      0.796875000      0.138840258       4.67364490E-02  -1.89834684E-02
  0.546875000      0.796875000      0.138782039       3.40668075E-02  -1.99146904E-02
  0.578125000      0.796875000      0.136637092       2.18167230E-02  -2.03268137E-02
  0.609375000      0.796875000      0.132407114       1.00044757E-02  -2.02165935E-02
  0.640625000      0.796875000      0.125927627      -1.76405371E-03  -1.96078382E-02
  0.671875000      0.796875000      0.117258400      -1.36069804E-02  -1.86028928E-02
  0.703125000      0.796875000      0.106668986      -2.56314129E-02  -1.71834379E-02
  0.734375000      0.796875000       9.42482501E-02  -3.84646431E-02  -1.53920548E-02
  0.765625000      0.796875000       8.00861642E-02  -5.34035265E-02  -1.32629620E-02
  0.796875000      0.796875000       6.42623752E-02  -7.31539130E-02  -1.08035989E-02
  0.828125000      0.796875000       4.67548147E-02 -0.103181094      -7.95937516E-03
  0.859375000      0.796875000       2.70245429E-02 -0.153452352      -4.56198584E-03
  0.890625000      0.796875000       2.38945195E-03 -0.238826305      -3.07896669E-04
  0.921875000      0.796875000      -2.29894053E-02 -0.360146105       6.55977428E-03
  0.953125000      0.796875000      -3.38137113E-02 -0.465255141       1.42817134E-02
  0.984375000      0.796875000      -1.66764818E-02 -0.408490062       1.84695050E-02
   1.56250000E-02  0.828125000      -1.43422023E-03   3.09877768E-02  -3.46137240E-05
   4.68750000E-02  0.828125000      -2.55248137E-03   8.05184692E-02   1.84699195E-04
   7.81250000E-02  0.828125000       8.67786468E-04  0.114933208       9.01548250E-04
  0.109375000      0.828125000       8.91266204E-03  0.135040700       1.80674985E-03
  0.140625000      0.828125000       2.01147851E-02  0.143770128       2.61775288E-03
  0.171875000      0.828125000       3.35515141E-02  0.144966602       3.02733877E-03
  0.203125000      0.828125000       4.83620763E-02  0.141744480       2.83244951E-03
  0.234375000      0.828125000       6.37343228E-02  0.135883018       1.98067212E-03
  0.265625000      0.828125000       7.90358037E-02  0.128344133       5.20407921E-04
  0.296875000      0.828125000       9.37760919E-02  0.119648740      -1.44229108E-03
  0.328125000      0.828125000      0.107559986      0.110100508      -3.77064105E-03
  0.359375000      0.828125000      0.120059900       9.99080390E-02  -6.31347392E-03
  0.390625000      0.828125000      0.131003410       8.92468691E-02  -8.91654566E-03
  0.421875000      0.828125000      0.140169084       7.82865062E-02  -1.14316335E-02
  0.453125000      0.828125000      0.147385746       6.71975464E-02  -1.37242042E-02
  0.484375000      0.828125000      0.152531564       5.61475381E-02  -1.56796928E-02
  0.515625000      0.828125000      0.155531600       4.52910438E-02  -1.72079541E-02
  0.546875000      0.828125000      0.156352848       3.47572565E-02  -1.82456039E-02
  0.578125000      0.828125000      0.154997051       2.46345196E-02  -1.87562648E-02
  0.609375000      0.828125000      0.151482522       1.49377268E-02  -1.87287573E-02
  0.640625000      0.828125000      0.145768404       5.50164375E-03  -1.81711856E-02
  0.671875000      0.828125000      0.137748599      -4.17967653E-03  -1.71495844E-02
  0.703125000      0.828125000      0.127572909      -1.42912362E-02  -1.57016516E-02
  0.734375000      0.828125000      0.115466326      -2.52769217E-02  -1.38074299E-02
  0.765625000      0.828125000      0.101455942      -3.84201780E-02  -1.14598181E-02
  0.796875000      0.828125000       8.55718106E-02  -5.64328656E-02  -8.59890133E-03
  0.828125000      0.828125000       6.78227544E-02  -8.46512318E-02  -5.05887717E-03
  0.859375000      0.828125000       4.79472019E-02 -0.132384256      -4.77929629E-04
  0.890625000      0.828125000       2.49327663E-02 -0.212254778       5.73874405E-03
  0.921875000      0.828125000      -2.63961172E-03 -0.333777845       1.41147375E-02
  0.953125000      0.828125000      -2.27394272E-02 -0.460711539       2.55216770E-02
  0.984375000      0.828125000      -1.38750132E-02 -0.439046085       3.23764011E-02
   1.56250000E-02  0.859375000      -4.26689954E-03   3.66862230E-02  -2.15564884E-04
   4.68750000E-02  0.859375000      -1.04135303E-02   8.20787773E-02   8.92179160E-05
   7.81250000E-02  0.859375000      -9.76330135E-03  0.109295316       1.25445623E-03
  0.109375000      0.859375000      -1.43176178E-03  0.124294773       2.73837452E-03
  0.140625000      0.859375000       1.18789393E-02  0.129995555       4.04276093E-03
  0.171875000      0.859375000       2.80694235E-02  0.129106343       4.87776054E-03
  0.203125000      0.859375000       4.59063351E-02  0.124950290       4.96916845E-03
  0.234375000      0.859375000       6.42227381E-02  0.118982822       4.27805725E-03
  0.265625000      0.859375000       8.22392181E-02  0.111922354       2.88264989E-03
  0.296875000      0.859375000       9.94248092E-02  0.104142629       9.16954712E-04
  0.328125000      0.859375000      0.115391649       9.58559662E-02  -1.46044255E-03
  0.359375000      0.859375000      0.129840136       8.72063190E-02  -4.08277474E-03
  0.390625000      0.859375000      0.142533764       7.83154145E-02  -6.78524841E-03
  0.421875000      0.859375000      0.153288975       6.93025142E-02  -9.41269007E-03
  0.453125000      0.859375000      0.161971241       6.02891520E-02  -1.18258484E-02
  0.484375000      0.859375000      0.168492958       5.13955578E-02  -1.39064509E-02
  0.515625000      0.859375000      0.172810793       4.27325517E-02  -1.55607434E-02
  0.546875000      0.859375000      0.174921423       3.43910903E-02  -1.67210847E-02
  0.578125000      0.859375000      0.174855351       2.64291987E-02  -1.73456408E-02
  0.609375000      0.859375000      0.172667056       1.88515559E-02  -1.74161196E-02
  0.640625000      0.859375000      0.168409526       1.15638981E-02  -1.69336796E-02
  0.671875000      0.859375000      0.161999702       4.19069594E-03  -1.59130618E-02
  0.703125000      0.859375000      0.153325886      -3.81077291E-03  -1.44043174E-02
  0.734375000      0.859375000      0.142607927      -1.29334033E-02  -1.24155888E-02
  0.765625000      0.859375000      0.129987329      -2.41354425E-02  -9.83194821E-03
  0.796875000      0.859375000      0.115339935      -4.01911847E-02  -6.47519436E-03
  0.828125000      0.859375000       9.85307842E-02  -6.63423613E-02  -1.99031457E-03
  0.859375000      0.859375000       7.90524185E-02 -0.111349449       4.30240203E-03
  0.890625000      0.859375000       5.55583052E-02 -0.186793745       1.34370308E-02
  0.921875000      0.859375000       2.61621680E-02 -0.302285075       2.62648575E-02
  0.953125000      0.859375000      -3.40615213E-03 -0.442551941       4.22195680E-02
  0.984375000      0.859375000      -8.28157179E-03 -0.461208373       5.39907068E-02
   1.56250000E-02  0.890625000      -9.09670815E-03   5.00468090E-02  -8.89327843E-04
   4.68750000E-02  0.890625000      -2.23311353E-02   8.80923420E-02  -2.78775318E-04
   7.81250000E-02  0.890625000      -2.39724591E-02  0.104264826       1.62375707E-03
  0.109375000      0.890625000      -1.44400001E-02  0.111452729       3.86029691E-03
  0.140625000      0.890625000       2.14039930E-03  0.112937436       5.67117799E-03
  0.171875000      0.890625000       2.23660544E-02  0.109739095       6.94128172E-03
  0.203125000      0.890625000       4.40152362E-02  0.104822770       7.25976191E-03
  0.234375000      0.890625000       6.57628924E-02   9.90388095E-02   6.65790401E-03
  0.265625000      0.890625000       8.68446082E-02   9.27624404E-02   5.26260817E-03
  0.296875000      0.890625000      0.106777556       8.61803740E-02   3.24032200E-03
  0.328125000      0.890625000      0.125230432       7.93970898E-02   7.71189807E-04
  0.359375000      0.890625000      0.141961902       7.24859834E-02  -1.96398608E-03
  0.390625000      0.890625000      0.156792611       6.55141026E-02  -4.79159458E-03
  0.421875000      0.890625000      0.169593468       5.85520715E-02  -7.55105307E-03
  0.453125000      0.890625000      0.180281073       5.16752340E-02  -1.00997584E-02
  0.484375000      0.890625000      0.188815266       4.49598171E-02  -1.23170130E-02
  0.515625000      0.890625000      0.195196211       3.84760648E-02  -1.41065810E-02
  0.546875000      0.890625000      0.199459940       3.22796889E-02  -1.53975934E-02
  0.578125000      0.890625000      0.201671392       2.64011156E-02  -1.61434896E-02
  0.609375000      0.890625000      0.201914355       2.08299421E-02  -1.63188595E-02
  0.640625000      0.890625000      0.200274110       1.54869789E-02  -1.59139559E-02
  0.671875000      0.890625000      0.196794361       1.01593807E-02  -1.49257667E-02
  0.703125000      0.890625000      0.191345945       4.34317533E-03  -1.33417621E-02
  0.734375000      0.890625000      0.183716163      -2.74118688E-03  -1.11645795E-02
  0.765625000      0.890625000      0.174024969      -1.20197050E-02  -8.34013987E-03
  0.796875000      0.890625000      0.162303597      -2.59447023E-02  -4.36106184E-03
  0.828125000      0.890625000      0.148012817      -4.94984090E-02   1.42551004E-03
  0.859375000      0.890625000      0.129814535      -9.05292928E-02   1.02061154E-02
  0.890625000      0.890625000      0.105034873     -0.159355611       2.37491075E-02
  0.921875000      0.890625000       7.05100968E-02 -0.265820086       4.36163694E-02
  0.953125000      0.890625000       2.79712677E-02 -0.406928778       6.85116351E-02
  0.984375000      0.890625000       2.74773501E-03 -0.466749072       8.85886401E-02
   1.56250000E-02  0.921875000      -1.58840492E-02   7.50242025E-02  -3.26497573E-03
   4.68750000E-02  0.921875000      -3.61034125E-02   9.65610445E-02  -1.42908236E-03
   7.81250000E-02  0.921875000      -3.59079540E-02   9.72329974E-02   1.86406099E-03
  0.109375000      0.921875000      -2.16492508E-02   9.46836919E-02   5.12934150E-03
  0.140625000      0.921875000       7.67718069E-04   9.06986892E-02   7.52004515E-03
  0.171875000      0.921875000       2.67334580E-02   8.57757330E-02   9.14644636E-03
  0.203125000      0.921875000       5.32030165E-02   8.06571543E-02   9.59433243E-03
  0.234375000      0.921875000       7.91494474E-02   7.55013153E-02   8.99998937E-03
  0.265625000      0.921875000      0.104002826       7.03576133E-02   7.54349958E-03
  0.296875000      0.921875000      0.127410084       6.52399659E-02   5.42115141E-03
  0.328125000      0.921875000      0.149138197       6.01537861E-02   2.83078803E-03
  0.359375000      0.921875000      0.169027448       5.51081523E-02  -3.61879647E-05
  0.390625000      0.921875000      0.186969459       5.01209050E-02  -2.99998000E-03
  0.421875000      0.921875000      0.202897742       4.52194884E-02  -5.89662232E-03
  0.453125000      0.921875000      0.216783941       4.04386818E-02  -8.58166069E-03
  0.484375000      0.921875000      0.228635207       3.58164348E-02  -1.09331943E-02
  0.515625000      0.921875000      0.238491088       3.13885137E-02  -1.28536560E-02
  0.546875000      0.921875000      0.246418402       2.71820519E-02  -1.42700393E-02
  0.578125000      0.921875000      0.252503276       2.32077409E-02  -1.51321096E-02
  0.609375000      0.921875000      0.256839633       1.94484293E-02  -1.54080940E-02
  0.640625000      0.921875000      0.259511590       1.58399548E-02  -1.50772333E-02
  0.671875000      0.921875000      0.260565430       1.22338608E-02  -1.41173266E-02
  0.703125000      0.921875000      0.259961963       8.32025614E-03  -1.24842115E-02
  0.734375000      0.921875000      0.257457137       3.41386162E-03  -1.00758467E-02
  0.765625000      0.921875000      0.252738476      -3.76968714E-03  -6.79673720E-03
  0.796875000      0.921875000      0.245582491      -1.53250648E-02  -1.98453292E-03
  0.828125000      0.921875000      0.234996632      -3.52524854E-02   5.63667202E-03
  0.859375000      0.921875000      0.218196392      -6.97912574E-02   1.79496072E-02
  0.890625000      0.921875000      0.190352917     -0.127488345       3.78040187E-02
  0.921875000      0.921875000      0.145576224     -0.218406215       6.81117624E-02
  0.953125000      0.921875000       8.18700492E-02 -0.348119289      0.108288899    
  0.984375000      0.921875000       2.27626804E-02 -0.441246450      0.144225106    
   1.56250000E-02  0.953125000      -1.66964512E-02  0.107601143      -1.07690068E-02
   4.68750000E-02  0.953125000      -2.75676511E-02   9.50664878E-02  -3.75261856E-03
   7.81250000E-02  0.953125000      -8.21534637E-03   7.91701078E-02   2.08327291E-03
  0.109375000      0.953125000       2.15010196E-02   6.87608644E-02   6.58402964E-03
  0.140625000      0.953125000       5.43989949E-02   6.12950064E-02   9.70036816E-03
  0.171875000      0.953125000       8.77177864E-02   5.58829270E-02   1.14592882E-02
  0.203125000      0.953125000      0.120405436       5.13812415E-02   1.19116688E-02
  0.234375000      0.953125000      0.151815563       4.74104173E-02   1.12465611E-02
  0.265625000      0.953125000      0.181624681       4.37776670E-02   9.68085788E-03
  0.296875000      0.953125000      0.209657878       4.03733328E-02   7.43170921E-03
  0.328125000      0.953125000      0.235813379       3.71330827E-02   4.70824586E-03
  0.359375000      0.953125000      0.260031164       3.40205282E-02   1.70782371E-03
  0.390625000      0.953125000      0.282280356       3.10182199E-02  -1.38685387E-03
  0.421875000      0.953125000      0.302554786       2.81221122E-02  -4.41062357E-03
  0.453125000      0.953125000      0.320871651       2.53371187E-02  -7.21878326E-03
  0.484375000      0.953125000      0.337270230       2.26731692E-02  -9.68937203E-03
  0.515625000      0.953125000      0.351810277       2.01413147E-02  -1.17245298E-02
  0.546875000      0.953125000      0.364567786       1.77498721E-02  -1.32501703E-02
  0.578125000      0.953125000      0.375628769       1.54990144E-02  -1.42134828E-02
  0.609375000      0.953125000      0.385078728       1.33748725E-02  -1.45775611E-02
  0.640625000      0.953125000      0.392986119       1.13370270E-02  -1.43116880E-02
  0.671875000      0.953125000      0.399375886       9.29437578E-03  -1.33741125E-02
  0.703125000      0.953125000      0.404187560       7.05071818E-03  -1.16815381E-02
  0.734375000      0.953125000      0.407224059       4.14859457E-03  -9.05340631E-03
  0.765625000      0.953125000      0.408059657      -6.27084402E-04  -5.11003379E-03
  0.796875000      0.953125000      0.405627191      -8.88804626E-03   1.07037788E-03
  0.828125000      0.953125000      0.397521883      -2.30105817E-02   1.11975418E-02
  0.859375000      0.953125000      0.379278600      -4.70055416E-02   2.80425809E-02
  0.890625000      0.953125000      0.343735158      -8.69066268E-02   5.58035597E-02
  0.921875000      0.953125000      0.281052530     -0.151550546       9.95687693E-02
  0.953125000      0.953125000      0.181806579     -0.252045870      0.162063867    
  0.984375000      0.953125000       6.10330440E-02 -0.357458770      0.229444563    
   1.56250000E-02  0.984375000       6.21467866E-02   6.21478967E-02  -2.84843631E-02
   4.68750000E-02  0.984375000      0.168911412       4.46194448E-02  -3.16718407E-03
   7.81250000E-02  0.984375000      0.246347666       3.28202285E-02   5.59082162E-03
  0.109375000      0.984375000      0.305448353       2.62843277E-02   1.01870308E-02
  0.140625000      0.984375000      0.354019970       2.22916119E-02   1.29524432E-02
  0.171875000      0.984375000      0.395941883       1.96348354E-02   1.43543901E-02
  0.203125000      0.984375000      0.433222711       1.76504105E-02   1.45191047E-02
  0.234375000      0.984375000      0.466906846       1.60376616E-02   1.36172641E-02
  0.265625000      0.984375000      0.497590959       1.46496221E-02   1.18492031E-02
  0.296875000      0.984375000      0.525645792       1.34076355E-02   9.42226686E-03
  0.328125000      0.984375000      0.551318645       1.22667905E-02   6.53961580E-03
  0.359375000      0.984375000      0.574785471       1.12007102E-02   3.39460210E-03
  0.390625000      0.984375000      0.596180439       1.01941982E-02   1.66957951E-04
  0.421875000      0.984375000      0.615614772       9.23934113E-03  -2.98060104E-03
  0.453125000      0.984375000      0.633188248       8.33282899E-03  -5.90519048E-03
  0.484375000      0.984375000      0.648996949       7.47423107E-03  -8.48617591E-03
  0.515625000      0.984375000      0.663137197       6.66431524E-03  -1.06263682E-02
  0.546875000      0.984375000      0.675707221       5.90384472E-03  -1.22515289E-02
  0.578125000      0.984375000      0.686804056       5.19131171E-03  -1.33073395E-02
  0.609375000      0.984375000      0.696518242       4.52161347E-03  -1.37535194E-02
  0.640625000      0.984375000      0.704922080       3.88132897E-03  -1.35519998E-02
  0.671875000      0.984375000      0.712043583       3.23976809E-03  -1.26445293E-02
  0.703125000      0.984375000      0.717809618       2.52669188E-03  -1.09069012E-02
  0.734375000      0.984375000      0.721888900       1.55387539E-03  -8.03248212E-03
  0.765625000      0.984375000      0.723227918      -2.12471467E-04  -3.19682085E-03
  0.796875000      0.984375000      0.719680548      -3.33122606E-03   4.55478486E-03
  0.828125000      0.984375000      0.707776070      -8.56861006E-03   1.71565060E-02
  0.859375000      0.984375000      0.681879759      -1.73218884E-02   3.81381996E-02
  0.890625000      0.984375000      0.632683277      -3.18674892E-02   7.27788135E-02
  0.921875000      0.984375000      0.544782639      -5.60253821E-02  0.128140926    
  0.953125000      0.984375000      0.392593712      -9.61556584E-02  0.211429954    
  0.984375000      0.984375000      0.148217052     -0.148214847      0.323049963    
