 VARIABLES="X","Y","U","V","P"
 ZONE F=POINT, I=          32 , J=          32
   1.56250000E-02   1.56250000E-02   3.58009020E-05  -3.75041200E-05   9.56036150E-03
   4.68750000E-02   1.56250000E-02  -8.61953013E-05   1.55579386E-04   9.52696241E-03
   7.81250000E-02   1.56250000E-02  -5.72405697E-04   3.26195091E-04   9.48221609E-03
  0.109375000       1.56250000E-02  -1.33394962E-03   4.30923741E-04   9.43968911E-03
  0.140625000       1.56250000E-02  -2.26269569E-03   4.93436470E-04   9.40372329E-03
  0.171875000       1.56250000E-02  -3.30189196E-03   5.41432470E-04   9.37519781E-03
  0.203125000       1.56250000E-02  -4.43908712E-03   5.91494434E-04   9.35509242E-03
  0.234375000       1.56250000E-02  -5.68451080E-03   6.49728812E-04   9.34599526E-03
  0.265625000       1.56250000E-02  -7.05374684E-03   7.15391245E-04   9.35248286E-03
  0.296875000       1.56250000E-02  -8.55682138E-03   7.83673662E-04   9.38105956E-03
  0.328125000       1.56250000E-02  -1.01915374E-02   8.47168907E-04   9.43990983E-03
  0.359375000       1.56250000E-02  -1.19389556E-02   8.96536396E-04   9.53855366E-03
  0.390625000       1.56250000E-02  -1.37599017E-02   9.20864870E-04   9.68735013E-03
  0.421875000       1.56250000E-02  -1.55923162E-02   9.08168906E-04   9.89673380E-03
  0.453125000       1.56250000E-02  -1.73498914E-02   8.46177980E-04   1.01760840E-02
  0.484375000       1.56250000E-02  -1.89226661E-02   7.23517791E-04   1.05322022E-02
  0.515625000       1.56250000E-02  -2.01805066E-02   5.31401485E-04   1.09673776E-02
  0.546875000       1.56250000E-02  -2.09806114E-02   2.65970273E-04   1.14771724E-02
  0.578125000       1.56250000E-02  -2.11808830E-02  -6.81600068E-05   1.20481160E-02
  0.609375000       1.56250000E-02  -2.06560139E-02  -4.58761468E-04   1.26424208E-02
  0.640625000       1.56250000E-02  -1.93079188E-02  -8.90950963E-04   1.32218851E-02
  0.671875000       1.56250000E-02  -1.71011295E-02  -1.31704612E-03   1.37435868E-02
  0.703125000       1.56250000E-02  -1.41105000E-02  -1.67443755E-03   1.41622685E-02
  0.734375000       1.56250000E-02  -1.05441166E-02  -1.89261092E-03   1.44397132E-02
  0.765625000       1.56250000E-02  -6.74592610E-03  -1.90631882E-03   1.45554375E-02
  0.796875000       1.56250000E-02  -3.16303968E-03  -1.67771394E-03   1.45155452E-02
  0.828125000       1.56250000E-02  -2.63663824E-04  -1.22353318E-03   1.43551519E-02
  0.859375000       1.56250000E-02   1.58462499E-03  -6.27437315E-04   1.41326850E-02
  0.890625000       1.56250000E-02   2.27006478E-03  -6.13172742E-05   1.39084700E-02
  0.921875000       1.56250000E-02   1.98436249E-03   3.43370571E-04   1.37320366E-02
  0.953125000       1.56250000E-02   1.13180140E-03   5.05474920E-04   1.36320144E-02
  0.984375000       1.56250000E-02   3.12237884E-04   3.11250769E-04   1.36158597E-02
   1.56250000E-02   4.68750000E-02  -1.92815860E-04   1.15440700E-04   9.59394686E-03
   4.68750000E-02   4.68750000E-02  -1.01946678E-03   9.42105195E-04   9.55875684E-03
   7.81250000E-02   4.68750000E-02  -2.62984005E-03   1.62607478E-03   9.52178054E-03
  0.109375000       4.68750000E-02  -4.81132604E-03   2.06399406E-03   9.48781148E-03
  0.140625000       4.68750000E-02  -7.37496791E-03   2.34283856E-03   9.45859402E-03
  0.171875000       4.68750000E-02  -1.02133192E-02   2.55988399E-03   9.43496451E-03
  0.203125000       4.68750000E-02  -1.32864527E-02   2.77394592E-03   9.41841863E-03
  0.234375000       4.68750000E-02  -1.65887885E-02   3.00594070E-03   9.41183511E-03
  0.265625000       4.68750000E-02  -2.01197471E-02   3.25067691E-03   9.41970572E-03
  0.296875000       4.68750000E-02  -2.38633715E-02   3.48686962E-03   9.44812503E-03
  0.328125000       4.68750000E-02  -2.77756602E-02   3.68330535E-03   9.50467959E-03
  0.359375000       4.68750000E-02  -3.17774378E-02   3.80247040E-03   9.59824026E-03
  0.390625000       4.68750000E-02  -3.57513577E-02   3.80317727E-03   9.73862968E-03
  0.421875000       4.68750000E-02  -3.95425856E-02   3.64331203E-03   9.93597973E-03
  0.453125000       4.68750000E-02  -4.29629982E-02   3.28318821E-03   1.01997228E-02
  0.484375000       4.68750000E-02  -4.57989164E-02   2.68966588E-03   1.05371680E-02
  0.515625000       4.68750000E-02  -4.78223413E-02   1.84124592E-03   1.09516308E-02
  0.546875000       4.68750000E-02  -4.88058440E-02   7.34678353E-04   1.14403125E-02
  0.578125000       4.68750000E-02  -4.85424064E-02  -6.04526373E-04   1.19906487E-02
  0.609375000       4.68750000E-02  -4.68512513E-02  -2.14220234E-03   1.25612095E-02
  0.640625000       4.68750000E-02  -4.36285548E-02  -3.78157059E-03   1.31202601E-02
  0.671875000       4.68750000E-02  -3.89012508E-02  -5.36329672E-03   1.36249242E-02
  0.703125000       4.68750000E-02  -3.28390859E-02  -6.68343669E-03   1.40309958E-02
  0.734375000       4.68750000E-02  -2.57809982E-02  -7.51055684E-03   1.43015618E-02
  0.765625000       4.68750000E-02  -1.82492509E-02  -7.62128830E-03   1.44175505E-02
  0.796875000       4.68750000E-02  -1.09348185E-02  -6.86408253E-03   1.43863950E-02
  0.828125000       4.68750000E-02  -4.62646270E-03  -5.25034312E-03   1.42439455E-02
  0.859375000       4.68750000E-02  -4.75938432E-05  -3.03463312E-03   1.40458252E-02
  0.890625000       4.68750000E-02   2.36536842E-03  -7.60089955E-04   1.38504636E-02
  0.921875000       4.68750000E-02   2.74599483E-03   9.39535559E-04   1.36972349E-02
  0.953125000       4.68750000E-02   1.78931747E-03   1.71085936E-03   1.36100715E-02
  0.984375000       4.68750000E-02   5.43712347E-04   1.16511434E-03   1.35985184E-02
   1.56250000E-02   7.81250000E-02  -4.74076194E-04   7.77668436E-04   9.63755697E-03
   4.68750000E-02   7.81250000E-02  -2.10031681E-03   2.72235624E-03   9.59025510E-03
   7.81250000E-02   7.81250000E-02  -4.85255988E-03   4.19701915E-03   9.55324247E-03
  0.109375000       7.81250000E-02  -8.34168866E-03   5.15243690E-03   9.52316262E-03
  0.140625000       7.81250000E-02  -1.23188216E-02   5.78422844E-03   9.49760899E-03
  0.171875000       7.81250000E-02  -1.66521966E-02   6.27965573E-03   9.47573595E-03
  0.203125000       7.81250000E-02  -2.12826058E-02   6.74763601E-03   9.45846736E-03
  0.234375000       7.81250000E-02  -2.61807740E-02   7.22328853E-03   9.44842584E-03
  0.265625000       7.81250000E-02  -3.13155577E-02   7.69035704E-03   9.44981538E-03
  0.296875000       7.81250000E-02  -3.66334543E-02   8.10084399E-03   9.46837105E-03
  0.328125000       7.81250000E-02  -4.20470908E-02   8.38828459E-03   9.51137207E-03
  0.359375000       7.81250000E-02  -4.74304780E-02   8.47652834E-03   9.58755985E-03
  0.390625000       7.81250000E-02  -5.26193492E-02   8.28650594E-03   9.70697217E-03
  0.421875000       7.81250000E-02  -5.74155487E-02   7.74257723E-03   9.88044962E-03
  0.453125000       7.81250000E-02  -6.15947470E-02   6.77912682E-03   1.01187080E-02
  0.484375000       7.81250000E-02  -6.49167597E-02   5.34757739E-03   1.04309600E-02
  0.515625000       7.81250000E-02  -6.71376288E-02   3.42382002E-03   1.08230347E-02
  0.546875000       7.81250000E-02  -6.80220500E-02   1.01643894E-03   1.12953614E-02
  0.578125000       7.81250000E-02  -6.73516393E-02  -1.82310061E-03   1.18316030E-02
  0.609375000       7.81250000E-02  -6.49713576E-02  -4.99737775E-03   1.23986006E-02
  0.640625000       7.81250000E-02  -6.08176962E-02  -8.30476265E-03   1.29612144E-02
  0.671875000       7.81250000E-02  -5.49194403E-02  -1.14674326E-02   1.34757739E-02
  0.703125000       7.81250000E-02  -4.74308133E-02  -1.41319064E-02   1.38958432E-02
  0.734375000       7.81250000E-02  -3.86649892E-02  -1.58883166E-02   1.41813029E-02
  0.765625000       7.81250000E-02  -2.91258283E-02  -1.63178220E-02   1.43095311E-02
  0.796875000       7.81250000E-02  -1.95265878E-02  -1.50862280E-02   1.42853614E-02
  0.828125000       7.81250000E-02  -1.07688671E-02  -1.21011660E-02   1.41444961E-02
  0.859375000       7.81250000E-02  -3.82402958E-03  -7.71601498E-03   1.39451241E-02
  0.890625000       7.81250000E-02   5.39667904E-04  -2.86444090E-03   1.37485862E-02
  0.921875000       7.81250000E-02   2.15062615E-03   1.04345637E-03   1.35954339E-02
  0.953125000       7.81250000E-02   1.70971453E-03   2.99602211E-03   1.35096489E-02
  0.984375000       7.81250000E-02   5.61146124E-04   2.26778979E-03   1.34984497E-02
   1.56250000E-02  0.109375000      -7.36458402E-04   1.98373757E-03   9.66520980E-03
   4.68750000E-02  0.109375000      -3.10469093E-03   5.50062861E-03   9.60368197E-03
   7.81250000E-02  0.109375000      -6.89064432E-03   7.94572197E-03   9.56287701E-03
  0.109375000      0.109375000      -1.15141552E-02   9.50541440E-03   9.53257363E-03
  0.140625000      0.109375000      -1.66653208E-02   1.05489567E-02   9.50641930E-03
  0.171875000      0.109375000      -2.21940614E-02   1.13669392E-02   9.48151946E-03
  0.203125000      0.109375000      -2.80277282E-02   1.21149737E-02   9.45770461E-03
  0.234375000      0.109375000      -3.41180749E-02   1.28358444E-02   9.43690352E-03
  0.265625000      0.109375000      -4.04098146E-02   1.34966969E-02   9.42278933E-03
  0.296875000      0.109375000      -4.68233973E-02   1.40194166E-02   9.42072552E-03
  0.328125000      0.109375000      -5.32469526E-02   1.43013969E-02   9.43787210E-03
  0.359375000      0.109375000      -5.95343150E-02   1.42296292E-02   9.48326290E-03
  0.390625000      0.109375000      -6.55073225E-02   1.36915464E-02   9.56779812E-03
  0.421875000      0.109375000      -7.09611923E-02   1.25845112E-02   9.70381685E-03
  0.453125000      0.109375000      -7.56723061E-02   1.08249225E-02   9.90421697E-03
  0.484375000      0.109375000      -7.94076771E-02   8.35699495E-03   1.01809967E-02
  0.515625000      0.109375000      -8.19352269E-02   5.16109914E-03   1.05432281E-02
  0.546875000      0.109375000      -8.30341280E-02   1.26125943E-03   1.09946774E-02
  0.578125000      0.109375000      -8.25037956E-02  -3.26906191E-03   1.15246587E-02
  0.609375000      0.109375000      -8.01850483E-02  -8.24995711E-03   1.20978253E-02
  0.640625000      0.109375000      -7.59728998E-02  -1.34168845E-02   1.26792993E-02
  0.671875000      0.109375000      -6.98307827E-02  -1.83941815E-02   1.32240448E-02
  0.703125000      0.109375000      -6.18291944E-02  -2.26938687E-02   1.36820041E-02
  0.734375000      0.109375000      -5.21887317E-02  -2.57317536E-02   1.40071176E-02
  0.765625000      0.109375000      -4.13267091E-02  -2.68760510E-02   1.41692366E-02
  0.796875000      0.109375000      -2.99037546E-02  -2.55528390E-02   1.41659752E-02
  0.828125000      0.109375000      -1.88552439E-02  -2.14461908E-02   1.40291657E-02
  0.859375000      0.109375000      -9.35396273E-03  -1.48251783E-02   1.38191823E-02
  0.890625000      0.109375000      -2.57022865E-03  -6.91243494E-03   1.36044789E-02
  0.921875000      0.109375000       8.34191567E-04   6.58723875E-05   1.34333633E-02
  0.953125000      0.109375000       1.33960135E-03   3.89939174E-03   1.33338384E-02
  0.984375000      0.109375000       5.09523961E-04   3.33615160E-03   1.33136399E-02
   1.56250000E-02  0.140625000      -9.58116492E-04   3.67414975E-03   9.65382531E-03
   4.68750000E-02  0.140625000      -3.95098794E-03   9.16164368E-03   9.57928225E-03
   7.81250000E-02  0.140625000      -8.59822333E-03   1.27070304E-02   9.53296944E-03
  0.109375000      0.140625000      -1.41487960E-02   1.49076907E-02   9.49890353E-03
  0.140625000      0.140625000      -2.02358048E-02   1.63748264E-02   9.46748443E-03
  0.171875000      0.140625000      -2.66932324E-02   1.75178442E-02   9.43396892E-03
  0.203125000      0.140625000      -3.34409140E-02   1.85368881E-02   9.39695816E-03
  0.234375000      0.140625000      -4.04222533E-02   1.94781721E-02   9.35744308E-03
  0.265625000      0.140625000      -4.75731567E-02   2.02908013E-02   9.31836572E-03
  0.296875000      0.140625000      -5.48076183E-02   2.08684169E-02   9.28464253E-03
  0.328125000      0.140625000      -6.20119274E-02   2.10765414E-02   9.26337764E-03
  0.359375000      0.140625000      -6.90435916E-02   2.07708813E-02   9.26414132E-03
  0.390625000      0.140625000      -7.57330954E-02   1.98110752E-02   9.29902587E-03
  0.421875000      0.140625000      -8.18876177E-02   1.80724300E-02   9.38232802E-03
  0.453125000      0.140625000      -8.72964561E-02   1.54566979E-02   9.52961296E-03
  0.484375000      0.140625000      -9.17376131E-02   1.19021591E-02   9.75617766E-03
  0.515625000      0.140625000      -9.49854776E-02   7.39253126E-03   1.00747356E-02
  0.546875000      0.140625000      -9.68188718E-02   1.96408480E-03   1.04927933E-02
  0.578125000      0.140625000      -9.70271230E-02  -4.29081637E-03   1.10128000E-02
  0.609375000      0.140625000      -9.53998938E-02  -1.11697521E-02   1.15930019E-02
  0.640625000      0.140625000      -9.17433500E-02  -1.83605030E-02   1.22010168E-02
  0.671875000      0.140625000      -8.59250352E-02  -2.54051872E-02   1.27917053E-02
  0.703125000      0.140625000      -7.79118091E-02  -3.16918269E-02   1.33114159E-02
  0.734375000      0.140625000      -6.78152591E-02  -3.64655331E-02   1.37064941E-02
  0.765625000      0.140625000      -5.59438691E-02  -3.88717726E-02   1.39355492E-02
  0.796875000      0.140625000      -4.28654850E-02  -3.80568132E-02   1.39832702E-02
  0.828125000      0.140625000      -2.94801593E-02  -3.33775394E-02   1.38709592E-02
  0.859375000      0.140625000      -1.70748327E-02  -2.48055160E-02   1.36563256E-02
  0.890625000      0.140625000      -7.22905807E-03  -1.35698440E-02   1.34153776E-02
  0.921875000      0.140625000      -1.26679544E-03  -2.65361764E-03   1.32122673E-02
  0.953125000      0.140625000       7.34990172E-04   4.10126336E-03   1.30818859E-02
  0.984375000      0.140625000       4.24341997E-04   4.26734425E-03   1.30424313E-02
   1.56250000E-02  0.171875000      -1.13164703E-03   5.76010998E-03   9.58327856E-03
   4.68750000E-02  0.171875000      -4.61194292E-03   1.35397688E-02   9.49800946E-03
   7.81250000E-02  0.171875000      -9.92879830E-03   1.82826594E-02   9.44534969E-03
  0.109375000      0.171875000      -1.61964279E-02   2.11404096E-02   9.40450467E-03
  0.140625000      0.171875000      -2.30016410E-02   2.30250694E-02   9.36335046E-03
  0.171875000      0.171875000      -3.01669836E-02   2.44819224E-02   9.31562390E-03
  0.203125000      0.171875000      -3.76121365E-02   2.57582925E-02   9.25873220E-03
  0.234375000      0.171875000      -4.52845320E-02   2.69044861E-02   9.19257849E-03
  0.265625000      0.171875000      -5.31277359E-02   2.78540477E-02   9.11917072E-03
  0.296875000      0.171875000      -6.10677302E-02   2.84765586E-02   9.04275477E-03
  0.328125000      0.171875000      -6.90069050E-02   2.86102016E-02   8.97022150E-03
  0.359375000      0.171875000      -7.68212080E-02   2.80827433E-02   8.91152956E-03
  0.390625000      0.171875000      -8.43588263E-02   2.67269835E-02   8.87992885E-03
  0.421875000      0.171875000      -9.14400518E-02   2.43939757E-02   8.89168214E-03
  0.453125000      0.171875000      -9.78586823E-02   2.09653452E-02   8.96523893E-03
  0.484375000      0.171875000     -0.103385054       1.63649097E-02   9.11954790E-03
  0.515625000      0.171875000     -0.107771471       1.05691850E-02   9.37158242E-03
  0.546875000      0.171875000     -0.110761017       3.61680682E-03   9.73304175E-03
  0.578125000      0.171875000     -0.112105727      -4.38291952E-03   1.02209151E-02
  0.609375000      0.171875000     -0.111529849      -1.32719390E-02   1.07976450E-02
  0.640625000      0.171875000     -0.108749479      -2.26855166E-02   1.14310430E-02
  0.671875000      0.171875000     -0.103546418      -3.20914276E-02   1.20784538E-02
  0.703125000      0.171875000      -9.57946628E-02  -4.07604724E-02   1.26839913E-02
  0.734375000      0.171875000      -8.55036229E-02  -4.77748141E-02   1.31857218E-02
  0.765625000      0.171875000      -7.28673637E-02  -5.20614944E-02   1.35277025E-02
  0.796875000      0.171875000      -5.83322048E-02  -5.24736829E-02   1.36752473E-02
  0.828125000      0.171875000      -4.26959693E-02  -4.79778089E-02   1.36298444E-02
  0.859375000      0.171875000      -2.72380654E-02  -3.80674750E-02   1.34369060E-02
  0.890625000      0.171875000      -1.38032623E-02  -2.35915259E-02   1.31757800E-02
  0.921875000      0.171875000      -4.47522476E-03  -7.92917982E-03   1.29277427E-02
  0.953125000      0.171875000      -2.57263455E-04   3.14777019E-03   1.27495620E-02
  0.984375000      0.171875000       2.88787851E-04   4.97737061E-03   1.26774069E-02
   1.56250000E-02  0.203125000      -1.25499687E-03   8.14332906E-03   9.43705626E-03
   4.68750000E-02  0.203125000      -5.08315908E-03   1.84566043E-02   9.34352819E-03
   7.81250000E-02  0.203125000      -1.08817033E-02   2.44715661E-02   9.28399991E-03
  0.109375000      0.203125000      -1.76704749E-02   2.79988609E-02   9.23379138E-03
  0.140625000      0.203125000      -2.50037070E-02   3.02967615E-02   9.17886943E-03
  0.171875000      0.203125000      -3.26988809E-02   3.20634507E-02   9.11171827E-03
  0.203125000      0.203125000      -4.06833515E-02   3.36004160E-02   9.02856700E-03
  0.234375000      0.203125000      -4.89197299E-02   3.49667594E-02   8.92804563E-03
  0.265625000      0.203125000      -5.73724099E-02   3.60849723E-02   8.81087407E-03
  0.296875000      0.203125000      -6.59919679E-02   3.68041918E-02   8.68019648E-03
  0.328125000      0.203125000      -7.47061521E-02   3.69365215E-02   8.54214653E-03
  0.359375000      0.203125000      -8.34128335E-02   3.62794511E-02   8.40652734E-03
  0.390625000      0.203125000      -9.19738859E-02   3.46323885E-02   8.28724820E-03
  0.421875000      0.203125000     -0.100210749       3.18115391E-02   8.20231251E-03
  0.453125000      0.203125000     -0.107902639       2.76646800E-02   8.17312673E-03
  0.484375000      0.203125000     -0.114788480       2.20857728E-02   8.22299626E-03
  0.515625000      0.203125000     -0.120573148       1.50290197E-02   8.37474130E-03
  0.546875000      0.203125000     -0.124937177       6.52172510E-03   8.64773896E-03
  0.578125000      0.203125000     -0.127544433      -3.32389399E-03   9.05613508E-03
  0.609375000      0.203125000     -0.128088623      -1.43504012E-02   9.60755721E-03
  0.640625000      0.203125000     -0.126272574      -2.61910707E-02   1.02547556E-02
  0.671875000      0.203125000     -0.121805832      -3.82433608E-02   1.09627973E-02
  0.703125000      0.203125000     -0.114485860      -4.96681705E-02   1.16761364E-02
  0.734375000      0.203125000     -0.104230791      -5.94014004E-02   1.23250652E-02
  0.765625000      0.203125000      -9.11177769E-02  -6.61727339E-02   1.28367515E-02
  0.796875000      0.203125000      -7.54490048E-02  -6.85555041E-02   1.31510142E-02
  0.828125000      0.203125000      -5.78652583E-02  -6.51061609E-02   1.32390391E-02
  0.859375000      0.203125000      -3.95263284E-02  -5.47280684E-02   1.31200412E-02
  0.890625000      0.203125000      -2.23433301E-02  -3.75441089E-02   1.28650637E-02
  0.921875000      0.203125000      -9.00281779E-03  -1.66451652E-02   1.25726340E-02
  0.953125000      0.203125000      -1.74930808E-03   3.87274660E-04   1.23300953E-02
  0.984375000      0.203125000       8.63291789E-05   5.34919556E-03   1.22037381E-02
   1.56250000E-02  0.234375000      -1.32866856E-03   1.07239541E-02   9.20293480E-03
   4.68750000E-02  0.234375000      -5.37001668E-03   2.37378292E-02   9.10349935E-03
   7.81250000E-02  0.234375000      -1.14742098E-02   3.10842171E-02   9.03665461E-03
  0.109375000      0.234375000      -1.86060425E-02   3.52986977E-02   8.97478312E-03
  0.140625000      0.234375000      -2.63006985E-02   3.80175859E-02   8.90243053E-03
  0.171875000      0.234375000      -3.43768224E-02   4.01079208E-02   8.81098770E-03
  0.203125000      0.234375000      -4.27757129E-02   4.19348702E-02   8.69537331E-03
  0.234375000      0.234375000      -5.14827110E-02   4.35730852E-02   8.55260901E-03
  0.265625000      0.234375000      -6.04901910E-02   4.49381471E-02   8.38156790E-03
  0.296875000      0.234375000      -6.97776899E-02   4.58593145E-02   8.18352308E-03
  0.328125000      0.234375000      -7.92975277E-02   4.61184680E-02   7.96296075E-03
  0.359375000      0.234375000      -8.89621451E-02   4.54735532E-02   7.72859622E-03
  0.390625000      0.234375000      -9.86331999E-02   4.36768867E-02   7.49425497E-03
  0.421875000      0.234375000     -0.108114444       4.04934697E-02   7.27928383E-03
  0.453125000      0.234375000     -0.117150217       3.57205495E-02   7.10835587E-03
  0.484375000      0.234375000     -0.125430658       2.92080492E-02   7.01022986E-03
  0.515625000      0.234375000     -0.132604256       2.08783261E-02   7.01515097E-03
  0.546875000      0.234375000     -0.138296753       1.07432231E-02   7.15102395E-03
  0.578125000      0.234375000     -0.142135471      -1.08499418E-03   7.43819866E-03
  0.609375000      0.234375000     -0.143785059      -1.43822320E-02   7.92156160E-03
  0.640625000      0.234375000     -0.142930210      -2.88183466E-02   8.55714083E-03
  0.671875000      0.234375000     -0.139262468      -4.37394604E-02   9.31969564E-03
  0.703125000      0.234375000     -0.132530719      -5.82130849E-02   1.01563400E-02
  0.734375000      0.234375000     -0.122573905      -7.10577443E-02   1.09909624E-02
  0.765625000      0.234375000     -0.109349929      -8.08423981E-02   1.17331296E-02
  0.796875000      0.234375000      -9.29980129E-02  -8.58949646E-02   1.22927539E-02
  0.828125000      0.234375000      -7.39597753E-02  -8.43764991E-02   1.26009705E-02
  0.859375000      0.234375000      -5.31903431E-02  -7.45536983E-02   1.26349833E-02
  0.890625000      0.234375000      -3.24893110E-02  -5.55911735E-02   1.24386791E-02
  0.921875000      0.234375000      -1.48537233E-02  -2.95662005E-02   1.21182557E-02
  0.953125000      0.234375000      -3.84930614E-03  -4.94755805E-03   1.17965704E-02
  0.984375000      0.234375000      -2.18601635E-04   5.21395961E-03   1.15954140E-02
   1.56250000E-02  0.265625000      -1.35438005E-03   1.34043228E-02   8.87342542E-03
   4.68750000E-02  0.265625000      -5.48125245E-03   2.92187817E-02   8.77023675E-03
   7.81250000E-02  0.265625000      -1.17273321E-02   3.79455462E-02   8.69559776E-03
  0.109375000      0.265625000      -1.90384462E-02   4.28732149E-02   8.61989055E-03
  0.140625000      0.265625000      -2.69420706E-02   4.60353047E-02   8.52660369E-03
  0.171875000      0.265625000      -3.52620892E-02   4.84817326E-02   8.40605330E-03
  0.203125000      0.265625000      -4.39566001E-02   5.06516621E-02   8.25159345E-03
  0.234375000      0.265625000      -5.30358776E-02   5.26418462E-02   8.05809814E-03
  0.265625000      0.265625000      -6.25204742E-02   5.43628857E-02   7.82181136E-03
  0.296875000      0.265625000      -7.24153370E-02   5.56204244E-02   7.54109770E-03
  0.328125000      0.265625000      -8.26891810E-02   5.61565422E-02   7.21763819E-03
  0.359375000      0.265625000      -9.32568163E-02   5.56751899E-02   6.85792603E-03
  0.390625000      0.265625000     -0.103965916       5.38648292E-02   6.47488609E-03
  0.421875000      0.265625000     -0.114590935       5.04231304E-02   6.08909409E-03
  0.453125000      0.265625000     -0.124835789       4.50845063E-02   5.72925247E-03
  0.484375000      0.265625000     -0.134345710       3.76486331E-02   5.43125719E-03
  0.515625000      0.265625000     -0.142727017       2.80072875E-02   5.23541961E-03
  0.546875000      0.265625000     -0.149572819       1.61668919E-02   5.18139219E-03
  0.578125000      0.265625000     -0.154493213       2.26378324E-03   5.30090602E-03
  0.609375000      0.265625000     -0.157142729      -1.34211201E-02   5.66064846E-03
  0.640625000      0.265625000     -0.157213449      -3.05554513E-02   6.24724524E-03
  0.671875000      0.265625000     -0.154406667      -4.84698638E-02   7.04655191E-03
  0.703125000      0.265625000     -0.148444802      -6.61697090E-02   8.01081210E-03
  0.734375000      0.265625000     -0.139098078      -8.23978782E-02   9.05997865E-03
  0.765625000      0.265625000     -0.126204059      -9.56126451E-02   1.00874091E-02
  0.796875000      0.265625000     -0.109724097     -0.103947483       1.09717008E-02
  0.828125000      0.265625000      -8.98680240E-02 -0.105207235       1.15970662E-02
  0.859375000      0.265625000      -6.73243701E-02  -9.70229506E-02   1.18839387E-02
  0.890625000      0.265625000      -4.36523110E-02  -7.74806365E-02   1.18264351E-02
  0.921875000      0.265625000      -2.18689721E-02  -4.70821783E-02   1.15179420E-02
  0.953125000      0.265625000      -6.61484757E-03  -1.36811454E-02   1.11193983E-02
  0.984375000      0.265625000      -6.45276101E-04   4.34803497E-03   1.08174924E-02
   1.56250000E-02  0.296875000      -1.33439107E-03   1.60907265E-02   8.44600238E-03
   4.68750000E-02  0.296875000      -5.42613398E-03   3.47448215E-02   8.34100600E-03
   7.81250000E-02  0.296875000      -1.16600404E-02   4.48924080E-02   8.25800933E-03
  0.109375000      0.296875000      -1.89951342E-02   5.05665205E-02   8.16626847E-03
  0.140625000      0.296875000      -2.69593000E-02   5.42049780E-02   8.04851577E-03
  0.171875000      0.296875000      -3.53822373E-02   5.70518561E-02   7.89389201E-03
  0.203125000      0.296875000      -4.42371592E-02   5.96298426E-02   7.69380527E-03
  0.234375000      0.296875000      -5.35558760E-02   6.20628074E-02   7.44032860E-03
  0.265625000      0.296875000      -6.33813292E-02   6.42554164E-02   7.12614041E-03
  0.296875000      0.296875000      -7.37353265E-02   6.59824163E-02   6.74554985E-03
  0.328125000      0.296875000      -8.45927894E-02   6.69336393E-02   6.29613223E-03
  0.359375000      0.296875000      -9.58614498E-02   6.67442158E-02   5.78113645E-03
  0.390625000      0.296875000     -0.107369661       6.50248155E-02   5.21196332E-03
  0.421875000      0.296875000     -0.118864328       6.13960437E-02   4.61059250E-03
  0.453125000      0.296875000     -0.130019456       5.55257127E-02   4.01088875E-03
  0.484375000      0.296875000     -0.140453696       4.71657142E-02   3.45797930E-03
  0.515625000      0.296875000     -0.149753973       3.61849144E-02   3.00516468E-03
  0.546875000      0.296875000     -0.157502741       2.25951932E-02   2.70763459E-03
  0.578125000      0.296875000     -0.163306355       6.56870194E-03   2.61376379E-03
  0.609375000      0.296875000     -0.166823804      -1.15531087E-02   2.79033952E-03
  0.640625000      0.296875000     -0.167779118      -3.13944034E-02   3.28300078E-03
  0.671875000      0.296875000     -0.165906608      -5.23083434E-02   4.09003580E-03
  0.703125000      0.296875000     -0.160919935      -7.32782483E-02   5.17155416E-03
  0.734375000      0.296875000     -0.152531773      -9.30223018E-02   6.44717086E-03
  0.765625000      0.296875000     -0.140461564     -0.109949455       7.79785402E-03
  0.796875000      0.296875000     -0.124483123     -0.122064158       9.07324534E-03
  0.828125000      0.296875000     -0.104548529     -0.126873612       1.01085547E-02
  0.859375000      0.296875000      -8.10315460E-02 -0.121406481       1.07567506E-02
  0.890625000      0.296875000      -5.51588237E-02 -0.102628320       1.09399129E-02
  0.921875000      0.296875000      -2.97418274E-02  -6.91200495E-02   1.07091945E-02
  0.953125000      0.296875000      -1.00417389E-02  -2.65845060E-02   1.02549847E-02
  0.984375000      0.296875000      -1.22854672E-03   2.47355457E-03   9.83014889E-03
   1.56250000E-02  0.328125000      -1.27140002E-03   1.86944176E-02   7.92308338E-03
   4.68750000E-02  0.328125000      -5.21417102E-03   4.01701629E-02   7.81805161E-03
   7.81250000E-02  0.328125000      -1.12891346E-02   5.17697632E-02   7.72607047E-03
  0.109375000      0.328125000      -1.84966456E-02   5.82267791E-02   7.61607662E-03
  0.140625000      0.328125000      -2.63697468E-02   6.23783879E-02   7.47027341E-03
  0.171875000      0.328125000      -3.47407050E-02   6.56705871E-02   7.27651641E-03
  0.203125000      0.328125000      -4.35916781E-02   6.87174648E-02   7.02383788E-03
  0.234375000      0.328125000      -5.29681295E-02   7.16732219E-02   6.70083053E-03
  0.265625000      0.328125000      -6.29261062E-02   7.44336993E-02   6.29568566E-03
  0.296875000      0.328125000      -7.34949708E-02   7.67345577E-02   5.79752773E-03
  0.328125000      0.328125000      -8.46486241E-02   7.82022700E-02   5.19880513E-03
  0.359375000      0.328125000      -9.62854773E-02   7.83926398E-02   4.49860469E-03
  0.390625000      0.328125000     -0.108219534       7.68316314E-02   3.70652787E-03
  0.421875000      0.328125000     -0.120183222       7.30612576E-02   2.84634670E-03
  0.453125000      0.328125000     -0.131840602       6.66864365E-02   1.95828243E-03
  0.484375000      0.328125000     -0.142807871       5.74185401E-02   1.09866785E-03
  0.515625000      0.328125000     -0.152677730       4.51119021E-02   3.36266676E-04
  0.546875000      0.328125000     -0.161044091       2.97902264E-02  -2.55075865E-04
  0.578125000      0.328125000     -0.167524725       1.16617456E-02  -6.06518355E-04
  0.609375000      0.328125000     -0.171775311      -8.87734629E-03  -6.60814578E-04
  0.640625000      0.328125000     -0.173567533      -3.13242003E-02  -3.08880612E-04
  0.671875000      0.328125000     -0.172702655      -5.51186353E-02   4.68040904E-04
  0.703125000      0.328125000     -0.168898880      -7.92613626E-02   1.64071959E-03
  0.734375000      0.328125000     -0.161826864     -0.102501929       3.13264667E-03
  0.765625000      0.328125000     -0.151096642     -0.123271778       4.81840968E-03
  0.796875000      0.328125000     -0.136290312     -0.139526248       6.52522873E-03
  0.828125000      0.328125000     -0.117081702     -0.148551509       8.04315042E-03
  0.859375000      0.328125000      -9.34890434E-02 -0.146831453       9.15353186E-03
  0.890625000      0.328125000      -6.63347393E-02 -0.130219966       9.68830846E-03
  0.921875000      0.328125000      -3.80645618E-02  -9.52027440E-02   9.62290913E-03
  0.953125000      0.328125000      -1.40967919E-02  -4.41565141E-02   9.15085804E-03
  0.984375000      0.328125000      -2.05152645E-03  -8.05958291E-04   8.59286543E-03
   1.56250000E-02  0.359375000      -1.16888224E-03   2.11328082E-02   7.31181353E-03
   4.68750000E-02  0.359375000      -4.85653151E-03   4.53573540E-02   7.20836967E-03
   7.81250000E-02  0.359375000      -1.06325578E-02   5.84282875E-02   7.10683502E-03
  0.109375000      0.359375000      -1.75630488E-02   6.57022670E-02   6.97653694E-03
  0.140625000      0.359375000      -2.51880959E-02   7.03985989E-02   6.79936772E-03
  0.171875000      0.359375000      -3.33361216E-02   7.41688982E-02   6.56177057E-03
  0.203125000      0.359375000      -4.19888645E-02   7.77247697E-02   6.25008624E-03
  0.234375000      0.359375000      -5.11950478E-02   8.12529474E-02   5.84884360E-03
  0.265625000      0.359375000      -6.10141307E-02   8.46378505E-02   5.34101017E-03
  0.296875000      0.359375000      -7.14760721E-02   8.75702426E-02   4.70972201E-03
  0.328125000      0.359375000      -8.25520009E-02   8.96071196E-02   3.94150894E-03
  0.359375000      0.359375000      -9.41362828E-02   9.02213454E-02   3.03081493E-03
  0.390625000      0.359375000     -0.106041074       8.88549387E-02   1.98537321E-03
  0.421875000      0.359375000     -0.118002579       8.49760324E-02   8.31167854E-04
  0.453125000      0.359375000     -0.129696161       7.81339705E-02  -3.84277344E-04
  0.484375000      0.359375000     -0.140756607       6.80074841E-02  -1.59202004E-03
  0.515625000      0.359375000     -0.150800943       5.44426702E-02  -2.70619313E-03
  0.546875000      0.359375000     -0.159451663       3.74788269E-02  -3.63287306E-03
  0.578125000      0.359375000     -0.166359305       1.73606724E-02  -4.28263890E-03
  0.609375000      0.359375000     -0.171223506      -5.46504185E-03  -4.58535459E-03
  0.640625000      0.359375000     -0.173839092      -3.03339139E-02  -4.42155823E-03
  0.671875000      0.359375000     -0.174043268      -5.67753278E-02  -3.71750770E-03
  0.703125000      0.359375000     -0.171605632      -8.38519484E-02  -2.49339594E-03
  0.734375000      0.359375000     -0.166185379     -0.110409297      -8.18785862E-04
  0.765625000      0.359375000     -0.157300264     -0.134984791       1.18185719E-03
  0.796875000      0.359375000     -0.144343019     -0.155580416       3.32371797E-03
  0.828125000      0.359375000     -0.126693770     -0.169356316       5.36195561E-03
  0.859375000      0.359375000     -0.103979617     -0.172331080       7.01040495E-03
  0.890625000      0.359375000      -7.65577778E-02 -0.159290135       8.00030492E-03
  0.921875000      0.359375000      -4.63922471E-02 -0.124558851       8.19895975E-03
  0.953125000      0.359375000      -1.86991207E-02  -6.64507896E-02   7.75948726E-03
  0.984375000      0.359375000      -3.19666765E-03  -6.05313433E-03   7.07048085E-03
   1.56250000E-02  0.390625000      -1.03163114E-03   2.33315807E-02   6.62366208E-03
   4.68750000E-02  0.390625000      -4.36822511E-03   5.01785427E-02   6.52334187E-03
   7.81250000E-02  0.390625000      -9.71422158E-03   6.47246838E-02   6.41196128E-03
  0.109375000      0.390625000      -1.62224248E-02   7.28414953E-02   6.25983905E-03
  0.140625000      0.390625000      -2.34402269E-02   7.81008005E-02   6.04878645E-03
  0.171875000      0.390625000      -3.11840493E-02   8.23592097E-02   5.76382410E-03
  0.203125000      0.390625000      -3.94243598E-02   8.64306092E-02   5.38840424E-03
  0.234375000      0.390625000      -4.82024699E-02   9.05370265E-02   4.90271486E-03
  0.265625000      0.390625000      -5.75730987E-02   9.45514888E-02   4.28408850E-03
  0.296875000      0.390625000      -6.75635189E-02   9.81190056E-02   3.50927166E-03
  0.328125000      0.390625000      -7.81453922E-02  0.100727797       2.55855126E-03
  0.359375000      0.390625000      -8.92193094E-02  0.101771429       1.42156472E-03
  0.390625000      0.390625000     -0.100611761      0.100614607       1.04217528E-04
  0.421875000      0.390625000     -0.112082474       9.66598243E-02  -1.36495137E-03
  0.453125000      0.390625000     -0.123338774       8.94087255E-02  -2.93061975E-03
  0.484375000      0.390625000     -0.134053499       7.85131529E-02  -4.51061688E-03
  0.515625000      0.390625000     -0.143884793       6.38142750E-02  -6.00103615E-03
  0.546875000      0.390625000     -0.152497262       4.53689508E-02  -7.28679821E-03
  0.578125000      0.390625000     -0.159585118       2.34623849E-02  -8.25690106E-03
  0.609375000      0.390625000     -0.164897233      -1.39587047E-03  -8.82291514E-03
  0.640625000      0.390625000     -0.168244615      -2.84464844E-02  -8.87494907E-03
  0.671875000      0.390625000     -0.169516593      -5.71930334E-02  -8.28142278E-03
  0.703125000      0.390625000     -0.168571413      -8.68236050E-02  -7.05318060E-03
  0.734375000      0.390625000     -0.165084720     -0.116351321      -5.24999062E-03
  0.765625000      0.390625000     -0.158504769     -0.144514665      -2.98764883E-03
  0.796875000      0.390625000     -0.148044005     -0.169474900      -4.49621701E-04
  0.828125000      0.390625000     -0.132779092     -0.188380778       2.10078037E-03
  0.859375000      0.390625000     -0.111915886     -0.196885824       4.32320917E-03
  0.890625000      0.390625000      -8.52942765E-02 -0.188776687       5.84828993E-03
  0.921875000      0.390625000      -5.43104298E-02 -0.156215966       6.41051540E-03
  0.953125000      0.390625000      -2.37460993E-02  -9.30441171E-02   6.07239408E-03
  0.984375000      0.390625000      -4.72755777E-03  -1.39764445E-02   5.28395828E-03
   1.56250000E-02  0.421875000      -8.66241404E-04   2.52278186E-02   5.87374391E-03
   4.68750000E-02  0.421875000      -3.77014186E-03   5.45190051E-02   5.77802584E-03
   7.81250000E-02  0.421875000      -8.56853835E-03   7.05249608E-02   5.65705821E-03
  0.109375000      0.421875000      -1.45187238E-02   7.94973373E-02   5.48263732E-03
  0.140625000      0.421875000      -2.11753696E-02   8.53188485E-02   5.23673464E-03
  0.171875000      0.421875000      -2.83347294E-02   9.00459439E-02   4.90304548E-03
  0.203125000      0.421875000      -3.59454751E-02   9.45989788E-02   4.46221093E-03
  0.234375000      0.421875000      -4.40320447E-02   9.92398709E-02   3.89009900E-03
  0.265625000      0.421875000      -5.26385158E-02  0.103834547       3.15847946E-03
  0.296875000      0.421875000      -6.17890470E-02  0.107987516       2.23777629E-03
  0.328125000      0.421875000      -7.14617372E-02  0.111125678       1.10214949E-03
  0.359375000      0.421875000      -8.15750510E-02  0.112572968      -2.63424328E-04
  0.390625000      0.421875000      -9.19854939E-02  0.111627325      -1.85476849E-03
  0.421875000      0.421875000     -0.102493972      0.107635520      -3.64081981E-03
  0.453125000      0.421875000     -0.112857521      0.100058869      -5.55861136E-03
  0.484375000      0.421875000     -0.122803636       8.85261148E-02  -7.51294103E-03
  0.515625000      0.421875000     -0.132045716       7.28735328E-02  -9.38198622E-03
  0.546875000      0.421875000     -0.140299797       5.31726480E-02  -1.10290777E-02
  0.578125000      0.421875000     -0.147303924       2.97457445E-02  -1.23197753E-02
  0.609375000      0.421875000     -0.152844429       3.16668022E-03  -1.31428950E-02
  0.640625000      0.421875000     -0.156771973      -2.57404000E-02  -1.34234419E-02
  0.671875000      0.421875000     -0.159055680      -5.63478433E-02  -1.29676061E-02
  0.703125000      0.421875000     -0.159656361      -8.80177766E-02  -1.17827188E-02
  0.734375000      0.421875000     -0.158303559     -0.120001838      -9.91883129E-03
  0.765625000      0.421875000     -0.154409319     -0.151344657      -7.47641269E-03
  0.796875000      0.421875000     -0.147024393     -0.180497795      -4.62308060E-03
  0.828125000      0.421875000     -0.134919673     -0.204734653      -1.61932921E-03
  0.859375000      0.421875000     -0.116855375     -0.219464883       1.16288452E-03
  0.890625000      0.421875000      -9.21078026E-02 -0.217568800       3.26669030E-03
  0.921875000      0.421875000      -6.14304021E-02 -0.189083144       4.28229431E-03
  0.953125000      0.421875000      -2.90024094E-02 -0.123165324       4.13359981E-03
  0.984375000      0.421875000      -6.58508856E-03  -2.52883695E-02   3.29898251E-03
   1.56250000E-02  0.453125000      -6.81342615E-04   2.67738365E-02   5.07985987E-03
   4.68750000E-02  0.453125000      -3.09030851E-03   5.82824908E-02   4.99019865E-03
   7.81250000E-02  0.453125000      -7.24346656E-03   7.57100880E-02   4.86074761E-03
  0.109375000      0.453125000      -1.25168283E-02   8.55342001E-02   4.66512889E-03
  0.140625000      0.453125000      -1.84734110E-02   9.18953568E-02   4.38566273E-03
  0.171875000      0.453125000      -2.48828046E-02   9.70404893E-02   4.00502421E-03
  0.203125000      0.453125000      -3.16631012E-02  0.102000222       3.50132957E-03
  0.234375000      0.453125000      -3.88143100E-02  0.107083552       2.84654973E-03
  0.265625000      0.453125000      -4.63658944E-02  0.112158172       2.00736988E-03
  0.296875000      0.453125000      -5.43397516E-02  0.116799101       9.48479516E-04
  0.328125000      0.453125000      -6.27262592E-02  0.120384976      -3.61570826E-04
  0.359375000      0.453125000      -7.14716017E-02  0.122183859      -1.94205926E-03
  0.390625000      0.453125000      -8.04744661E-02  0.121439837      -3.79048381E-03
  0.421875000      0.453125000      -8.95899460E-02  0.117454357      -5.87366708E-03
  0.453125000      0.453125000      -9.86377522E-02  0.109655209      -8.12189933E-03
  0.484375000      0.453125000     -0.107412435       9.76507589E-02  -1.04281865E-02
  0.515625000      0.453125000     -0.115694761       8.12707096E-02  -1.26540978E-02
  0.546875000      0.453125000     -0.123264201       6.05950505E-02  -1.46422740E-02
  0.578125000      0.453125000     -0.129912704       3.59720923E-02  -1.62347648E-02
  0.609375000      0.453125000     -0.135461673       8.02448951E-03  -1.72953811E-02
  0.640625000      0.453125000     -0.139789045      -2.23464258E-02  -1.77863594E-02
  0.671875000      0.453125000     -0.142959535      -5.42867556E-02  -1.74769722E-02
  0.703125000      0.453125000     -0.145071507      -8.73656422E-02  -1.63748022E-02
  0.734375000      0.453125000     -0.145945668     -0.121133417      -1.45220198E-02
  0.765625000      0.453125000     -0.145002872     -0.155053318      -1.19999507E-02
  0.796875000      0.453125000     -0.141164064     -0.188018739      -8.94687604E-03
  0.828125000      0.453125000     -0.132901669     -0.217588589      -5.59669407E-03
  0.859375000      0.453125000     -0.118512005     -0.239072770      -2.32291641E-03
  0.890625000      0.453125000      -9.66650024E-02 -0.244561136       3.56546487E-04
  0.921875000      0.453125000      -6.73978329E-02 -0.222037107       1.89239322E-03
  0.953125000      0.453125000      -3.41383815E-02 -0.155897409       2.03118590E-03
  0.984375000      0.453125000      -8.61869380E-03  -4.04914916E-02   1.21659075E-03
   1.56250000E-02  0.484375000      -4.87507874E-04   2.79411450E-02   4.26131207E-03
   4.68750000E-02  0.484375000      -2.36397446E-03   6.13975860E-02   4.17913403E-03
   7.81250000E-02  0.484375000      -5.80127258E-03   8.01830888E-02   4.04337049E-03
  0.109375000      0.484375000      -1.03040542E-02   9.08363312E-02   3.82965012E-03
  0.140625000      0.484375000      -1.54465474E-02   9.76929814E-02   3.52083147E-03
  0.171875000      0.484375000      -2.09681112E-02  0.103176609       3.09886644E-03
  0.203125000      0.484375000      -2.67503038E-02  0.108431742       2.53989850E-03
  0.234375000      0.484375000      -3.27634886E-02  0.113823891       1.81272160E-03
  0.265625000      0.484375000      -3.90198380E-02  0.119235188       8.79864034E-04
  0.296875000      0.484375000      -4.55397144E-02  0.124226607      -2.98759609E-04
  0.328125000      0.484375000      -5.23297414E-02  0.128145337      -1.75925740E-03
  0.359375000      0.484375000      -5.93701154E-02  0.130219996      -3.52460053E-03
  0.390625000      0.484375000      -6.66093305E-02  0.129654720      -5.59392199E-03
  0.421875000      0.484375000      -7.39645660E-02  0.125716105      -7.93265458E-03
  0.453125000      0.484375000      -8.13257694E-02  0.117804758      -1.04658762E-02
  0.484375000      0.484375000      -8.85616243E-02  0.105510756      -1.30770458E-02
  0.515625000      0.484375000      -9.55272019E-02   8.86556283E-02  -1.56137012E-02
  0.546875000      0.484375000     -0.102074981       6.73241913E-02  -1.79003645E-02
  0.578125000      0.484375000     -0.108071819       4.18868214E-02  -1.97579153E-02
  0.609375000      0.484375000     -0.113409422       1.30017083E-02  -2.10247003E-02
  0.640625000      0.484375000     -0.117971271      -1.84310526E-02  -2.16757264E-02
  0.671875000      0.484375000     -0.121879473      -5.11212125E-02  -2.15043351E-02
  0.703125000      0.484375000     -0.125387356      -8.49030018E-02  -2.05104668E-02
  0.734375000      0.484375000     -0.128455222     -0.119647682      -1.87335443E-02
  0.765625000      0.484375000     -0.130580217     -0.155354396      -1.62371919E-02
  0.796875000      0.484375000     -0.130605668     -0.191533312      -1.31209493E-02
  0.828125000      0.484375000     -0.126727864     -0.226220623      -9.56936926E-03
  0.859375000      0.484375000     -0.116768524     -0.254798412      -5.92307467E-03
  0.890625000      0.484375000      -9.87513140E-02 -0.268707991      -2.72380095E-03
  0.921875000      0.484375000      -7.19240010E-02 -0.253989935      -6.38771802E-04
  0.953125000      0.484375000      -3.88235785E-02 -0.190305650      -1.23321312E-04
  0.984375000      0.484375000      -1.06580025E-02  -5.97675890E-02  -8.49082367E-04
   1.56250000E-02  0.515625000      -2.96956248E-04   2.87240632E-02   3.43752792E-03
   4.68750000E-02  0.515625000      -1.63274445E-03   6.38241470E-02   3.36423703E-03
   7.81250000E-02  0.515625000      -4.31728177E-03   8.38764906E-02   3.22552561E-03
  0.109375000      0.515625000      -7.98822381E-03   9.53160822E-02   2.99905590E-03
  0.140625000      0.515625000      -1.22356592E-02  0.102604225       2.66832463E-03
  0.171875000      0.515625000      -1.67688467E-02  0.108323216       2.21486390E-03
  0.203125000      0.515625000      -2.14304402E-02  0.113734290       1.61346304E-03
  0.234375000      0.515625000      -2.61585917E-02  0.119270235       8.30693869E-04
  0.265625000      0.515625000      -3.09466645E-02  0.124842629      -1.73886569E-04
  0.296875000      0.515625000      -3.58134434E-02  0.130016357      -1.44378783E-03
  0.328125000      0.515625000      -4.07831073E-02  0.134126157      -3.01857549E-03
  0.359375000      0.515625000      -4.58721966E-02  0.136378735      -4.92406078E-03
  0.390625000      0.515625000      -5.10818288E-02  0.135952860      -7.16097001E-03
  0.421875000      0.515625000      -5.63947260E-02  0.132091016      -9.69430897E-03
  0.453125000      0.515625000      -6.17757440E-02  0.124173477      -1.24459602E-02
  0.484375000      0.515625000      -6.71741217E-02  0.111774869      -1.52927898E-02
  0.515625000      0.515625000      -7.25268424E-02   9.47072059E-02  -1.80719327E-02
  0.546875000      0.515625000      -7.77631253E-02   7.30549395E-02  -2.05939692E-02
  0.578125000      0.515625000      -8.28119591E-02   4.72029038E-02  -2.26641838E-02
  0.609375000      0.515625000      -8.76226723E-02   1.78440362E-02  -2.41111107E-02
  0.640625000      0.515625000      -9.22474414E-02  -1.40773039E-02  -2.48228665E-02
  0.671875000      0.515625000      -9.68042612E-02  -4.69999015E-02  -2.47833058E-02
  0.703125000      0.515625000     -0.101526946      -8.07758644E-02  -2.39067562E-02
  0.734375000      0.515625000     -0.106617555     -0.115601033      -2.22526174E-02
  0.765625000      0.515625000     -0.111746266     -0.152137339      -1.98762510E-02
  0.796875000      0.515625000     -0.115758926     -0.190709010      -1.68356858E-02
  0.828125000      0.515625000     -0.116622537     -0.230062366      -1.32483151E-02
  0.859375000      0.515625000     -0.111685872     -0.265860587      -9.38798301E-03
  0.890625000      0.515625000      -9.82902125E-02 -0.289068401      -5.77626796E-03
  0.921875000      0.515625000      -7.48238415E-02 -0.283931434      -3.16220568E-03
  0.953125000      0.515625000      -4.28064056E-02 -0.225486323      -2.20882753E-03
  0.984375000      0.515625000      -1.25671513E-02  -8.29924345E-02  -2.78330292E-03
   1.56250000E-02  0.546875000      -1.23377278E-04   2.91428249E-02   2.62656808E-03
   4.68750000E-02  0.546875000      -9.43198451E-04   6.55584037E-02   2.56365351E-03
   7.81250000E-02  0.546875000      -2.87707336E-03   8.67591500E-02   2.42650788E-03
  0.109375000      0.546875000      -5.69356373E-03   9.89205688E-02   2.19498598E-03
  0.140625000      0.546875000      -9.00342502E-03  0.106558293       1.85308256E-03
  0.171875000      0.546875000      -1.24900248E-02  0.112392128       1.38206210E-03
  0.203125000      0.546875000      -1.59590431E-02  0.117801353       7.55936722E-04
  0.234375000      0.546875000      -1.93170141E-02  0.123296738      -5.99563245E-05
  0.265625000      0.546875000      -2.25385111E-02  0.128834829      -1.10768073E-03
  0.296875000      0.546875000      -2.56400853E-02  0.134002715      -2.43260455E-03
  0.328125000      0.546875000      -2.86623780E-02  0.138142183      -4.07629646E-03
  0.359375000      0.546875000      -3.16567346E-02  0.140455663      -6.06633723E-03
  0.390625000      0.546875000      -3.46747786E-02  0.140110999      -8.40486214E-03
  0.421875000      0.546875000      -3.77629921E-02  0.136338323      -1.10575175E-02
  0.453125000      0.546875000      -4.09609899E-02  0.128506243      -1.39453858E-02
  0.484375000      0.546875000      -4.43014726E-02  0.116179645      -1.69423465E-02
  0.515625000      0.546875000      -4.78120148E-02   9.91639495E-02  -1.98796634E-02
  0.546875000      0.546875000      -5.15180007E-02   7.75407255E-02  -2.25585215E-02
  0.578125000      0.546875000      -5.54464385E-02   5.16989455E-02  -2.47712284E-02
  0.609375000      0.546875000      -5.96334264E-02   2.23560054E-02  -2.63302270E-02
  0.640625000      0.546875000      -6.41357601E-02  -9.44501534E-03  -2.71006078E-02
  0.671875000      0.546875000      -6.90589920E-02  -4.21276093E-02  -2.71405783E-02
  0.703125000      0.546875000      -7.47220516E-02  -7.52348602E-02  -2.63630711E-02
  0.734375000      0.546875000      -8.15318450E-02 -0.109217159      -2.48517692E-02
  0.765625000      0.546875000      -8.94015878E-02 -0.145504698      -2.26634387E-02
  0.796875000      0.546875000      -9.72889960E-02 -0.185431987      -1.98184475E-02
  0.828125000      0.546875000     -0.103021272     -0.228742450      -1.63581558E-02
  0.859375000      0.546875000     -0.103498772     -0.271645367      -1.24616418E-02
  0.890625000      0.546875000      -9.53496546E-02 -0.304838061      -8.58491100E-03
  0.921875000      0.546875000      -7.60358870E-02 -0.310952365      -5.51150274E-03
  0.953125000      0.546875000      -4.59459797E-02 -0.260580629      -4.09762654E-03
  0.984375000      0.546875000      -1.42633226E-02 -0.109823257      -4.47097607E-03
   1.56250000E-02  0.578125000       1.81703017E-05   2.92462222E-02   1.84350810E-03
   4.68750000E-02  0.578125000      -3.45322886E-04   6.66358322E-02   1.79333356E-03
   7.81250000E-02  0.578125000      -1.57314341E-03   8.88423473E-02   1.66294805E-03
  0.109375000      0.578125000      -3.55589809E-03  0.101636454       1.43625331E-03
  0.140625000      0.578125000      -5.92649169E-03  0.109524146       1.09708647E-03
  0.171875000      0.578125000      -8.35061539E-03  0.115340099       6.26144931E-04
  0.203125000      0.578125000      -1.06039159E-02  0.120580837      -3.05861590E-06
  0.234375000      0.578125000      -1.25660580E-02  0.125844508      -8.25531431E-04
  0.265625000      0.578125000      -1.41952019E-02  0.131146461      -1.88358501E-03
  0.296875000      0.578125000      -1.55052235E-02  0.136112437      -3.22278962E-03
  0.328125000      0.578125000      -1.65506639E-02  0.140110135      -4.88508726E-03
  0.359375000      0.578125000      -1.74133331E-02  0.142353818      -6.89841667E-03
  0.390625000      0.578125000      -1.81884393E-02  0.142013058      -9.26593971E-03
  0.421875000      0.578125000      -1.89788304E-02  0.138319001      -1.19550480E-02
  0.453125000      0.578125000      -1.98930763E-02  0.130638912      -1.48885902E-02
  0.484375000      0.578125000      -2.10424215E-02  0.118535876      -1.79414526E-02
  0.515625000      0.578125000      -2.25424413E-02  0.101817459      -2.09446438E-02
  0.546875000      0.578125000      -2.45172773E-02   8.05701613E-02  -2.36962177E-02
  0.578125000      0.578125000      -2.71048099E-02   5.51933870E-02  -2.59817205E-02
  0.609375000      0.578125000      -3.04618496E-02   2.64212936E-02  -2.76030637E-02
  0.640625000      0.578125000      -3.47311348E-02  -4.71323589E-03  -2.84107216E-02
  0.671875000      0.578125000      -3.99554074E-02  -3.66787687E-02  -2.84929127E-02
  0.703125000      0.578125000      -4.63658534E-02  -6.85755610E-02  -2.77853310E-02
  0.734375000      0.578125000      -5.45358658E-02 -0.100865051      -2.64128745E-02
  0.765625000      0.578125000      -6.47001714E-02 -0.135797858      -2.44454071E-02
  0.796875000      0.578125000      -7.60837048E-02 -0.175852507      -2.18771100E-02
  0.828125000      0.578125000      -8.65402520E-02 -0.222127646      -1.86783150E-02
  0.859375000      0.578125000      -9.25896019E-02 -0.271736115      -1.49161220E-02
  0.890625000      0.578125000      -9.01244879E-02 -0.315370142      -1.09397843E-02
  0.921875000      0.578125000      -7.56133944E-02 -0.334256768      -7.51351239E-03
  0.953125000      0.578125000      -4.82050478E-02 -0.294785619      -5.65368775E-03
  0.984375000      0.578125000      -1.57121588E-02 -0.139800116      -5.79086645E-03
   1.56250000E-02  0.609375000       1.22953526E-04   2.91031823E-02   1.10254320E-03
   4.68750000E-02  0.609375000       1.16163043E-04   6.71461672E-02   1.06276677E-03
   7.81250000E-02  0.609375000      -5.07452351E-04   9.01824385E-02   9.47488123E-04
  0.109375000      0.609375000      -1.71996607E-03  0.103491858       7.37645023E-04
  0.140625000      0.609375000      -3.18887644E-03  0.111509345       4.18063544E-04
  0.171875000      0.609375000      -4.57195239E-03  0.117164910      -3.20829458E-05
  0.203125000      0.609375000      -5.62704634E-03  0.122069173      -6.40035199E-04
  0.234375000      0.609375000      -6.21657725E-03  0.126914501      -1.44054089E-03
  0.265625000      0.609375000      -6.28792029E-03  0.131785184      -2.47484143E-03
  0.296875000      0.609375000      -5.85264713E-03  0.136357695      -3.78694362E-03
  0.328125000      0.609375000      -4.97701485E-03  0.140043855      -5.41783124E-03
  0.359375000      0.609375000      -3.76786152E-03  0.142082483      -7.39340670E-03
  0.390625000      0.609375000      -2.35372642E-03  0.141653359      -9.71722603E-03
  0.421875000      0.609375000      -8.83695437E-04  0.138004750      -1.23597709E-02
  0.453125000      0.609375000       4.73259483E-04  0.130513549      -1.52482418E-02
  0.484375000      0.609375000       1.53387384E-03  0.118751541      -1.82622913E-02
  0.515625000      0.609375000       2.10292381E-03  0.102534652      -2.12392174E-02
  0.546875000      0.609375000       1.97029347E-03   8.19650292E-02  -2.39808820E-02
  0.578125000      0.609375000       8.95082834E-04   5.74710965E-02  -2.62736790E-02
  0.609375000      0.609375000      -1.41232193E-03   2.98260972E-02  -2.79174950E-02
  0.640625000      0.609375000      -5.29025402E-03   5.79913612E-05  -2.87569426E-02
  0.671875000      0.609375000      -1.07968766E-02  -3.06879021E-02  -2.88687423E-02
  0.703125000      0.609375000      -1.78848691E-02  -6.10361546E-02  -2.81960573E-02
  0.734375000      0.609375000      -2.70947572E-02  -9.09902900E-02  -2.69450080E-02
  0.765625000      0.609375000      -3.89731638E-02 -0.123601288      -2.51951925E-02
  0.796875000      0.609375000      -5.31950071E-02 -0.162424684      -2.29307599E-02
  0.828125000      0.609375000      -6.79233521E-02 -0.210361928      -2.00762302E-02
  0.859375000      0.609375000      -7.94390514E-02 -0.265936911      -1.65832136E-02
  0.890625000      0.609375000      -8.28932077E-02 -0.320187181      -1.26611805E-02
  0.921875000      0.609375000      -7.36884177E-02 -0.353167295      -9.00066644E-03
  0.953125000      0.609375000      -4.96197566E-02 -0.327365637      -6.73231250E-03
  0.984375000      0.609375000      -1.69136208E-02 -0.172428399      -6.60980633E-03
   1.56250000E-02  0.640625000       1.82630567E-04   2.87957117E-02   4.12242254E-04
   4.68750000E-02  0.640625000       3.95860814E-04   6.72439635E-02   3.79940902E-04
   7.81250000E-02  0.640625000       2.14669635E-04   9.08876508E-02   2.86264229E-04
  0.109375000      0.640625000      -3.40402767E-04  0.104554228       1.09187728E-04
  0.140625000      0.640625000      -9.78120486E-04  0.112554744      -1.71133739E-04
  0.171875000      0.640625000      -1.36924768E-03  0.117896006      -5.77289786E-04
  0.203125000      0.640625000      -1.27010397E-03  0.122297831      -1.13844767E-03
  0.234375000      0.640625000      -5.38626744E-04  0.126549348      -1.88871357E-03
  0.265625000      0.640625000       8.83224129E-04  0.130807221      -2.86722230E-03
  0.296875000      0.640625000       2.98159523E-03  0.134810835      -4.11390560E-03
  0.328125000      0.640625000       5.68364467E-03  0.138022527      -5.66708762E-03
  0.359375000      0.640625000       8.86531267E-03  0.139722362      -7.55546335E-03
  0.390625000      0.640625000       1.23564620E-02  0.139116526      -9.78438370E-03
  0.421875000      0.640625000       1.59545951E-02  0.135479733      -1.23246731E-02
  0.453125000      0.640625000       1.94302946E-02  0.128209680      -1.51056256E-02
  0.484375000      0.640625000       2.25306153E-02  0.116896510      -1.80106293E-02
  0.515625000      0.640625000       2.49818079E-02  0.101371348      -2.08800770E-02
  0.546875000      0.640625000       2.64905430E-02   8.17561448E-02  -2.35213377E-02
  0.578125000      0.640625000       2.67471671E-02   5.85069656E-02  -2.57282518E-02
  0.609375000      0.640625000       2.54355855E-02   3.24254185E-02  -2.73091588E-02
  0.640625000      0.640625000       2.22608261E-02   4.53779334E-03  -2.81172730E-02
  0.671875000      0.640625000       1.70136169E-02  -2.43806075E-02  -2.82412097E-02
  0.703125000      0.640625000       9.45607200E-03  -5.26655167E-02  -2.77133808E-02
  0.734375000      0.640625000      -6.50082715E-04  -8.00119191E-02  -2.65775137E-02
  0.765625000      0.640625000      -1.36010284E-02 -0.109722510      -2.50151604E-02
  0.796875000      0.640625000      -2.97438595E-02 -0.145921901      -2.30167545E-02
  0.828125000      0.640625000      -4.79695275E-02 -0.193901122      -2.05243286E-02
  0.859375000      0.640625000      -6.45573437E-02 -0.254292965      -1.73769239E-02
  0.890625000      0.640625000      -7.39529207E-02 -0.318986773      -1.36210704E-02
  0.921875000      0.640625000      -7.04150647E-02 -0.367121369      -9.82368179E-03
  0.953125000      0.640625000      -5.02557233E-02 -0.357654572      -7.18129845E-03
  0.984375000      0.640625000      -1.78837236E-02 -0.207229286      -6.77770935E-03
   1.56250000E-02  0.671875000       1.73013221E-04   2.84379888E-02  -2.25789801E-04
   4.68750000E-02  0.671875000       4.29858454E-04   6.71284944E-02  -2.50733283E-04
   7.81250000E-02  0.671875000       4.81204392E-04   9.11308154E-02  -3.17458587E-04
  0.109375000      0.671875000       4.19433170E-04  0.104926482      -4.44702659E-04
  0.140625000      0.671875000       5.15417720E-04  0.112724274      -6.62363309E-04
  0.171875000      0.671875000       1.05325202E-03  0.117581367      -9.99138225E-04
  0.203125000      0.671875000       2.25661229E-03  0.121313304      -1.48507941E-03
  0.234375000      0.671875000       4.25947737E-03  0.124804512      -2.15491862E-03
  0.265625000      0.671875000       7.10920012E-03  0.128287166      -3.04656941E-03
  0.296875000      0.671875000       1.07821291E-02  0.131567836      -4.19912580E-03
  0.328125000      0.671875000       1.51929930E-02  0.134162068      -5.64909307E-03
  0.359375000      0.671875000       2.01971866E-02  0.135406092      -7.42240949E-03
  0.390625000      0.671875000       2.55912244E-02  0.134554952      -9.52352025E-03
  0.421875000      0.671875000       3.11231259E-02  0.130916476      -1.19243730E-02
  0.453125000      0.671875000       3.65033671E-02  0.123919591      -1.45564824E-02
  0.484375000      0.671875000       4.14096490E-02  0.113180377      -1.73071045E-02
  0.515625000      0.671875000       4.54924591E-02   9.85531062E-02  -2.00221539E-02
  0.546875000      0.671875000       4.83820662E-02   8.01771656E-02  -2.25167889E-02
  0.578125000      0.671875000       4.97009680E-02   5.85157275E-02  -2.45950911E-02
  0.609375000      0.671875000       4.90821749E-02   3.43589000E-02  -2.60774344E-02
  0.640625000      0.671875000       4.61903438E-02   8.69210437E-03  -2.68296525E-02
  0.671875000      0.671875000       4.08324078E-02  -1.78986918E-02  -2.69116648E-02
  0.703125000      0.671875000       3.30392495E-02  -4.37678620E-02  -2.63814405E-02
  0.734375000      0.671875000       2.30122879E-02  -6.87506348E-02  -2.53399219E-02
  0.765625000      0.671875000       1.01854475E-02  -9.51814204E-02  -2.39620693E-02
  0.796875000      0.671875000      -6.75840769E-03 -0.127360344      -2.22641993E-02
  0.828125000      0.671875000      -2.74504982E-02 -0.173536956      -2.00951211E-02
  0.859375000      0.671875000      -4.84065115E-02 -0.237112552      -1.73021089E-02
  0.890625000      0.671875000      -6.35379031E-02 -0.311645031      -1.37564950E-02
  0.921875000      0.671875000      -6.58947676E-02 -0.375654340      -9.86094400E-03
  0.953125000      0.671875000      -5.01538292E-02 -0.385037422      -6.83975406E-03
  0.984375000      0.671875000      -1.86340977E-02 -0.243751571      -6.11846894E-03
   1.56250000E-02  0.703125000       6.25214598E-05   2.82004103E-02  -8.17593653E-04
   4.68750000E-02  0.703125000       1.15343864E-04   6.70531541E-02  -8.35570449E-04
   7.81250000E-02  0.703125000       1.38987409E-04   9.11286697E-02  -8.60842527E-04
  0.109375000      0.703125000       3.83810577E-04  0.104743049      -9.18106700E-04
  0.140625000      0.703125000       1.09968276E-03  0.112094164      -1.04890438E-03
  0.171875000      0.703125000       2.50418019E-03  0.116269469      -1.28875405E-03
  0.203125000      0.703125000       4.77003353E-03  0.119158760      -1.67332659E-03
  0.234375000      0.703125000       7.99797568E-03  0.121732846      -2.23831786E-03
  0.265625000      0.703125000       1.22120623E-02  0.124301009      -3.02086608E-03
  0.296875000      0.703125000       1.73685718E-02  0.126731902      -4.05842625E-03
  0.328125000      0.703125000       2.33626962E-02  0.128601104      -5.38489409E-03
  0.359375000      0.703125000       3.00268941E-02  0.129306614      -7.02343741E-03
  0.390625000      0.703125000       3.71277593E-02  0.128166392      -8.97683762E-03
  0.421875000      0.703125000       4.43712696E-02  0.124534562      -1.12172235E-02
  0.453125000      0.703125000       5.14140837E-02  0.117881000      -1.36782713E-02
  0.484375000      0.703125000       5.78720719E-02  0.107855164      -1.62517205E-02
  0.515625000      0.703125000       6.33303225E-02   9.43367332E-02  -1.87904574E-02
  0.546875000      0.703125000       6.73571080E-02   7.74774402E-02  -2.11193897E-02
  0.578125000      0.703125000       6.95267618E-02   5.77301793E-02  -2.30550673E-02
  0.609375000      0.703125000       6.94564432E-02   3.58415693E-02  -2.44326759E-02
  0.640625000      0.703125000       6.68510869E-02   1.27245765E-02  -2.51361281E-02
  0.671875000      0.703125000       6.14209659E-02  -1.11265853E-02  -2.51529887E-02
  0.703125000      0.703125000       5.32419384E-02  -3.45562175E-02  -2.46386994E-02
  0.734375000      0.703125000       4.27390113E-02  -5.74170053E-02  -2.36387663E-02
  0.765625000      0.703125000       2.99566016E-02  -8.08894783E-02  -2.22964454E-02
  0.796875000      0.703125000       1.39922006E-02 -0.108730212      -2.07294635E-02
  0.828125000      0.703125000      -7.05879182E-03 -0.150418699      -1.89389884E-02
  0.859375000      0.703125000      -3.13281044E-02 -0.215007514      -1.64463967E-02
  0.890625000      0.703125000      -5.17252907E-02 -0.298227370      -1.30693214E-02
  0.921875000      0.703125000      -6.00825176E-02 -0.378367960      -9.01733618E-03
  0.953125000      0.703125000      -4.92630005E-02 -0.408899784      -5.52580925E-03
  0.984375000      0.703125000      -1.91477556E-02 -0.281538546      -4.40748967E-03
   1.56250000E-02  0.734375000      -1.93266533E-04   2.83286851E-02  -1.37447636E-03
   4.68750000E-02  0.734375000      -6.72985800E-04   6.73474148E-02  -1.38371310E-03
   7.81250000E-02  0.734375000      -9.97338560E-04   9.11312848E-02  -1.35188014E-03
  0.109375000      0.734375000      -6.64955936E-04  0.104159907      -1.31401198E-03
  0.140625000      0.734375000       5.61206078E-04  0.110733010      -1.32769241E-03
  0.171875000      0.734375000       2.79209157E-03  0.113994516      -1.44478818E-03
  0.203125000      0.734375000       6.09955704E-03  0.115861714      -1.70327839E-03
  0.234375000      0.734375000       1.05286706E-02  0.117376089      -2.14237440E-03
  0.265625000      0.734375000       1.60615332E-02  0.118915789      -2.79916148E-03
  0.296875000      0.734375000       2.26226337E-02  0.120405875      -3.70883825E-03
  0.328125000      0.734375000       3.00817452E-02  0.121481068      -4.90197632E-03
  0.359375000      0.734375000       3.82476971E-02  0.121603653      -6.39839098E-03
  0.390625000      0.734375000       4.68611307E-02  0.120161310      -8.19854531E-03
  0.421875000      0.734375000       5.55948317E-02  0.116566986      -1.02742687E-02
  0.453125000      0.734375000       6.40629232E-02  0.110340089      -1.25613008E-02
  0.484375000      0.734375000       7.18328953E-02  0.101168543      -1.49562294E-02
  0.515625000      0.734375000       7.84406811E-02   8.89565274E-02  -1.73196401E-02
  0.546875000      0.734375000       8.34114328E-02   7.38594979E-02  -1.94869861E-02
  0.578125000      0.734375000       8.62898827E-02   5.63012213E-02  -2.12873891E-02
  0.609375000      0.734375000       8.66822004E-02   3.69527303E-02  -2.25689523E-02
  0.640625000      0.734375000       8.42959285E-02   1.66162979E-02  -2.32262015E-02
  0.671875000      0.734375000       7.88935274E-02  -4.17565275E-03  -2.32204907E-02
  0.703125000      0.734375000       7.05729350E-02  -2.50016712E-02  -2.27105785E-02
  0.734375000      0.734375000       5.97185716E-02  -4.56065200E-02  -2.17266995E-02
  0.765625000      0.734375000       4.65827994E-02  -6.67757317E-02  -2.03898139E-02
  0.796875000      0.734375000       3.10453586E-02  -9.13378894E-02  -1.88227724E-02
  0.828125000      0.734375000       1.14941215E-02 -0.127208158      -1.71024296E-02
  0.859375000      0.734375000      -1.34792682E-02 -0.188981116      -1.49523420E-02
  0.890625000      0.734375000      -3.83232348E-02 -0.279021740      -1.16033163E-02
  0.921875000      0.734375000      -5.26655912E-02 -0.374884814      -7.20411818E-03
  0.953125000      0.734375000      -4.73519377E-02 -0.428531408      -3.00118979E-03
  0.984375000      0.734375000      -1.93484481E-02 -0.320040286      -1.32058770E-03
   1.56250000E-02  0.765625000      -6.52073708E-04   2.91707423E-02  -1.91050756E-03
   4.68750000E-02  0.765625000      -2.11323821E-03   6.84401020E-02  -1.91455020E-03
   7.81250000E-02  0.765625000      -3.18717002E-03   9.14314985E-02  -1.80486357E-03
  0.109375000      0.765625000      -2.98907422E-03  0.103324749      -1.63841364E-03
  0.140625000      0.765625000      -1.33676885E-03  0.108686514      -1.50212017E-03
  0.171875000      0.765625000       1.72170368E-03  0.110750064      -1.46766764E-03
  0.203125000      0.765625000       6.10216893E-03  0.111418515      -1.57805812E-03
  0.234375000      0.765625000       1.17473016E-02  0.111747265      -1.87500357E-03
  0.265625000      0.765625000       1.85858384E-02  0.112177223      -2.39622500E-03
  0.296875000      0.765625000       2.64978744E-02  0.112676710      -3.17402277E-03
  0.328125000      0.765625000       3.53241228E-02  0.112931125      -4.23463993E-03
  0.359375000      0.765625000       4.48523536E-02  0.112465732      -5.59373526E-03
  0.390625000      0.765625000       5.48036881E-02  0.110740021      -7.24886730E-03
  0.421875000      0.765625000       6.48283139E-02  0.107234001      -9.17107239E-03
  0.453125000      0.765625000       7.45123178E-02  0.101523072      -1.12979729E-02
  0.484375000      0.765625000       8.33919644E-02   9.33361202E-02  -1.35309249E-02
  0.515625000      0.765625000       9.09736156E-02   8.25983435E-02  -1.57382619E-02
  0.546875000      0.765625000       9.67604220E-02   6.94586411E-02  -1.77656040E-02
  0.578125000      0.765625000      0.100287825       5.42956591E-02  -1.94534920E-02
  0.609375000      0.765625000      0.101166837       3.76880839E-02  -2.06602439E-02
  0.640625000      0.765625000       9.91218090E-02   2.03149579E-02  -2.12857276E-02
  0.671875000      0.765625000       9.39691290E-02   2.68473197E-03  -2.12875940E-02
  0.703125000      0.765625000       8.57867450E-02  -1.53554343E-02  -2.07792763E-02
  0.734375000      0.765625000       7.48554170E-02  -3.34651470E-02  -1.97970383E-02
  0.765625000      0.765625000       6.14559427E-02  -5.23820817E-02  -1.84333809E-02
  0.796875000      0.765625000       4.58152704E-02  -7.45569170E-02  -1.67913474E-02
  0.828125000      0.765625000       2.76348665E-02 -0.106263936      -1.49404975E-02
  0.859375000      0.765625000       4.25737025E-03 -0.161583960      -1.28519516E-02
  0.890625000      0.765625000      -2.27244049E-02 -0.254605800      -9.38027725E-03
  0.921875000      0.765625000      -4.28977385E-02 -0.364798605      -4.29101335E-03
  0.953125000      0.765625000      -4.38810140E-02 -0.442963570       1.10396242E-03
  0.984375000      0.765625000      -1.90564040E-02 -0.358450919       3.66956601E-03
   1.56250000E-02  0.796875000      -1.44564640E-03   3.12646553E-02  -2.46380293E-03
   4.68750000E-02  0.796875000      -4.53327503E-03   7.08874837E-02  -2.46166950E-03
   7.81250000E-02  0.796875000      -6.81032101E-03   9.23280641E-02  -2.23957747E-03
  0.109375000      0.796875000      -6.91184402E-03  0.102325693      -1.89869571E-03
  0.140625000      0.796875000      -4.82289447E-03  0.105939835      -1.57059846E-03
  0.171875000      0.796875000      -8.54103419E-04  0.106466033      -1.35810289E-03
  0.203125000      0.796875000       4.69694380E-03  0.105770253      -1.30481774E-03
  0.234375000      0.796875000       1.16362162E-02  0.104813017      -1.44851301E-03
  0.265625000      0.796875000       1.98154859E-02  0.104096755      -1.83218881E-03
  0.296875000      0.796875000       2.90605072E-02  0.103604615      -2.48328177E-03
  0.328125000      0.796875000       3.91859040E-02  0.103056878      -3.42219789E-03
  0.359375000      0.796875000       4.99662831E-02  0.102036759      -4.65949532E-03
  0.390625000      0.796875000       6.11134544E-02  0.100075185      -6.18926995E-03
  0.421875000      0.796875000       7.22678155E-02   9.67231691E-02  -7.98133388E-03
  0.453125000      0.796875000       8.30035210E-02   9.16156918E-02  -9.97480750E-03
  0.484375000      0.796875000       9.28444564E-02   8.45226124E-02  -1.20753879E-02
  0.515625000      0.796875000      0.101288021       7.53849745E-02  -1.41585078E-02
  0.546875000      0.796875000      0.107836351       6.43346012E-02  -1.60788707E-02
  0.578125000      0.796875000      0.112035207       5.16914614E-02  -1.76866185E-02
  0.609375000      0.796875000      0.113518670       3.79287042E-02  -1.88478380E-02
  0.640625000      0.796875000      0.112051532       2.35862657E-02  -1.94655992E-02
  0.671875000      0.796875000      0.107540712       9.07784887E-03  -1.94957126E-02
  0.703125000      0.796875000       9.98767614E-02  -5.90287335E-03  -1.89786702E-02
  0.734375000      0.796875000       8.92111063E-02  -2.13239882E-02  -1.79994218E-02
  0.765625000      0.796875000       7.59314299E-02  -3.78488824E-02  -1.65859833E-02
  0.796875000      0.796875000       6.03143238E-02  -5.78401163E-02  -1.47978701E-02
  0.828125000      0.796875000       4.25048210E-02  -8.70026127E-02  -1.26420055E-02
  0.859375000      0.796875000       2.19300613E-02 -0.136907727      -9.97587666E-03
  0.890625000      0.796875000      -4.09340207E-03 -0.226292953      -6.44975947E-03
  0.921875000      0.796875000      -2.93723438E-02 -0.347675085      -3.76514690E-05
  0.953125000      0.796875000      -3.77910286E-02 -0.450701326       7.42776226E-03
  0.984375000      0.796875000      -1.79151278E-02 -0.395428360       1.14873815E-02
   1.56250000E-02  0.828125000      -2.81822262E-03   3.55241261E-02  -3.10680037E-03
   4.68750000E-02  0.828125000      -8.47282447E-03   7.53611475E-02  -3.08542768E-03
   7.81250000E-02  0.828125000      -1.23805348E-02   9.40302014E-02  -2.68820510E-03
  0.109375000      0.828125000      -1.27621545E-02  0.101099193      -2.10497482E-03
  0.140625000      0.828125000      -1.00221150E-02  0.102331944      -1.53466291E-03
  0.171875000      0.828125000      -4.90944413E-03  0.100987479      -1.11096294E-03
  0.203125000      0.828125000       2.02190084E-03   9.87646133E-02  -8.94349010E-04
  0.234375000      0.828125000       1.04312673E-02   9.64718610E-02  -8.79895408E-04
  0.265625000      0.828125000       2.00525708E-02   9.46397334E-02  -1.13273272E-03
  0.296875000      0.828125000       3.06586996E-02   9.32141393E-02  -1.67123321E-03
  0.328125000      0.828125000       4.20546196E-02   9.19303671E-02  -2.50777625E-03
  0.359375000      0.828125000       5.40179871E-02   9.04238522E-02  -3.64695862E-03
  0.390625000      0.828125000       6.62662610E-02   8.82962197E-02  -5.07906638E-03
  0.421875000      0.828125000       7.84454048E-02   8.51708353E-02  -6.77241385E-03
  0.453125000      0.828125000       9.01350975E-02   8.07430893E-02  -8.66713747E-03
  0.484375000      0.828125000      0.100866437       7.48216882E-02  -1.06725972E-02
  0.515625000      0.828125000      0.110148765       6.73574209E-02  -1.26701836E-02
  0.546875000      0.828125000      0.117503524       5.84557429E-02  -1.45221278E-02
  0.578125000      0.828125000      0.122503534       4.83681113E-02  -1.60860531E-02
  0.609375000      0.828125000      0.124814093       3.74551751E-02  -1.72329862E-02
  0.640625000      0.828125000      0.124227010       2.61116158E-02  -1.78655889E-02
  0.671875000      0.828125000      0.120661482       1.46280630E-02  -1.79316346E-02
  0.703125000      0.828125000      0.114009842       2.86020874E-03  -1.74275711E-02
  0.734375000      0.828125000      0.104377039      -9.79508925E-03  -1.64380763E-02
  0.765625000      0.828125000       9.20803845E-02  -2.38097757E-02  -1.49627980E-02
  0.796875000      0.828125000       7.73416460E-02  -4.15339768E-02  -1.29722999E-02
  0.828125000      0.828125000       6.03971295E-02  -6.85691610E-02  -1.03619276E-02
  0.859375000      0.828125000       4.12137657E-02 -0.115601614      -6.82005845E-03
  0.890625000      0.828125000       1.79291293E-02 -0.198309571      -1.74806267E-03
  0.921875000      0.828125000      -9.42491181E-03 -0.323043108       6.12002704E-03
  0.953125000      0.828125000      -2.70952322E-02 -0.449262321       1.71123631E-02
  0.984375000      0.828125000      -1.52518693E-02 -0.428601295       2.38030888E-02
   1.56250000E-02  0.859375000      -5.18884510E-03   4.35262695E-02  -3.99688864E-03
   4.68750000E-02  0.859375000      -1.47139942E-02   8.25281590E-02  -3.90069326E-03
   7.81250000E-02  0.859375000      -2.03891713E-02   9.64353681E-02  -3.20240576E-03
  0.109375000      0.859375000      -2.05591507E-02   9.92368981E-02  -2.26837816E-03
  0.140625000      0.859375000      -1.65328085E-02   9.74218696E-02  -1.39278523E-03
  0.171875000      0.859375000      -9.72394180E-03   9.39716995E-02  -7.32766115E-04
  0.203125000      0.859375000      -9.74340830E-04   9.00962651E-02  -3.48548812E-04
  0.234375000      0.859375000       9.24066082E-03   8.65164921E-02  -1.90329883E-04
  0.265625000      0.859375000       2.05153190E-02   8.37022886E-02  -3.29369563E-04
  0.296875000      0.859375000       3.25905234E-02   8.14732164E-02  -7.77459005E-04
  0.328125000      0.859375000       4.53018621E-02   7.95673057E-02  -1.53697073E-03
  0.359375000      0.859375000       5.84563762E-02   7.76719749E-02  -2.60639982E-03
  0.390625000      0.859375000       7.17976093E-02   7.54605383E-02  -3.97238135E-03
  0.421875000      0.859375000       8.49965066E-02   7.26289302E-02  -5.60165849E-03
  0.453125000      0.859375000       9.76588801E-02   6.89316019E-02  -7.43493997E-03
  0.484375000      0.859375000      0.109345429       6.42122626E-02  -9.38432384E-03
  0.515625000      0.859375000      0.119600549       5.84250726E-02  -1.13358451E-02
  0.546875000      0.859375000      0.127987176       5.16416728E-02  -1.31575093E-02
  0.578125000      0.859375000      0.134124070       4.40401584E-02  -1.47122908E-02
  0.609375000      0.859375000      0.137720793       3.58710885E-02  -1.58738159E-02
  0.640625000      0.859375000      0.138602868       2.73962952E-02  -1.65416449E-02
  0.671875000      0.859375000      0.136714518       1.87927634E-02  -1.66519471E-02
  0.703125000      0.859375000      0.132067412       9.98914056E-03  -1.61798466E-02
  0.734375000      0.859375000      0.124495223       2.72725476E-04  -1.51298810E-02
  0.765625000      0.859375000      0.114244446      -1.13409152E-02  -1.35833267E-02
  0.796875000      0.859375000      0.101653770      -2.66857110E-02  -1.13357417E-02
  0.828125000      0.859375000       8.66951495E-02  -5.15302308E-02  -8.06653686E-03
  0.859375000      0.859375000       6.91322386E-02  -9.59137529E-02  -3.12184542E-03
  0.890625000      0.859375000       4.75017577E-02 -0.173102289       4.62909136E-03
  0.921875000      0.859375000       1.92963034E-02 -0.292708844       1.63157359E-02
  0.953125000      0.859375000      -8.18278361E-03 -0.434465140       3.20437364E-02
  0.984375000      0.859375000      -9.79045592E-03 -0.453649402       4.36278731E-02
   1.56250000E-02  0.890625000      -9.13324859E-03   5.78433983E-02  -5.52347302E-03
   4.68750000E-02  0.890625000      -2.38881148E-02   9.24798250E-02  -5.13149844E-03
   7.81250000E-02  0.890625000      -3.03027928E-02   9.85620245E-02  -3.85453366E-03
  0.109375000      0.890625000      -2.85936706E-02   9.55622643E-02  -2.38660513E-03
  0.140625000      0.890625000      -2.17102841E-02   9.01812762E-02  -1.12880557E-03
  0.171875000      0.890625000      -1.19463820E-02   8.46374780E-02  -2.25228621E-04
  0.203125000      0.890625000      -3.68312234E-04   7.90989473E-02   3.27330607E-04
  0.234375000      0.890625000       1.23631107E-02   7.45670199E-02   6.02937769E-04
  0.265625000      0.890625000       2.57131755E-02   7.10317716E-02   5.44941577E-04
  0.296875000      0.890625000       3.95772383E-02   6.82071596E-02   1.58081122E-04
  0.328125000      0.890625000       5.38587719E-02   6.58429191E-02  -5.52920392E-04
  0.359375000      0.890625000       6.84189647E-02   6.36831746E-02  -1.58190145E-03
  0.390625000      0.890625000       8.30527991E-02   6.14742935E-02  -2.91260472E-03
  0.421875000      0.890625000       9.74835157E-02   5.89836910E-02  -4.51038685E-03
  0.453125000      0.890625000      0.111372113       5.60219362E-02  -6.31613238E-03
  0.484375000      0.890625000      0.124338478       5.24632633E-02  -8.24371353E-03
  0.515625000      0.890625000      0.135990530       4.82597873E-02  -1.01824561E-02
  0.546875000      0.890625000      0.145957768       4.34452966E-02  -1.20044602E-02
  0.578125000      0.890625000      0.153924361       3.81252319E-02  -1.35763036E-02
  0.609375000      0.890625000      0.159656540       3.24497260E-02  -1.47725940E-02
  0.640625000      0.890625000      0.163017809       2.65674479E-02  -1.54884718E-02
  0.671875000      0.890625000      0.163965240       2.05558203E-02  -1.56468675E-02
  0.703125000      0.890625000      0.162519366       1.43118743E-02  -1.51971271E-02
  0.734375000      0.890625000      0.158687502       7.34597445E-03  -1.41009139E-02
  0.765625000      0.890625000      0.152238876      -1.72637915E-03  -1.23114605E-02
  0.796875000      0.890625000      0.143205166      -1.46905482E-02  -9.76083614E-03
  0.828125000      0.890625000      0.131699950      -3.70778255E-02  -5.52718574E-03
  0.859375000      0.890625000      0.116659552      -7.77819008E-02   1.55907823E-03
  0.890625000      0.890625000       9.51898545E-02 -0.148153812       1.34383254E-02
  0.921875000      0.890625000       6.35666251E-02 -0.257845432       3.20178941E-02
  0.953125000      0.890625000       2.35328190E-02 -0.401830852       5.63145541E-02
  0.984375000      0.890625000       1.14423409E-03 -0.462300926       7.63453394E-02
   1.56250000E-02  0.921875000      -1.46244187E-02   8.15972537E-02  -8.75628274E-03
   4.68750000E-02  0.921875000      -3.36629003E-02  0.102509610      -7.14312028E-03
   7.81250000E-02  0.921875000      -3.57121602E-02   9.69858393E-02  -4.66359826E-03
  0.109375000      0.921875000      -2.74198428E-02   8.71300772E-02  -2.36524339E-03
  0.140625000      0.921875000      -1.39282737E-02   7.82343447E-02  -6.52227493E-04
  0.171875000      0.921875000       1.90252764E-03   7.09885955E-02   4.42263641E-04
  0.203125000      0.921875000       1.84137318E-02   6.46578670E-02   1.16362784E-03
  0.234375000      0.921875000       3.49269696E-02   5.97654730E-02   1.49933691E-03
  0.265625000      0.921875000       5.14993891E-02   5.59161007E-02   1.47928065E-03
  0.296875000      0.921875000       6.81425259E-02   5.28193414E-02   1.11777440E-03
  0.328125000      0.921875000       8.48433003E-02   5.02512753E-02   4.23545775E-04
  0.359375000      0.921875000      0.101546213       4.80130166E-02  -5.94213023E-04
  0.390625000      0.921875000      0.118135042       4.59209532E-02  -1.91726559E-03
  0.421875000      0.921875000      0.134427771       4.38102148E-02  -3.50996503E-03
  0.453125000      0.921875000      0.150184453       4.15441841E-02  -5.31318132E-03
  0.484375000      0.921875000      0.165125415       3.90254706E-02  -7.24200904E-03
  0.515625000      0.921875000      0.178956762       3.62042934E-02  -9.18808021E-03
  0.546875000      0.921875000      0.191398948       3.30806002E-02  -1.10264551E-02
  0.578125000      0.921875000      0.202213705       2.96976641E-02  -1.26263043E-02
  0.609375000      0.921875000      0.211223781       2.61245668E-02  -1.38626117E-02
  0.640625000      0.921875000      0.218319580       2.24257149E-02  -1.46259936E-02
  0.671875000      0.921875000      0.223447442       1.86128244E-02  -1.48260146E-02
  0.703125000      0.921875000      0.226573691       1.45649631E-02  -1.43833831E-02
  0.734375000      0.921875000      0.227612138       9.87706985E-03  -1.32033443E-02
  0.765625000      0.921875000      0.226282254       3.51003138E-03  -1.11124571E-02
  0.796875000      0.921875000      0.222544551      -7.17203040E-03  -7.96672981E-03
  0.828125000      0.921875000      0.215834841      -2.63998471E-02  -2.19257688E-03
  0.859375000      0.921875000      0.203403726      -6.10056706E-02   8.13882612E-03
  0.890625000      0.921875000      0.179964617     -0.120037474       2.61185318E-02
  0.921875000      0.921875000      0.138969541     -0.213357210       5.50450459E-02
  0.953125000      0.921875000       7.81488717E-02 -0.345476121       9.46045145E-02
  0.984375000      0.921875000       2.15165559E-02 -0.439643860      0.130488202    
   1.56250000E-02  0.953125000      -1.47693213E-02  0.110988557      -1.66172385E-02
   4.68750000E-02  0.953125000      -2.20883153E-02   9.94677991E-02  -9.84671153E-03
   7.81250000E-02  0.953125000      -1.14658102E-03   8.11265260E-02  -5.08574303E-03
  0.109375000      0.953125000       2.64025666E-02   6.71429932E-02  -1.77050638E-03
  0.140625000      0.953125000       5.39558120E-02   5.71741350E-02   3.11578537E-04
  0.171875000      0.953125000       8.02436769E-02   4.99302298E-02   1.59158080E-03
  0.203125000      0.953125000      0.105091885       4.43593785E-02   2.32164119E-03
  0.234375000      0.953125000      0.128597140       4.00502235E-02   2.63084099E-03
  0.265625000      0.953125000      0.151010185       3.66518721E-02   2.57547759E-03
  0.296875000      0.953125000      0.172542810       3.39137167E-02   2.17915210E-03
  0.328125000      0.953125000      0.193348318       3.16557661E-02   1.45310641E-03
  0.359375000      0.953125000      0.213520840       2.97367666E-02   4.07487620E-04
  0.390625000      0.953125000      0.233093172       2.80375518E-02  -9.39137535E-04
  0.421875000      0.953125000      0.252036899       2.64559388E-02  -2.55125435E-03
  0.453125000      0.953125000      0.270268053       2.49065273E-02  -4.37047239E-03
  0.484375000      0.953125000      0.287659109       2.33243257E-02  -6.31351350E-03
  0.515625000      0.953125000      0.304056048       2.16681659E-02  -8.27454403E-03
  0.546875000      0.953125000      0.319298834       1.99213382E-02  -1.01316283E-02
  0.578125000      0.953125000      0.333240926       1.80889443E-02  -1.17566865E-02
  0.609375000      0.953125000      0.345763594       1.61893107E-02  -1.30254813E-02
  0.640625000      0.953125000      0.356779873       1.42378295E-02  -1.38248717E-02
  0.671875000      0.953125000      0.366222322       1.22194495E-02  -1.40518881E-02
  0.703125000      0.953125000      0.374009401       1.00338412E-02  -1.35971773E-02
  0.734375000      0.953125000      0.380001009       7.36609753E-03  -1.23021640E-02
  0.765625000      0.953125000      0.384020925       3.31727322E-03  -9.88044217E-03
  0.796875000      0.953125000      0.385248959      -4.48507722E-03  -5.41560724E-03
  0.828125000      0.953125000      0.381278038      -1.84221063E-02   2.75138137E-03
  0.859375000      0.953125000      0.367414713      -4.27036434E-02   1.75281838E-02
  0.890625000      0.953125000      0.336020648      -8.35183710E-02   4.34002168E-02
  0.921875000      0.953125000      0.276700318     -0.149569973       8.58385414E-02
  0.953125000      0.953125000      0.179732814     -0.251483172      0.147809669    
  0.984375000      0.953125000       6.04257248E-02 -0.357704222      0.215245500    
   1.56250000E-02  0.984375000       6.28772601E-02   6.28784224E-02  -3.39844637E-02
   4.68750000E-02  0.984375000      0.171758160       4.60073091E-02  -8.89548939E-03
   7.81250000E-02  0.984375000      0.251576453       3.38169262E-02  -1.39671064E-03
  0.109375000      0.984375000      0.311932445       2.65421309E-02   1.65245007E-03
  0.140625000      0.984375000      0.360313177       2.18394250E-02   3.19239683E-03
  0.171875000      0.984375000      0.400722086       1.85692199E-02   4.01808741E-03
  0.203125000      0.984375000      0.435444415       1.61522329E-02   4.39462531E-03
  0.234375000      0.984375000      0.465899527       1.43012069E-02   4.43193922E-03
  0.265625000      0.984375000      0.493048340       1.28450058E-02   4.16689739E-03
  0.296875000      0.984375000      0.517569840       1.16732549E-02   3.60735226E-03
  0.328125000      0.984375000      0.539957166       1.07104173E-02   2.75296019E-03
  0.359375000      0.984375000      0.560572445       9.90099646E-03   1.60582573E-03
  0.390625000      0.984375000      0.579678178       9.20093525E-03   1.79399183E-04
  0.421875000      0.984375000      0.597456872       8.57423898E-03  -1.49512303E-03
  0.453125000      0.984375000      0.614024758       7.99099356E-03  -3.36289802E-03
  0.484375000      0.984375000      0.629445493       7.42778322E-03  -5.34438668E-03
  0.515625000      0.984375000      0.643742561       6.86824601E-03  -7.33798789E-03
  0.546875000      0.984375000      0.656913936       6.30292343E-03  -9.22568329E-03
  0.578125000      0.984375000      0.668945193       5.72870672E-03  -1.08827893E-02
  0.609375000      0.984375000      0.679819405       5.14647644E-03  -1.21867061E-02
  0.640625000      0.984375000      0.689520717       4.55626287E-03  -1.30217001E-02
  0.671875000      0.984375000      0.698023438       3.94840306E-03  -1.32743223E-02
  0.703125000      0.984375000      0.705251098       3.28183104E-03  -1.28042456E-02
  0.734375000      0.984375000      0.710948706       2.41921027E-03  -1.13548227E-02
  0.765625000      0.984375000      0.714272976       9.08224843E-04  -8.26658681E-03
  0.796875000      0.984375000      0.713067770      -2.10977066E-03  -2.10258644E-03
  0.828125000      0.984375000      0.703591824      -7.36114755E-03   8.62148590E-03
  0.859375000      0.984375000      0.679951906      -1.62733458E-02   2.76436731E-02
  0.890625000      0.984375000      0.632530332      -3.11431661E-02   6.05373755E-02
  0.921875000      0.984375000      0.545639753      -5.57426661E-02  0.114702120    
  0.953125000      0.984375000      0.393590093      -9.63018537E-02  0.197547883    
  0.984375000      0.984375000      0.148642749     -0.148639947      0.309339106    
