 VARIABLES="X","Y","U","V","P"
 ZONE F=POINT, I=          32 , J=          32
   1.56250000E-02   1.56250000E-02   4.00958583E-04  -4.02739708E-04   1.57357417E-02
   4.68750000E-02   1.56250000E-02   1.30062341E-03  -5.01100207E-04   1.56967044E-02
   7.81250000E-02   1.56250000E-02   2.05138396E-03  -2.54402548E-04   1.55593539E-02
  0.109375000       1.56250000E-02   2.21939618E-03   8.17644832E-05   1.53467143E-02
  0.140625000       1.56250000E-02   1.71664124E-03   4.16527531E-04   1.50776170E-02
  0.171875000       1.56250000E-02   5.63843118E-04   7.32004992E-04   1.47642968E-02
  0.203125000       1.56250000E-02  -1.21314183E-03   1.04094611E-03   1.44124757E-02
  0.234375000       1.56250000E-02  -3.61222215E-03   1.35436386E-03   1.40294470E-02
  0.265625000       1.56250000E-02  -6.64208829E-03   1.67201902E-03   1.36294458E-02
  0.296875000       1.56250000E-02  -1.02962907E-02   1.97900808E-03   1.32336766E-02
  0.328125000       1.56250000E-02  -1.45295728E-02   2.25141481E-03   1.28713837E-02
  0.359375000       1.56250000E-02  -1.92440413E-02   2.46049208E-03   1.25788413E-02
  0.390625000       1.56250000E-02  -2.42832135E-02   2.57637771E-03   1.23972446E-02
  0.421875000       1.56250000E-02  -2.94332430E-02   2.57154997E-03   1.23696374E-02
  0.453125000       1.56250000E-02  -3.44304852E-02   2.42371135E-03   1.25370137E-02
  0.484375000       1.56250000E-02  -3.89738679E-02   2.11771484E-03   1.29337339E-02
  0.515625000       1.56250000E-02  -4.27401848E-02   1.64654548E-03   1.35823563E-02
  0.546875000       1.56250000E-02  -4.54012230E-02   1.01222203E-03   1.44879911E-02
  0.578125000       1.56250000E-02  -4.66452278E-02   2.29193218E-04   1.56321339E-02
  0.609375000       1.56250000E-02  -4.62207049E-02  -6.56726304E-04   1.69414505E-02
  0.640625000       1.56250000E-02  -4.38607223E-02  -1.70675595E-03   1.82858817E-02
  0.671875000       1.56250000E-02  -3.93598005E-02  -2.79815891E-03   1.95500739E-02
  0.703125000       1.56250000E-02  -3.27837095E-02  -3.78236594E-03   2.05968190E-02
  0.734375000       1.56250000E-02  -2.45131887E-02  -4.49293200E-03   2.12947503E-02
  0.765625000       1.56250000E-02  -1.52770076E-02  -4.74822195E-03   2.15536430E-02
  0.796875000       1.56250000E-02  -6.16196729E-03  -4.37180139E-03   2.13626139E-02
  0.828125000       1.56250000E-02   1.44573674E-03  -3.24073061E-03   2.08241735E-02
  0.859375000       1.56250000E-02   6.18034927E-03  -1.49845902E-03   2.01224424E-02
  0.890625000       1.56250000E-02   7.51817878E-03   1.56317794E-04   1.94552820E-02
  0.921875000       1.56250000E-02   6.13192469E-03   1.22583378E-03   1.89746246E-02
  0.953125000       1.56250000E-02   3.34488484E-03   1.55722641E-03   1.87295061E-02
  0.984375000       1.56250000E-02   8.92843760E-04   8.91607138E-04   1.87108107E-02
   1.56250000E-02   4.68750000E-02   4.98247915E-04  -1.30614429E-03   1.57734714E-02
   4.68750000E-02   4.68750000E-02   1.32191752E-03  -1.33064785E-03   1.57292262E-02
   7.81250000E-02   4.68750000E-02   1.31518126E-03  -1.79619034E-04   1.56017626E-02
  0.109375000       4.68750000E-02  -1.77837152E-04   1.32150506E-03   1.54144093E-02
  0.140625000       4.68750000E-02  -3.32191563E-03   2.81348825E-03   1.51771083E-02
  0.171875000       4.68750000E-02  -8.06713663E-03   4.22335416E-03   1.48959085E-02
  0.203125000       4.68750000E-02  -1.43155530E-02   5.56580164E-03   1.45731587E-02
  0.234375000       4.68750000E-02  -2.19385829E-02   6.84301462E-03   1.42137315E-02
  0.265625000       4.68750000E-02  -3.07527035E-02   8.01940542E-03   1.38287013E-02
  0.296875000       4.68750000E-02  -4.04996648E-02   9.02554486E-03   1.34369181E-02
  0.328125000       4.68750000E-02  -5.08455709E-02   9.77755152E-03   1.30657759E-02
  0.359375000       4.68750000E-02  -6.13936111E-02   1.01910578E-02   1.27506647E-02
  0.390625000       4.68750000E-02  -7.17043281E-02   1.01905055E-02   1.25331134E-02
  0.421875000       4.68750000E-02  -8.13171118E-02   9.71554406E-03   1.24577349E-02
  0.453125000       4.68750000E-02  -8.97698775E-02   8.72533396E-03   1.25681423E-02
  0.484375000       4.68750000E-02  -9.66156498E-02   7.20093632E-03   1.29020605E-02
  0.515625000       4.68750000E-02 -0.101436526       5.14602475E-03   1.34859476E-02
  0.546875000       4.68750000E-02 -0.103855282       2.58759921E-03   1.43295322E-02
  0.578125000       4.68750000E-02 -0.103543401      -4.19716729E-04   1.54213496E-02
  0.609375000       4.68750000E-02 -0.100156486      -3.82582331E-03   1.66426264E-02
  0.640625000       4.68750000E-02  -9.35251564E-02  -7.53661618E-03   1.79229490E-02
  0.671875000       4.68750000E-02  -8.37861151E-02  -1.12170028E-02   1.91374309E-02
  0.703125000       4.68750000E-02  -7.12728053E-02  -1.44626517E-02   2.01492645E-02
  0.734375000       4.68750000E-02  -5.65602779E-02  -1.68062076E-02   2.08307672E-02
  0.765625000       4.68750000E-02  -4.05211672E-02  -1.77212059E-02   2.10964698E-02
  0.796875000       4.68750000E-02  -2.43777595E-02  -1.66683011E-02   2.09402554E-02
  0.828125000       4.68750000E-02  -9.70965065E-03  -1.32307634E-02   2.04603635E-02
  0.859375000       4.68750000E-02   1.58830639E-03  -7.55117973E-03   1.98495984E-02
  0.890625000       4.68750000E-02   7.63501134E-03  -1.18511915E-03   1.92854926E-02
  0.921875000       4.68750000E-02   8.18968192E-03   3.38967424E-03   1.88882425E-02
  0.953125000       4.68750000E-02   5.18259779E-03   5.17858472E-03   1.86891630E-02
  0.984375000       4.68750000E-02   1.55800651E-03   3.33949411E-03   1.86834410E-02
   1.56250000E-02   7.81250000E-02   1.07409644E-04  -1.91668049E-03   1.59185622E-02
   4.68750000E-02   7.81250000E-02  -4.30154178E-04  -1.01719680E-03   1.58458948E-02
   7.81250000E-02   7.81250000E-02  -2.80793710E-03   1.87936542E-03   1.57118365E-02
  0.109375000       7.81250000E-02  -7.37966690E-03   5.31546958E-03   1.55316088E-02
  0.140625000       7.81250000E-02  -1.40987635E-02   8.67127534E-03   1.53086912E-02
  0.171875000       7.81250000E-02  -2.27888990E-02   1.17899617E-02   1.50392493E-02
  0.203125000       7.81250000E-02  -3.31901908E-02   1.46385059E-02   1.47188473E-02
  0.234375000       7.81250000E-02  -4.49694730E-02   1.71628967E-02   1.43476576E-02
  0.265625000       7.81250000E-02  -5.77258840E-02   1.92610957E-02   1.39338262E-02
  0.296875000       7.81250000E-02  -7.10059851E-02   2.08028033E-02   1.34951845E-02
  0.328125000       7.81250000E-02  -8.43244940E-02   2.16574781E-02   1.30597893E-02
  0.359375000       7.81250000E-02  -9.71847624E-02   2.17130836E-02   1.26653248E-02
  0.390625000       7.81250000E-02 -0.109097026       2.08858773E-02   1.23570571E-02
  0.421875000       7.81250000E-02 -0.119593777       1.91247836E-02   1.21844802E-02
  0.453125000       7.81250000E-02 -0.128242016       1.64126046E-02   1.21967560E-02
  0.484375000       7.81250000E-02 -0.134652376       1.27654560E-02   1.24372412E-02
  0.515625000       7.81250000E-02 -0.138485074       8.23062006E-03   1.29376585E-02
  0.546875000       7.81250000E-02 -0.139452159       2.88397376E-03   1.37124341E-02
  0.578125000       7.81250000E-02 -0.137313277      -3.17249564E-03   1.47267599E-02
  0.609375000       7.81250000E-02 -0.131937951      -9.84187610E-03   1.58998780E-02
  0.640625000       7.81250000E-02 -0.123371899      -1.67256575E-02   1.71602946E-02
  0.671875000       7.81250000E-02 -0.111798540      -2.33492944E-02   1.83828399E-02
  0.703125000       7.81250000E-02  -9.75192487E-02  -2.91330032E-02   1.94294807E-02
  0.734375000       7.81250000E-02  -8.10001865E-02  -3.33783999E-02   2.01699790E-02
  0.765625000       7.81250000E-02  -6.29322082E-02  -3.52676325E-02   2.05130465E-02
  0.796875000       7.81250000E-02  -4.42946702E-02  -3.39144915E-02   2.04421878E-02
  0.828125000       7.81250000E-02  -2.64122523E-02  -2.85465363E-02   2.00418644E-02
  0.859375000       7.81250000E-02  -1.09701902E-02  -1.89863797E-02   1.94893219E-02
  0.890625000       7.81250000E-02   3.19259707E-05  -6.80915033E-03   1.89743359E-02
  0.921875000       7.81250000E-02   4.75499127E-03   3.72598297E-03   1.86055917E-02
  0.953125000       7.81250000E-02   4.02000733E-03   8.57459009E-03   1.84339527E-02
  0.984375000       7.81250000E-02   1.34287251E-03   6.23696484E-03   1.84277166E-02
   1.56250000E-02  0.109375000      -6.28648151E-04  -1.40045851E-03   1.61510222E-02
   4.68750000E-02  0.109375000      -3.38031538E-03   1.74455624E-03   1.60284974E-02
   7.81250000E-02  0.109375000      -8.95163789E-03   7.05438247E-03   1.58715080E-02
  0.109375000      0.109375000      -1.69877894E-02   1.27363121E-02   1.56784616E-02
  0.140625000      0.109375000      -2.71408707E-02   1.81109942E-02   1.54403374E-02
  0.171875000      0.109375000      -3.90743464E-02   2.29627453E-02   1.51442420E-02
  0.203125000      0.109375000      -5.24082445E-02   2.71904245E-02   1.47794057E-02
  0.234375000      0.109375000      -6.67043999E-02   3.06766741E-02   1.43423397E-02
  0.265625000      0.109375000      -8.14834610E-02   3.32739390E-02   1.38401464E-02
  0.296875000      0.109375000      -9.62502807E-02   3.48290130E-02   1.32921729E-02
  0.328125000      0.109375000     -0.110515937       3.52085978E-02   1.27302296E-02
  0.359375000      0.109375000     -0.123814188       3.43146697E-02   1.21974275E-02
  0.390625000      0.109375000     -0.135713622       3.20911109E-02   1.17454873E-02
  0.421875000      0.109375000     -0.145826519       2.85250805E-02   1.14306267E-02
  0.453125000      0.109375000     -0.153814852       2.36453228E-02   1.13083031E-02
  0.484375000      0.109375000     -0.159393698       1.75186787E-02   1.14270141E-02
  0.515625000      0.109375000     -0.162332177       1.02452543E-02   1.18219908E-02
  0.546875000      0.109375000     -0.162451386       1.95198250E-03   1.25089781E-02
  0.578125000      0.109375000     -0.159618348      -7.21676322E-03   1.34412944E-02
  0.609375000      0.109375000     -0.153805405      -1.69911049E-02   1.45860864E-02
  0.640625000      0.109375000     -0.145065874      -2.68883035E-02   1.58547964E-02
  0.671875000      0.109375000     -0.133484602      -3.63488123E-02   1.71280168E-02
  0.703125000      0.109375000     -0.119232967      -4.46730964E-02   1.82691757E-02
  0.734375000      0.109375000     -0.102608137      -5.09918705E-02   1.91445388E-02
  0.765625000      0.109375000      -8.40852857E-02  -5.42553738E-02   1.96517538E-02
  0.796875000      0.109375000      -6.43828362E-02  -5.32774255E-02   1.97532289E-02
  0.828125000      0.109375000      -4.45419550E-02  -4.69175540E-02   1.95031594E-02
  0.859375000      0.109375000      -2.60258876E-02  -3.45838591E-02   1.90474018E-02
  0.890625000      0.109375000      -1.08409682E-02  -1.74086746E-02   1.85726918E-02
  0.921875000      0.109375000      -1.28406135E-03   3.59010883E-05   1.82179771E-02
  0.953125000      0.109375000       1.73251831E-03   9.97364335E-03   1.80140994E-02
  0.984375000      0.109375000       8.31522746E-04   8.40806961E-03   1.79726258E-02
   1.56250000E-02  0.140625000      -1.56047591E-03   7.83442287E-04   1.64190121E-02
   4.68750000E-02  0.140625000      -6.80278894E-03   7.54296454E-03   1.62379257E-02
   7.81250000E-02  0.140625000      -1.55401193E-02   1.55519005E-02   1.60441026E-02
  0.109375000      0.140625000      -2.66334787E-02   2.33559720E-02   1.58112645E-02
  0.140625000      0.140625000      -3.94680649E-02   3.04671824E-02   1.55178988E-02
  0.171875000      0.140625000      -5.36250323E-02   3.66858169E-02   1.51446862E-02
  0.203125000      0.140625000      -6.86969385E-02   4.18627523E-02   1.46777583E-02
  0.234375000      0.140625000      -8.42443109E-02   4.58384082E-02   1.41131971E-02
  0.265625000      0.140625000      -9.98100787E-02   4.84486744E-02   1.34602394E-02
  0.296875000      0.140625000     -0.114943922       4.95477580E-02   1.27426963E-02
  0.328125000      0.140625000     -0.129221231       4.90268767E-02   1.19985789E-02
  0.359375000      0.140625000     -0.142255440       4.68241274E-02   1.12781385E-02
  0.390625000      0.140625000     -0.153705060       4.29271013E-02   1.06402962E-02
  0.421875000      0.140625000     -0.163276985       3.73711959E-02   1.01477709E-02
  0.453125000      0.140625000     -0.170726642       3.02351564E-02   9.86114144E-03
  0.484375000      0.140625000     -0.175855890       2.16353163E-02   9.83232260E-03
  0.515625000      0.140625000     -0.178509533       1.17191691E-02   1.00976955E-02
  0.546875000      0.140625000     -0.178572118       6.58006349E-04   1.06713567E-02
  0.578125000      0.140625000     -0.175969049      -1.13613475E-02   1.15264226E-02
  0.609375000      0.140625000     -0.170654505      -2.39772983E-02   1.26414672E-02
  0.640625000      0.140625000     -0.162596524      -3.67039926E-02   1.39331566E-02
  0.671875000      0.140625000     -0.151789695      -4.89268154E-02   1.52889052E-02
  0.703125000      0.140625000     -0.138281733      -5.98615333E-02   1.65759828E-02
  0.734375000      0.140625000     -0.122205913      -6.85120150E-02   1.76577102E-02
  0.765625000      0.140625000     -0.103829131      -7.36437067E-02   1.84177067E-02
  0.796875000      0.140625000      -8.36212784E-02  -7.38088191E-02   1.87896155E-02
  0.828125000      0.140625000      -6.23568110E-02  -6.75011799E-02   1.87845062E-02
  0.859375000      0.140625000      -4.12685461E-02  -5.36142178E-02   1.85008291E-02
  0.890625000      0.140625000      -2.22718474E-02  -3.25693861E-02   1.80979092E-02
  0.921875000      0.140625000      -8.06025229E-03  -8.58110376E-03   1.77245103E-02
  0.953125000      0.140625000      -9.75831528E-04   8.48062523E-03   1.74636878E-02
  0.984375000      0.140625000       2.91095115E-04   9.52755660E-03   1.73592214E-02
   1.56250000E-02  0.171875000      -2.46440968E-03   4.80288453E-03   1.66445896E-02
   4.68750000E-02  0.171875000      -9.96174384E-03   1.62510350E-02   1.64043922E-02
   7.81250000E-02  0.171875000      -2.13155597E-02   2.69218180E-02   1.61602795E-02
  0.109375000      0.171875000      -3.47140022E-02   3.64652313E-02   1.58587620E-02
  0.140625000      0.171875000      -4.93780822E-02   4.48446572E-02   1.54686123E-02
  0.171875000      0.171875000      -6.48721755E-02   5.19483238E-02   1.49682378E-02
  0.203125000      0.171875000      -8.08171853E-02   5.76071143E-02   1.43448599E-02
  0.234375000      0.171875000      -9.68247652E-02   6.16401583E-02   1.35978106E-02
  0.265625000      0.171875000     -0.112504922       6.38853759E-02   1.27414335E-02
  0.296875000      0.171875000     -0.127485633       6.42195791E-02   1.18060056E-02
  0.328125000      0.171875000     -0.141427577       6.25697374E-02   1.08368127E-02
  0.359375000      0.171875000     -0.154031843       5.89166172E-02   9.89130791E-03
  0.390625000      0.171875000     -0.165042430       5.32929525E-02   9.03493725E-03
  0.421875000      0.171875000     -0.174244270       4.57783267E-02   8.33566301E-03
  0.453125000      0.171875000     -0.181459039       3.64924371E-02   7.85785355E-03
  0.484375000      0.171875000     -0.186539561       2.55882703E-02   7.65561359E-03
  0.515625000      0.171875000     -0.189365119       1.32460436E-02   7.76603073E-03
  0.546875000      0.171875000     -0.189839661      -3.31337564E-04   8.20259284E-03
  0.578125000      0.171875000     -0.187894136      -1.49207115E-02   8.96621868E-03
  0.609375000      0.171875000     -0.183458149      -3.01694162E-02   1.00438474E-02
  0.640625000      0.171875000     -0.176446542      -4.55834828E-02   1.13628078E-02
  0.671875000      0.171875000     -0.166779906      -6.05240464E-02   1.28206527E-02
  0.703125000      0.171875000     -0.154395342      -7.41614178E-02   1.42913405E-02
  0.734375000      0.171875000     -0.139270902      -8.54182243E-02   1.56369731E-02
  0.765625000      0.171875000     -0.121470794      -9.29213688E-02   1.67264268E-02
  0.796875000      0.171875000     -0.101220727      -9.49969143E-02   1.74602009E-02
  0.828125000      0.171875000      -7.90292025E-02  -8.97774994E-02   1.77971311E-02
  0.859375000      0.171875000      -5.58838248E-02  -7.55802840E-02   1.77736878E-02
  0.890625000      0.171875000      -3.35653573E-02  -5.19272760E-02   1.75022539E-02
  0.921875000      0.171875000      -1.50180031E-02  -2.19908655E-02   1.71337128E-02
  0.953125000      0.171875000      -3.76498094E-03   3.54440068E-03   1.67935416E-02
  0.984375000      0.171875000      -1.95502755E-04   9.62020550E-03   1.66010819E-02
   1.56250000E-02  0.203125000      -3.18101910E-03   1.04426825E-02   1.67294201E-02
   4.68750000E-02  0.203125000      -1.23795867E-02   2.72946134E-02   1.64373033E-02
   7.81250000E-02  0.203125000      -2.55792663E-02   4.04182523E-02   1.61323454E-02
  0.109375000      0.203125000      -4.04877141E-02   5.12629151E-02   1.57379583E-02
  0.140625000      0.203125000      -5.62295914E-02   6.04410879E-02   1.52175799E-02
  0.171875000      0.203125000      -7.23800287E-02   6.79857135E-02   1.45512391E-02
  0.203125000      0.203125000      -8.86081830E-02   7.37335235E-02   1.37306526E-02
  0.234375000      0.203125000     -0.104593322       7.74986148E-02   1.27612017E-02
  0.265625000      0.203125000     -0.120023593       7.91311562E-02   1.16641819E-02
  0.296875000      0.203125000     -0.134609222       7.85356909E-02   1.04772653E-02
  0.328125000      0.203125000     -0.148092061       7.56756291E-02   9.25293006E-03
  0.359375000      0.203125000     -0.160248905       7.05706924E-02   8.05515423E-03
  0.390625000      0.203125000     -0.170889929       6.32907823E-02   6.95480267E-03
  0.421875000      0.203125000     -0.179854125       5.39480112E-02   6.02405798E-03
  0.453125000      0.203125000     -0.187003329       4.26890701E-02   5.33037819E-03
  0.484375000      0.203125000     -0.192217380       2.96890978E-02   4.93006408E-03
  0.515625000      0.203125000     -0.195391744       1.51482504E-02   4.86186147E-03
  0.546875000      0.203125000     -0.196439281      -7.08528562E-04   5.14070829E-03
  0.578125000      0.203125000     -0.195296109      -1.76297575E-02   5.79227600E-03
  0.609375000      0.203125000     -0.191889405      -3.53014283E-02   6.81810407E-03
  0.640625000      0.203125000     -0.186110809      -5.32410890E-02   8.15779250E-03
  0.671875000      0.203125000     -0.177824497      -7.08200932E-02   9.72161442E-03
  0.703125000      0.203125000     -0.166869089      -8.72074068E-02   1.13933571E-02
  0.734375000      0.203125000     -0.153075621     -0.101293623       1.30370408E-02
  0.765625000      0.203125000     -0.136310875     -0.111615635       1.45089412E-02
  0.796875000      0.203125000     -0.116558120     -0.116311505       1.56762451E-02
  0.828125000      0.203125000      -9.40537825E-02 -0.113165736       1.64413396E-02
  0.859375000      0.203125000      -6.95148185E-02  -9.98839885E-02   1.67682618E-02
  0.890625000      0.203125000      -4.45157588E-02  -7.49490708E-02   1.67044383E-02
  0.921875000      0.203125000      -2.20522694E-02  -3.99879888E-02   1.63830202E-02
  0.953125000      0.203125000      -6.60892064E-03  -5.16281836E-03   1.59799680E-02
  0.984375000      0.203125000      -6.39809121E-04   8.78216792E-03   1.56770144E-02
   1.56250000E-02  0.234375000      -3.62145877E-03   1.72394440E-02   1.65830925E-02
   4.68750000E-02  0.234375000      -1.38408737E-02   3.99031490E-02   1.62499472E-02
   7.81250000E-02  0.234375000      -2.80969143E-02   5.52518852E-02   1.58786085E-02
  0.109375000      0.234375000      -4.37918529E-02   6.70200214E-02   1.53765138E-02
  0.140625000      0.234375000      -5.99853806E-02   7.66079277E-02   1.47058293E-02
  0.171875000      0.234375000      -7.62670040E-02   8.42409134E-02   1.38508175E-02
  0.203125000      0.234375000      -9.23539549E-02   8.97850841E-02   1.28097180E-02
  0.234375000      0.234375000     -0.107990265       9.30620134E-02   1.15953935E-02
  0.265625000      0.234375000     -0.122935623       9.39388424E-02   1.02368928E-02
  0.296875000      0.234375000     -0.136971503       9.23469514E-02   8.77933111E-03
  0.328125000      0.234375000     -0.149905697       8.82807747E-02   7.28193484E-03
  0.359375000      0.234375000     -0.161572456       8.17902833E-02   5.81441633E-03
  0.390625000      0.234375000     -0.171829075       7.29715452E-02   4.45234030E-03
  0.421875000      0.234375000     -0.180551320       6.19576350E-02   3.27172969E-03
  0.453125000      0.234375000     -0.187629402       4.89115901E-02   2.34322017E-03
  0.484375000      0.234375000     -0.192965806       3.40224914E-02   1.72605226E-03
  0.515625000      0.234375000     -0.196476102       1.75052248E-02   1.46200880E-03
  0.546875000      0.234375000     -0.198092103      -3.96409305E-04   1.56951102E-03
  0.578125000      0.234375000     -0.197767973      -1.94041356E-02   2.08928459E-03
  0.609375000      0.234375000     -0.195446923      -3.92505378E-02   3.04470863E-03
  0.640625000      0.234375000     -0.191018581      -5.94957396E-02   4.38800640E-03
  0.671875000      0.234375000     -0.184307262      -7.95611739E-02   6.04400691E-03
  0.703125000      0.234375000     -0.175066411      -9.86621007E-02   7.90972915E-03
  0.734375000      0.234375000     -0.162990555     -0.115709320       9.85570904E-03
  0.765625000      0.234375000     -0.147756398     -0.129201382       1.17309131E-02
  0.796875000      0.234375000     -0.129106909     -0.137132019       1.33737419E-02
  0.828125000      0.234375000     -0.106998950     -0.136962801       1.46315135E-02
  0.859375000      0.234375000      -8.18517059E-02 -0.125779390       1.53905945E-02
  0.890625000      0.234375000      -5.49641252E-02 -0.100947261       1.56174023E-02
  0.921875000      0.234375000      -2.92061977E-02  -6.22184873E-02   1.54009350E-02
  0.953125000      0.234375000      -9.73496772E-03  -1.78541485E-02   1.49505110E-02
  0.984375000      0.234375000      -1.18826109E-03   6.95163012E-03   1.45357028E-02
   1.56250000E-02  0.265625000      -3.76475975E-03   2.46200319E-02   1.61418188E-02
   4.68750000E-02  0.265625000      -1.43253366E-02   5.32900766E-02   1.57806519E-02
   7.81250000E-02  0.265625000      -2.89141536E-02   7.06965923E-02   1.53434034E-02
  0.109375000      0.265625000      -4.47681546E-02   8.31121206E-02   1.47292223E-02
  0.140625000      0.265625000      -6.08916841E-02   9.28221568E-02   1.39020514E-02
  0.171875000      0.265625000      -7.68805891E-02  0.100288212       1.28516899E-02
  0.203125000      0.265625000      -9.24904644E-02  0.105427608       1.15835564E-02
  0.234375000      0.265625000     -0.107518420      0.108078904       1.01183597E-02
  0.265625000      0.265625000     -0.121781357      0.108127594       8.49286094E-03
  0.296875000      0.265625000     -0.135115653      0.105527908       6.75930735E-03
  0.328125000      0.265625000     -0.147377953      0.100297973       4.98316344E-03
  0.359375000      0.265625000     -0.158443660       9.25091133E-02   3.23946122E-03
  0.390625000      0.265625000     -0.168204308       8.22751522E-02   1.60825613E-03
  0.421875000      0.265625000     -0.176565289       6.97437152E-02   1.69495164E-04
  0.453125000      0.265625000     -0.183445066       5.50907515E-02  -1.00253173E-03
  0.484375000      0.265625000     -0.188776076       3.85187045E-02  -1.84486329E-03
  0.515625000      0.265625000     -0.192506447       2.02578530E-02  -2.31163995E-03
  0.546875000      0.265625000     -0.194601610       5.70131233E-04  -2.37970334E-03
  0.578125000      0.265625000     -0.195044607      -2.02443227E-02  -2.00548023E-03
  0.609375000      0.265625000     -0.193807676      -4.19616476E-02  -1.13986898E-03
  0.640625000      0.265625000     -0.190796390      -6.42186552E-02   1.81461015E-04
  0.671875000      0.265625000     -0.185812593      -8.65290239E-02   1.89905986E-03
  0.703125000      0.265625000     -0.178540677     -0.108204082       3.92654026E-03
  0.734375000      0.265625000     -0.168552727     -0.128229812       6.14677742E-03
  0.765625000      0.265625000     -0.155345663     -0.145122379       8.40946101E-03
  0.796875000      0.265625000     -0.138425648     -0.156782359       1.05332173E-02
  0.828125000      0.265625000     -0.117462590     -0.160386860       1.23175532E-02
  0.859375000      0.265625000      -9.25531536E-02 -0.152416706       1.35720186E-02
  0.890625000      0.265625000      -6.46661893E-02 -0.129090160       1.41706988E-02
  0.921875000      0.265625000      -3.64129879E-02  -8.80929232E-02   1.41324019E-02
  0.953125000      0.265625000      -1.32094752E-02  -3.46608013E-02   1.36773512E-02
  0.984375000      0.265625000      -1.88221131E-03   3.87900416E-03   1.31477453E-02
   1.56250000E-02  0.296875000      -3.63347074E-03   3.20129022E-02   1.53797977E-02
   4.68750000E-02  0.296875000      -1.39232017E-02   6.67356625E-02   1.50043396E-02
   7.81250000E-02  0.296875000      -2.82147415E-02   8.61188918E-02   1.45069286E-02
  0.109375000      0.296875000      -4.36935276E-02   9.90113765E-02   1.37852598E-02
  0.140625000      0.296875000      -5.93082607E-02  0.108651556       1.28071029E-02
  0.171875000      0.296875000      -7.46482536E-02  0.115780085       1.15680872E-02
  0.203125000      0.296875000      -8.94943029E-02  0.120386273       1.00805666E-02
  0.234375000      0.296875000     -0.103682235      0.122333109       8.37265141E-03
  0.265625000      0.296875000     -0.117070660      0.121524155       6.48837024E-03
  0.296875000      0.296875000     -0.129535019      0.117931798       4.48664231E-03
  0.328125000      0.296875000     -0.140966147      0.111591518       2.43883021E-03
  0.359375000      0.296875000     -0.151269093      0.102590173       4.25169623E-04
  0.390625000      0.296875000     -0.160362586       9.10558552E-02  -1.46967219E-03
  0.421875000      0.296875000     -0.168180376       7.71506503E-02  -3.16157495E-03
  0.453125000      0.296875000     -0.174673766       6.10667206E-02  -4.57223970E-03
  0.484375000      0.296875000     -0.179814473       4.30246890E-02  -5.63466176E-03
  0.515625000      0.296875000     -0.183595419       2.32735388E-02  -6.29854295E-03
  0.546875000      0.296875000     -0.186027706       2.09200219E-03  -6.53533638E-03
  0.578125000      0.296875000     -0.187133789      -2.02075131E-02  -6.31131465E-03
  0.609375000      0.296875000     -0.186925739      -4.34347168E-02  -5.55200921E-03
  0.640625000      0.296875000     -0.185340717      -6.73342198E-02  -4.28273017E-03
  0.671875000      0.296875000     -0.182177812      -9.15537179E-02  -2.54701311E-03
  0.703125000      0.296875000     -0.177072749     -0.115551285      -4.11817105E-04
  0.734375000      0.296875000     -0.169493824     -0.138445944       2.02437467E-03
  0.765625000      0.296875000     -0.158772036     -0.158833221       4.62185033E-03
  0.796875000      0.296875000     -0.144182548     -0.174580842       7.19205476E-03
  0.828125000      0.296875000     -0.125101715     -0.182633758       9.49937291E-03
  0.859375000      0.296875000     -0.101279825     -0.178904116       1.12839136E-02
  0.890625000      0.296875000      -7.33061880E-02 -0.158467591       1.23221241E-02
  0.921875000      0.296875000      -4.34306972E-02 -0.116849184       1.25378957E-02
  0.953125000      0.296875000      -1.70158111E-02  -5.55282086E-02   1.21268285E-02
  0.984375000      0.296875000      -2.79805064E-03  -8.03054310E-04   1.14962561E-02
   1.56250000E-02  0.328125000      -3.27249337E-03   3.89139429E-02   1.43104251E-02
   4.68750000E-02  0.328125000      -1.27762649E-02   7.96172619E-02   1.39339045E-02
   7.81250000E-02  0.328125000      -2.62386613E-02  0.100979909       1.33857876E-02
  0.109375000      0.328125000      -4.08928990E-02  0.114273421       1.25677595E-02
  0.140625000      0.328125000      -5.56293204E-02  0.123732492       1.14527000E-02
  0.171875000      0.328125000      -7.00165927E-02  0.130420417       1.00417845E-02
  0.203125000      0.328125000      -8.38473588E-02  0.134419173       8.35355278E-03
  0.234375000      0.328125000      -9.69829038E-02  0.135622635       6.42269431E-03
  0.265625000      0.328125000     -0.109310150      0.133951813       4.29979013E-03
  0.296875000      0.328125000     -0.120731123      0.129393488       2.04994483E-03
  0.328125000      0.328125000     -0.131160289      0.121996410      -2.49752164E-04
  0.359375000      0.328125000     -0.140524626      0.111860782      -2.51384964E-03
  0.390625000      0.328125000     -0.148766130       9.91300568E-02  -4.65291413E-03
  0.421875000      0.328125000     -0.155846536       8.39856341E-02  -6.57846127E-03
  0.453125000      0.328125000     -0.161753163       6.66435063E-02  -8.20826925E-03
  0.484375000      0.328125000     -0.166502953       4.73505333E-02  -9.47161950E-03
  0.515625000      0.328125000     -0.170141697       2.63794810E-02  -1.03143156E-02
  0.546875000      0.328125000     -0.172735676       4.02410375E-03  -1.07029984E-02
  0.578125000      0.328125000     -0.174355879      -1.94021389E-02  -1.06217172E-02
  0.609375000      0.328125000     -0.175064012      -4.37297449E-02  -9.97848809E-03
  0.640625000      0.328125000     -0.174844503      -6.88344836E-02  -8.79066437E-03
  0.671875000      0.328125000     -0.173516005      -9.45367664E-02  -7.08687352E-03
  0.703125000      0.328125000     -0.170691192     -0.120491326      -4.91290633E-03
  0.734375000      0.328125000     -0.165759668     -0.146011025      -2.34297500E-03
  0.765625000      0.328125000     -0.157906175     -0.169839650       5.04155643E-04
  0.796875000      0.328125000     -0.146184444     -0.189883545       3.44766956E-03
  0.828125000      0.328125000     -0.129672974     -0.202923000       6.23373594E-03
  0.859375000      0.328125000     -0.107753634     -0.204357415       8.54677334E-03
  0.890625000      0.328125000      -8.05909634E-02 -0.188153282       1.00673083E-02
  0.921875000      0.328125000      -4.99892607E-02 -0.147644356       1.06040370E-02
  0.953125000      0.328125000      -2.10322216E-02  -8.01090747E-02   1.02853989E-02
  0.984375000      0.328125000      -3.93657619E-03  -7.53910141E-03   9.56760626E-03
   1.56250000E-02  0.359375000      -2.73641176E-03   4.49184887E-02   1.29800672E-02
   4.68750000E-02  0.359375000      -1.10457893E-02   9.14162919E-02   1.26144104E-02
   7.81250000E-02  0.359375000      -2.32416298E-02  0.114829250       1.20272664E-02
  0.109375000      0.359375000      -3.66989821E-02  0.128527224       1.11282533E-02
  0.140625000      0.359375000      -5.02494797E-02  0.137759075       9.89611633E-03
  0.171875000      0.359375000      -6.34277537E-02  0.143955112       8.33710562E-03
  0.203125000      0.359375000      -7.60262758E-02  0.147312030       6.47498993E-03
  0.234375000      0.359375000      -8.79212916E-02  0.147761270       4.35002148E-03
  0.265625000      0.359375000      -9.90184546E-02  0.145241156       2.01850780E-03
  0.296875000      0.359375000     -0.109237954      0.139750689      -4.48734936E-04
  0.328125000      0.359375000     -0.118511245      0.131350011      -2.96912994E-03
  0.359375000      0.359375000     -0.126782537      0.120153040      -5.45198424E-03
  0.390625000      0.359375000     -0.134013742      0.106322184      -7.80302892E-03
  0.421875000      0.359375000     -0.140192330       9.00652260E-02  -9.92951915E-03
  0.453125000      0.359375000     -0.145339966       7.16315135E-02  -1.17457695E-02
  0.484375000      0.359375000     -0.149518371       5.13042510E-02  -1.31782871E-02
  0.515625000      0.359375000     -0.152827829       2.93873176E-02  -1.41703859E-02
  0.546875000      0.359375000     -0.155394375       6.18969463E-03  -1.46854622E-02
  0.578125000      0.359375000     -0.157344878      -1.79848038E-02  -1.47272879E-02
  0.609375000      0.359375000     -0.158799857      -4.29727025E-02  -1.42004620E-02
  0.640625000      0.359375000     -0.159805804      -6.87948018E-02  -1.31174801E-02
  0.671875000      0.359375000     -0.160226047      -9.54755247E-02  -1.14943217E-02
  0.703125000      0.359375000     -0.159682900     -0.122912504      -9.35578533E-03
  0.734375000      0.359375000     -0.157521740     -0.150675848      -6.74809050E-03
  0.765625000      0.359375000     -0.152809381     -0.177735388      -3.75976181E-03
  0.796875000      0.359375000     -0.144394204     -0.202121019      -5.48614888E-04
  0.828125000      0.359375000     -0.131056845     -0.220532298       2.63318629E-03
  0.859375000      0.359375000     -0.111792386     -0.227931559       5.43380855E-03
  0.890625000      0.359375000      -8.63015577E-02 -0.217233807       7.44794775E-03
  0.921875000      0.359375000      -5.58770075E-02 -0.179592401       8.35798681E-03
  0.953125000      0.359375000      -2.51730867E-02 -0.107824899       8.18668120E-03
  0.984375000      0.359375000      -5.30892750E-03  -1.67856496E-02   7.41897663E-03
   1.56250000E-02  0.390625000      -2.08353531E-03   4.97347340E-02   1.14579014E-02
   4.68750000E-02  0.390625000      -8.89806077E-03  0.101715833       1.11135347E-02
   7.81250000E-02  0.390625000      -1.94776617E-02  0.127296895       1.05003743E-02
  0.109375000      0.390625000      -3.14352959E-02  0.141467750       9.53837764E-03
  0.140625000      0.390625000      -4.35495228E-02  0.150478408       8.21263343E-03
  0.171875000      0.390625000      -5.53090349E-02  0.156171024       6.53397152E-03
  0.203125000      0.390625000      -6.64959922E-02  0.158881664       4.53040842E-03
  0.234375000      0.390625000      -7.69940913E-02  0.158587545       2.24672561E-03
  0.265625000      0.390625000      -8.67220238E-02  0.155245453      -2.55913270E-04
  0.296875000      0.390625000      -9.56139863E-02  0.148865789      -2.90166610E-03
  0.328125000      0.390625000     -0.103615478      0.139519811      -5.60276117E-03
  0.359375000      0.390625000     -0.110685453      0.127336398      -8.26343801E-03
  0.390625000      0.390625000     -0.116802774      0.112500571      -1.07846819E-02
  0.421875000      0.390625000     -0.121976070       9.52527896E-02  -1.30698271E-02
  0.453125000      0.390625000     -0.126254663       7.58846477E-02  -1.50303785E-02
  0.484375000      0.390625000     -0.129736900       5.47262356E-02  -1.65914074E-02
  0.515625000      0.390625000     -0.132570267       3.21222767E-02  -1.76956914E-02
  0.546875000      0.390625000     -0.134936661       8.40118621E-03  -1.83057170E-02
  0.578125000      0.390625000     -0.137019753      -1.61499903E-02  -1.84409283E-02
  0.609375000      0.390625000     -0.139005810      -4.13546860E-02  -1.80205032E-02
  0.640625000      0.390625000     -0.141017258      -6.73846304E-02  -1.70551613E-02
  0.671875000      0.390625000     -0.142987847      -9.44851041E-02  -1.55518968E-02
  0.703125000      0.390625000     -0.144591540     -0.122833639      -1.35171358E-02
  0.734375000      0.390625000     -0.145177364     -0.152322471      -1.09684775E-02
  0.765625000      0.390625000     -0.143735677     -0.182236493      -7.95779657E-03
  0.796875000      0.390625000     -0.138935044     -0.210830823      -4.60609328E-03
  0.828125000      0.390625000     -0.129264086     -0.234827429      -1.14306167E-03
  0.859375000      0.390625000     -0.113316409     -0.248846829       2.06734287E-03
  0.890625000      0.390625000      -9.02932584E-02 -0.244832337       4.55282070E-03
  0.921875000      0.390625000      -6.09134734E-02 -0.211799234       5.86976018E-03
  0.953125000      0.390625000      -2.92735193E-02 -0.137963682       5.90351131E-03
  0.984375000      0.390625000      -6.84547750E-03  -2.89407521E-02   5.12984395E-03
   1.56250000E-02  0.421875000      -1.37440616E-03   5.31896465E-02   9.82468016E-03
   4.68750000E-02  0.421875000      -6.50021341E-03  0.110194646       9.51104425E-03
   7.81250000E-02  0.421875000      -1.51931513E-02  0.138084039       8.88601877E-03
  0.109375000      0.421875000      -2.54096054E-02  0.152849525       7.88075011E-03
  0.140625000      0.421875000      -3.58898714E-02  0.161687911       6.48703706E-03
  0.171875000      0.421875000      -4.60665151E-02  0.166896850       4.71993908E-03
  0.203125000      0.421875000      -5.57022542E-02  0.168980330       2.61088763E-03
  0.234375000      0.421875000      -6.46830499E-02  0.167972267       2.08101905E-04
  0.265625000      0.421875000      -7.29383230E-02  0.163851053      -2.42345640E-03
  0.296875000      0.421875000      -8.04157257E-02  0.156639099      -5.20369131E-03
  0.328125000      0.421875000      -8.70752484E-02  0.146419123      -8.04030336E-03
  0.359375000      0.421875000      -9.28908288E-02  0.133335859      -1.08328126E-02
  0.390625000      0.421875000      -9.78567079E-02  0.117598690      -1.34778079E-02
  0.421875000      0.421875000     -0.101997420       9.94837135E-02  -1.58750471E-02
  0.453125000      0.421875000     -0.105379894       7.93299824E-02  -1.79339629E-02
  0.484375000      0.421875000     -0.108124517       5.75227514E-02  -1.95794646E-02
  0.515625000      0.421875000     -0.110409841       3.44589166E-02  -2.07558870E-02
  0.546875000      0.421875000     -0.112460747       1.04955547E-02  -2.14275438E-02
  0.578125000      0.421875000     -0.114503011      -1.41061693E-02  -2.16198824E-02
  0.609375000      0.421875000     -0.116787508      -3.91160026E-02  -2.12871917E-02
  0.640625000      0.421875000     -0.119522199      -6.48662448E-02  -2.04391871E-02
  0.671875000      0.421875000     -0.122733161      -9.18119475E-02  -1.90786496E-02
  0.703125000      0.421875000     -0.126198262     -0.120428964      -1.71992667E-02
  0.734375000      0.421875000     -0.129336417     -0.150995135      -1.47933941E-02
  0.765625000      0.421875000     -0.131121725     -0.183213264      -1.18742622E-02
  0.796875000      0.421875000     -0.130082920     -0.215687767      -8.51576775E-03
  0.828125000      0.421875000     -0.124430276     -0.245289713      -4.90554608E-03
  0.859375000      0.421875000     -0.112344489     -0.266415119      -1.39292958E-03
  0.890625000      0.421875000      -9.24924091E-02 -0.270137906       1.50933035E-03
  0.921875000      0.421875000      -6.49560243E-02 -0.243409753       3.24361795E-03
  0.953125000      0.421875000      -3.31526585E-02 -0.169797212       3.53587652E-03
  0.984375000      0.421875000      -8.45109951E-03  -4.42377292E-02   2.80208327E-03
   1.56250000E-02  0.453125000      -6.73826784E-04   5.52355051E-02   8.16208683E-03
   4.68750000E-02  0.453125000      -4.02190210E-03  0.116617523       7.88947195E-03
   7.81250000E-02  0.453125000      -1.06254127E-02  0.146952614       7.26802275E-03
  0.109375000      0.453125000      -1.89115591E-02  0.162479967       6.24032645E-03
  0.140625000      0.453125000      -2.76076458E-02  0.171232164       4.80547734E-03
  0.171875000      0.453125000      -3.60804573E-02  0.176002726       2.98262504E-03
  0.203125000      0.453125000      -4.40640487E-02  0.177497044       8.05797754E-04
  0.234375000      0.453125000      -5.14425635E-02  0.175820783      -1.67445873E-03
  0.265625000      0.453125000      -5.81558943E-02  0.170979619      -4.39061038E-03
  0.296875000      0.453125000      -6.41673356E-02  0.163010210      -7.25946575E-03
  0.328125000      0.453125000      -6.94546178E-02  0.152007580      -1.01850778E-02
  0.359375000      0.453125000      -7.40098208E-02  0.138132408      -1.30630154E-02
  0.390625000      0.453125000      -7.78438598E-02  0.121617250      -1.57859698E-02
  0.421875000      0.453125000      -8.09942484E-02  0.102771908      -1.82505175E-02
  0.453125000      0.453125000      -8.35354179E-02   8.19810778E-02  -2.03644354E-02
  0.484375000      0.453125000      -8.55901763E-02   5.96862659E-02  -2.20532361E-02
  0.515625000      0.453125000      -8.73396248E-02   3.63446921E-02  -2.32646875E-02
  0.546875000      0.453125000      -8.90261084E-02   1.23608168E-02  -2.39695348E-02
  0.578125000      0.453125000      -9.09385979E-02  -1.20039172E-02  -2.41765082E-02
  0.609375000      0.453125000      -9.33565497E-02  -3.65039669E-02  -2.39115227E-02
  0.640625000      0.453125000      -9.65182185E-02  -6.15710616E-02  -2.31678039E-02
  0.671875000      0.453125000     -0.100576207      -8.78282189E-02  -2.19522007E-02
  0.703125000      0.453125000     -0.105475172     -0.116039559      -2.02544797E-02
  0.734375000      0.453125000     -0.110790059     -0.146923333      -1.80496294E-02
  0.765625000      0.453125000     -0.115564451     -0.180718124      -1.53156240E-02
  0.796875000      0.453125000     -0.118249290     -0.216530710      -1.20743699E-02
  0.828125000      0.453125000     -0.116803050     -0.251540631      -8.45544226E-03
  0.859375000      0.453125000     -0.108985841     -0.280063510      -4.76688892E-03
  0.890625000      0.453125000      -9.28949416E-02 -0.292430162      -1.53019815E-03
  0.921875000      0.453125000      -6.79110810E-02 -0.273636699       6.05759153E-04
  0.953125000      0.453125000      -3.66564840E-02 -0.202628136       1.19750097E-03
  0.984375000      0.453125000      -1.00380722E-02  -6.27270490E-02   5.46713360E-04
   1.56250000E-02  0.484375000      -5.15151769E-05   5.59590533E-02   6.54250942E-03
   4.68750000E-02  0.484375000      -1.63559744E-03  0.120822266       6.32836344E-03
   7.81250000E-02  0.484375000      -6.00187713E-03  0.153714031       5.72610321E-03
  0.109375000      0.484375000      -1.22122075E-02  0.170212746       4.69706021E-03
  0.140625000      0.484375000      -1.90157909E-02  0.178998664       3.24846059E-03
  0.171875000      0.484375000      -2.57028341E-02  0.183397993       1.40295050E-03
  0.203125000      0.484375000      -3.19686681E-02  0.184355646      -8.03490519E-04
  0.234375000      0.484375000      -3.76907215E-02  0.182069778      -3.31930956E-03
  0.265625000      0.484375000      -4.28198166E-02  0.176582545      -6.07590098E-03
  0.296875000      0.484375000      -4.73383665E-02  0.167948976      -8.98844562E-03
  0.328125000      0.484375000      -5.12468889E-02  0.156278163      -1.19586522E-02
  0.359375000      0.484375000      -5.45611344E-02  0.141746193      -1.48791866E-02
  0.390625000      0.484375000      -5.73137216E-02  0.124605812      -1.76396202E-02
  0.421875000      0.484375000      -5.95582277E-02  0.105194256      -2.01337337E-02
  0.453125000      0.484375000      -6.13753647E-02   8.39328915E-02  -2.22675875E-02
  0.484375000      0.484375000      -6.28812015E-02   6.13103360E-02  -2.39670184E-02
  0.515625000      0.484375000      -6.42373562E-02   3.78406867E-02  -2.51829494E-02
  0.546875000      0.484375000      -6.56629130E-02   1.39903966E-02  -2.58928314E-02
  0.578125000      0.484375000      -6.74457997E-02  -9.92555078E-03  -2.60973368E-02
  0.609375000      0.484375000      -6.98675662E-02  -3.37309837E-02  -2.58730706E-02
  0.640625000      0.484375000      -7.31926039E-02  -5.78466766E-02  -2.52083614E-02
  0.671875000      0.484375000      -7.76861757E-02  -8.29912797E-02  -2.41189115E-02
  0.703125000      0.484375000      -8.34988207E-02 -0.110155985      -2.25999821E-02
  0.734375000      0.484375000      -9.04554427E-02 -0.140527368      -2.06206162E-02
  0.765625000      0.484375000      -9.77839082E-02 -0.175004005      -1.81324631E-02
  0.796875000      0.484375000     -0.103953853     -0.213383704      -1.51071530E-02
  0.828125000      0.484375000     -0.106721669     -0.253360718      -1.16063189E-02
  0.859375000      0.484375000     -0.103427052     -0.289351046      -7.87302759E-03
  0.890625000      0.484375000      -9.15622562E-02 -0.311095357      -4.40368149E-03
  0.921875000      0.484375000      -6.97411820E-02 -0.301774710      -1.90718262E-03
  0.953125000      0.484375000      -3.96804288E-02 -0.235804737      -9.93124209E-04
  0.984375000      0.484375000      -1.15419999E-02  -8.43070894E-02  -1.52381300E-03
   1.56250000E-02  0.515625000       4.88594058E-04   5.55206612E-02   5.03919413E-03
   4.68750000E-02  0.515625000       5.38048800E-04  0.122792482       4.87985043E-03
   7.81250000E-02  0.515625000      -1.56103948E-03  0.158206671       4.33030352E-03
  0.109375000      0.515625000      -5.57146734E-03  0.175939620       3.31965042E-03
  0.140625000      0.515625000      -1.04066115E-02  0.184911102       1.88522181E-03
  0.171875000      0.515625000      -1.52583271E-02  0.189027131       5.00399728E-05
  0.203125000      0.515625000      -1.97709426E-02  0.189510226      -2.14820425E-03
  0.234375000      0.515625000      -2.38065924E-02  0.186680675      -4.65855189E-03
  0.265625000      0.515625000      -2.73267031E-02  0.180631027      -7.41317403E-03
  0.296875000      0.515625000      -3.03361733E-02  0.171440810      -1.03273727E-02
  0.328125000      0.515625000      -3.28633115E-02  0.159236029      -1.33021707E-02
  0.359375000      0.515625000      -3.49535868E-02  0.144208148      -1.62286758E-02
  0.390625000      0.515625000      -3.66679356E-02  0.126626790      -1.89943090E-02
  0.421875000      0.515625000      -3.80829759E-02  0.106849000      -2.14905497E-02
  0.453125000      0.515625000      -3.92921865E-02   8.53204057E-02  -2.36215722E-02
  0.484375000      0.515625000      -4.04079892E-02   6.25597462E-02  -2.53125075E-02
  0.515625000      0.515625000      -4.15650979E-02   3.91189456E-02  -2.65156776E-02
  0.546875000      0.515625000      -4.29267138E-02   1.55127291E-02  -2.72126552E-02
  0.578125000      0.515625000      -4.46961597E-02  -7.88314827E-03  -2.74104774E-02
  0.609375000      0.515625000      -4.71202955E-02  -3.09160352E-02  -2.72023827E-02
  0.640625000      0.515625000      -5.04801869E-02  -5.39661944E-02  -2.65862383E-02
  0.671875000      0.515625000      -5.50952405E-02  -7.77535588E-02  -2.55886335E-02
  0.703125000      0.515625000      -6.13148361E-02 -0.103352755      -2.42194720E-02
  0.734375000      0.515625000      -6.92907125E-02 -0.132390231      -2.24548113E-02
  0.765625000      0.515625000      -7.85704777E-02 -0.166525871      -2.02333629E-02
  0.796875000      0.515625000      -8.77878442E-02 -0.206468344      -1.74856074E-02
  0.828125000      0.515625000      -9.45893005E-02 -0.250701487      -1.42030008E-02
  0.859375000      0.515625000      -9.59120989E-02 -0.293977797      -1.05459476E-02
  0.890625000      0.515625000      -8.86097327E-02 -0.325632572      -6.95328508E-03
  0.921875000      0.515625000      -7.04621300E-02 -0.327204078      -4.15718788E-03
  0.953125000      0.515625000      -4.21729237E-02 -0.268724203      -2.91712163E-03
  0.984375000      0.515625000      -1.29247606E-02 -0.108773708      -3.29812546E-03
   1.56250000E-02  0.546875000       9.80869285E-04   5.40502220E-02   3.72100295E-03
   4.68750000E-02  0.546875000       2.49247812E-03  0.122699790       3.59680736E-03
   7.81250000E-02  0.546875000       2.49970634E-03  0.160389483       3.10036913E-03
  0.109375000      0.546875000       7.15150032E-04  0.179551229       2.15954799E-03
  0.140625000      0.546875000      -2.06494192E-03  0.188915879       7.70379382E-04
  0.171875000      0.546875000      -5.05098468E-03  0.192863375      -1.02240150E-03
  0.203125000      0.546875000      -7.79735669E-03  0.192938626      -3.17509519E-03
  0.234375000      0.546875000      -1.01330429E-02  0.189631730      -5.64021664E-03
  0.265625000      0.546875000      -1.20279389E-02  0.183105409      -8.35297443E-03
  0.296875000      0.546875000      -1.35113997E-02  0.173471883      -1.12307118E-02
  0.328125000      0.546875000      -1.46429325E-02  0.160877839      -1.41754579E-02
  0.359375000      0.546875000      -1.55020030E-02  0.145531073      -1.70783103E-02
  0.390625000      0.546875000      -1.61832161E-02  0.127715468      -1.98257193E-02
  0.421875000      0.546875000      -1.67928375E-02  0.107801169      -2.23074351E-02
  0.453125000      0.546875000      -1.74453408E-02   8.62458497E-02  -2.44255625E-02
  0.484375000      0.546875000      -1.82591379E-02   6.35791421E-02  -2.61033699E-02
  0.515625000      0.546875000      -1.93505138E-02   4.03623730E-02  -2.72922292E-02
  0.546875000      0.546875000      -2.08261646E-02   1.71198975E-02  -2.79746205E-02
  0.578125000      0.546875000      -2.27863118E-02  -5.74841443E-03  -2.81621516E-02
  0.609375000      0.546875000      -2.53864694E-02  -2.80151516E-02  -2.79571991E-02
  0.640625000      0.546875000      -2.88560838E-02  -5.00271916E-02  -2.73630656E-02
  0.671875000      0.546875000      -3.34891342E-02  -7.24349916E-02  -2.64164284E-02
  0.703125000      0.546875000      -3.97667065E-02  -9.61656123E-02  -2.51513608E-02
  0.734375000      0.546875000      -4.81799878E-02 -0.123180591      -2.35618763E-02
  0.765625000      0.546875000      -5.87152168E-02 -0.155913770      -2.15883311E-02
  0.796875000      0.546875000      -7.03688860E-02 -0.196203530      -1.91367492E-02
  0.828125000      0.546875000      -8.08387101E-02 -0.243689954      -1.61348265E-02
  0.859375000      0.546875000      -8.67149159E-02 -0.293786108      -1.26505168E-02
  0.890625000      0.546875000      -8.41863751E-02 -0.335651964      -9.03720409E-03
  0.921875000      0.546875000      -7.01291710E-02 -0.349387348      -6.01166487E-03
  0.953125000      0.546875000      -4.41254452E-02 -0.300832599      -4.45673801E-03
  0.984375000      0.546875000      -1.41700171E-02 -0.135868311      -4.66544461E-03
   1.56250000E-02  0.578125000       1.38589484E-03   5.16826808E-02   2.61468673E-03
   4.68750000E-02  0.578125000       4.16964665E-03  0.120770335       2.53385073E-03
   7.81250000E-02  0.578125000       6.10105693E-03  0.160378963       2.09184643E-03
  0.109375000      0.578125000       6.43128436E-03  0.181015819       1.22074503E-03
  0.140625000      0.578125000       5.68962889E-03  0.190974414      -8.06698372E-05
  0.171875000      0.578125000       4.60188324E-03  0.194882050      -1.78203522E-03
  0.203125000      0.578125000       3.64608690E-03  0.194627821      -3.84773547E-03
  0.234375000      0.578125000       3.02284630E-03  0.190909535      -6.22877944E-03
  0.265625000      0.578125000       2.76842061E-03  0.183987290      -8.86252802E-03
  0.296875000      0.578125000       2.83436687E-03  0.174019903      -1.16697364E-02
  0.328125000      0.578125000       3.12903523E-03  0.161180720      -1.45551264E-02
  0.359375000      0.578125000       3.53608653E-03  0.145695448      -1.74112860E-02
  0.390625000      0.578125000       3.92386923E-03  0.127860457      -2.01248359E-02
  0.421875000      0.578125000       4.15245164E-03  0.108053319      -2.25844495E-02
  0.453125000      0.578125000       4.08102106E-03   8.67334455E-02  -2.46899854E-02
  0.484375000      0.578125000       3.57687683E-03   6.44246787E-02  -2.63615996E-02
  0.515625000      0.578125000       2.52609979E-03   4.16732952E-02  -2.75470838E-02
  0.546875000      0.578125000       8.45030299E-04   1.89789720E-02  -2.82253772E-02
  0.578125000      0.578125000      -1.49607577E-03  -3.29399342E-03  -2.84079723E-02
  0.609375000      0.578125000      -4.50604223E-03  -2.48481799E-02  -2.82039847E-02
  0.640625000      0.578125000      -8.29208270E-03  -4.59281728E-02  -2.76151225E-02
  0.671875000      0.578125000      -1.30717885E-02  -6.71118721E-02  -2.66780034E-02
  0.703125000      0.578125000      -1.93385631E-02  -8.89359862E-02  -2.54685394E-02
  0.734375000      0.578125000      -2.78033130E-02 -0.113524765      -2.39994060E-02
  0.765625000      0.578125000      -3.89257893E-02 -0.143905461      -2.22218540E-02
  0.796875000      0.578125000      -5.22904024E-02 -0.183188066      -2.00434942E-02
  0.828125000      0.578125000      -6.58947006E-02 -0.232626706      -1.73418093E-02
  0.859375000      0.578125000      -7.61066228E-02 -0.288757503      -1.40912160E-02
  0.890625000      0.578125000      -7.84462839E-02 -0.340866566      -1.05386088E-02
  0.921875000      0.578125000      -6.88139647E-02 -0.367860377      -7.34882988E-03
  0.953125000      0.578125000      -4.55548503E-02 -0.331621408      -5.49559202E-03
  0.984375000      0.578125000      -1.52755724E-02 -0.165313795      -5.51340263E-03
   1.56250000E-02  0.609375000       1.68726034E-03   4.86088172E-02   1.72902830E-03
   4.68750000E-02  0.609375000       5.51495422E-03  0.117231250       1.69375935E-03
   7.81250000E-02  0.609375000       9.14477371E-03  0.158355564       1.31963636E-03
  0.109375000      0.609375000       1.14310272E-02  0.180422455       5.40306501E-04
  0.140625000      0.609375000       1.26538482E-02  0.191087842      -6.50716946E-04
  0.171875000      0.609375000       1.34468786E-02  0.195066482      -2.23229500E-03
  0.203125000      0.609375000       1.42892767E-02  0.194562137      -4.17454727E-03
  0.234375000      0.609375000       1.54001163E-02  0.190495282      -6.43626042E-03
  0.265625000      0.609375000       1.68141797E-02  0.183251828      -8.96063074E-03
  0.296875000      0.609375000       1.84606537E-02  0.173054904      -1.16723645E-02
  0.328125000      0.609375000       2.02133134E-02  0.160112023      -1.44783892E-02
  0.359375000      0.609375000       2.19168924E-02  0.144668385      -1.72718018E-02
  0.390625000      0.609375000       2.34016478E-02  0.127030581      -1.99383609E-02
  0.421875000      0.609375000       2.44941227E-02  0.107577972      -2.23649014E-02
  0.453125000      0.609375000       2.50281338E-02   8.67618397E-02  -2.44487952E-02
  0.484375000      0.609375000       2.48576775E-02   6.50859326E-02  -2.61073746E-02
  0.515625000      0.609375000       2.38721371E-02   4.30625752E-02  -2.72855721E-02
  0.546875000      0.609375000       2.20135301E-02   2.11426020E-02  -2.79601403E-02
  0.578125000      0.609375000       1.92851480E-02  -3.75931384E-04  -2.81395391E-02
  0.609375000      0.609375000       1.57953054E-02  -2.12551877E-02  -2.79301926E-02
  0.640625000      0.609375000       1.15899257E-02  -4.15194444E-02  -2.73429826E-02
  0.671875000      0.609375000       6.41901325E-03  -6.15606904E-02  -2.64448151E-02
  0.703125000      0.609375000      -1.01157231E-04  -8.16919804E-02  -2.52576284E-02
  0.734375000      0.609375000      -8.52848217E-03 -0.103869557      -2.38568895E-02
  0.765625000      0.609375000      -1.97328907E-02 -0.131227776      -2.21974812E-02
  0.796875000      0.609375000      -3.40696387E-02 -0.168159425      -2.02365480E-02
  0.828125000      0.609375000      -5.01378030E-02 -0.217978895      -1.78134404E-02
  0.859375000      0.609375000      -6.43205643E-02 -0.279007524      -1.48160048E-02
  0.890625000      0.609375000      -7.15144500E-02 -0.341080785      -1.13713555E-02
  0.921875000      0.609375000      -6.65745884E-02 -0.382216990      -8.06106813E-03
  0.953125000      0.609375000      -4.64806706E-02 -0.360617250      -5.91767486E-03
  0.984375000      0.609375000      -1.62442196E-02 -0.196833670      -5.72422240E-03
   1.56250000E-02  0.640625000       1.87494745E-03   4.50458415E-02   1.05858804E-03
   4.68750000E-02  0.640625000       6.48117159E-03  0.112358637       1.06793665E-03
   7.81250000E-02  0.640625000       1.15293367E-02  0.154548675       7.74288201E-04
  0.109375000      0.640625000       1.55639108E-02  0.177907825       1.11604561E-04
  0.140625000      0.640625000       1.86381601E-02  0.189306080      -9.37950332E-04
  0.171875000      0.640625000       2.12717205E-02  0.193424180      -2.36645294E-03
  0.203125000      0.640625000       2.39121243E-02  0.192726284      -4.15431801E-03
  0.234375000      0.640625000       2.67756991E-02  0.188363612      -6.26902562E-03
  0.265625000      0.640625000       2.98855714E-02  0.180868685      -8.66032392E-03
  0.296875000      0.640625000       3.31441462E-02  0.170544192      -1.12572750E-02
  0.328125000      0.640625000       3.63888629E-02  0.157638282      -1.39690246E-02
  0.359375000      0.640625000       3.94257009E-02  0.142415941      -1.66890677E-02
  0.390625000      0.640625000       4.20489907E-02  0.125190049      -1.93022061E-02
  0.421875000      0.640625000       4.40559573E-02  0.106334478      -2.16933731E-02
  0.453125000      0.640625000       4.52604964E-02   8.62820968E-02  -2.37574056E-02
  0.484375000      0.640625000       4.55075875E-02   6.55038729E-02  -2.54085474E-02
  0.515625000      0.640625000       4.46866378E-02   4.44651917E-02  -2.65879296E-02
  0.546875000      0.640625000       4.27396894E-02   2.35586762E-02  -2.72673853E-02
  0.578125000      0.640625000       3.96677628E-02   3.02046281E-03  -2.74482928E-02
  0.609375000      0.640625000       3.56054977E-02  -1.70883033E-02  -2.72386689E-02
  0.640625000      0.640625000       3.06717418E-02  -3.65370177E-02  -2.66370662E-02
  0.671875000      0.640625000       2.48163640E-02  -5.55077046E-02  -2.57070214E-02
  0.703125000      0.640625000       1.79498009E-02  -7.43502378E-02  -2.45124362E-02
  0.734375000      0.640625000       9.62993689E-03  -9.44573209E-02  -2.31382325E-02
  0.765625000      0.640625000      -1.38926017E-03 -0.118410885      -2.15946399E-02
  0.796875000      0.640625000      -1.61013417E-02 -0.151923209      -1.97815225E-02
  0.828125000      0.640625000      -3.38743143E-02 -0.200370818      -1.75814368E-02
  0.859375000      0.640625000      -5.15192077E-02 -0.264785826      -1.48148481E-02
  0.890625000      0.640625000      -6.34481981E-02 -0.336178422      -1.14814676E-02
  0.921875000      0.640625000      -6.34187907E-02 -0.392088234      -8.05534143E-03
  0.953125000      0.640625000      -4.68980744E-02 -0.387360990      -5.60298795E-03
  0.984375000      0.640625000      -1.70734562E-02 -0.230151713      -5.16697764E-03
   1.56250000E-02  0.671875000       1.94018451E-03   4.12297770E-02   5.86279260E-04
   4.68750000E-02  0.671875000       7.01919943E-03  0.106487393       6.36648037E-04
   7.81250000E-02  0.671875000       1.31414756E-02  0.149247423       4.35449067E-04
  0.109375000      0.671875000       1.86588876E-02  0.173655748      -8.22478760E-05
  0.140625000      0.671875000       2.34322269E-02  0.185710460      -9.52548231E-04
  0.171875000      0.671875000       2.78496686E-02  0.189970374      -2.18883157E-03
  0.203125000      0.671875000       3.22901011E-02  0.189102829      -3.78784072E-03
  0.234375000      0.671875000       3.69361043E-02  0.184483260      -5.72816096E-03
  0.265625000      0.671875000       4.17819321E-02  0.176801324      -7.96649698E-03
  0.296875000      0.671875000       4.66958508E-02  0.166449130      -1.04356539E-02
  0.328125000      0.671875000       5.14773987E-02  0.153718978      -1.30460309E-02
  0.359375000      0.671875000       5.58956712E-02  0.138893455      -1.56905763E-02
  0.390625000      0.671875000       5.97134866E-02  0.122285709      -1.82523150E-02
  0.421875000      0.671875000       6.27048016E-02  0.104255304      -2.06136592E-02
  0.453125000      0.671875000       6.46699220E-02   8.52064192E-02  -2.26663649E-02
  0.484375000      0.671875000       6.54493421E-02   6.55674934E-02  -2.43209675E-02
  0.515625000      0.671875000       6.49328679E-02   4.57528010E-02  -2.55140029E-02
  0.546875000      0.671875000       6.30572364E-02   2.61065830E-02  -2.62114033E-02
  0.578125000      0.671875000       5.97966611E-02   6.81704981E-03  -2.64059752E-02
  0.609375000      0.671875000       5.52846529E-02  -1.22996140E-02  -2.61947252E-02
  0.640625000      0.671875000       4.96558547E-02  -3.07531878E-02  -2.55837291E-02
  0.671875000      0.671875000       4.29295823E-02  -4.87010479E-02  -2.46279947E-02
  0.703125000      0.671875000       3.51374745E-02  -6.64906204E-02  -2.33972687E-02
  0.734375000      0.671875000       2.61620786E-02  -8.50154236E-02  -2.19679121E-02
  0.765625000      0.671875000       1.55168138E-02 -0.106183499      -2.03995742E-02
  0.796875000      0.671875000       1.35722291E-03 -0.135275528      -1.87409371E-02
  0.828125000      0.671875000      -1.73147731E-02 -0.180571467      -1.67074334E-02
  0.859375000      0.671875000      -3.77650931E-02 -0.246489078      -1.41126355E-02
  0.890625000      0.671875000      -5.41942343E-02 -0.326117128      -1.08441748E-02
  0.921875000      0.671875000      -5.92591017E-02 -0.397115052      -7.24840816E-03
  0.953125000      0.671875000      -4.67447862E-02 -0.411370873      -4.41679871E-03
  0.984375000      0.671875000      -1.77435074E-02 -0.264969498      -3.68169881E-03
   1.56250000E-02  0.703125000       1.87011005E-03   3.74182910E-02   2.85569520E-04
   4.68750000E-02  0.703125000       7.06387358E-03  0.100023404       3.70794645E-04
   7.81250000E-02  0.703125000       1.38391554E-02  0.142811000       2.74616672E-04
  0.109375000      0.703125000       2.05121823E-02  0.167899460      -6.48965070E-05
  0.140625000      0.703125000       2.67988369E-02  0.180405542      -7.11228466E-04
  0.171875000      0.703125000       3.29381600E-02  0.184718817      -1.71060825E-03
  0.203125000      0.703125000       3.91956829E-02  0.183658600      -3.08406120E-03
  0.234375000      0.703125000       4.56783995E-02  0.178803086      -4.82438179E-03
  0.265625000      0.703125000       5.23255914E-02  0.170994997      -6.89505273E-03
  0.296875000      0.703125000       5.89597002E-02  0.160716027      -9.23087355E-03
  0.328125000      0.703125000       6.53400570E-02  0.148300678      -1.17413774E-02
  0.359375000      0.703125000       7.12019429E-02  0.134043664      -1.43170143E-02
  0.390625000      0.703125000       7.62825012E-02  0.118250340      -1.68375205E-02
  0.421875000      0.703125000       8.03391039E-02  0.101256631      -1.91816464E-02
  0.453125000      0.703125000       8.31644088E-02   8.34287703E-02  -2.12372020E-02
  0.484375000      0.703125000       8.45986158E-02   6.51454106E-02  -2.29103174E-02
  0.515625000      0.703125000       8.45373124E-02   4.67660353E-02  -2.41325349E-02
  0.546875000      0.703125000       8.29323530E-02   2.85865329E-02  -2.48647649E-02
  0.578125000      0.703125000       7.97805712E-02   1.07611138E-02  -2.50976291E-02
  0.609375000      0.703125000       7.50232786E-02  -6.96370378E-03  -2.48578712E-02
  0.640625000      0.703125000       6.87381253E-02  -2.41655428E-02  -2.42551155E-02
  0.671875000      0.703125000       6.11299723E-02  -4.09458727E-02  -2.32799537E-02
  0.703125000      0.703125000       5.22946380E-02  -5.76113164E-02  -2.20051408E-02
  0.734375000      0.703125000       4.22509275E-02  -7.48700947E-02  -2.05067769E-02
  0.765625000      0.703125000       3.08471210E-02  -9.42758322E-02  -1.88553464E-02
  0.796875000      0.703125000       1.73625834E-02 -0.119536772      -1.71028133E-02
  0.828125000      0.703125000      -6.80801459E-04 -0.159594148      -1.52492849E-02
  0.859375000      0.703125000      -2.29983516E-02 -0.224699229      -1.27561623E-02
  0.890625000      0.703125000      -4.35381196E-02 -0.310939908      -9.45452135E-03
  0.921875000      0.703125000      -5.38519248E-02 -0.396916330      -5.55385184E-03
  0.953125000      0.703125000      -4.58559990E-02 -0.432083189      -2.18661688E-03
  0.984375000      0.703125000      -1.82016287E-02 -0.300916046      -1.04824663E-03
   1.56250000E-02  0.734375000       1.63418858E-03   3.39124836E-02   1.22048659E-04
   4.68750000E-02  0.734375000       6.50100596E-03   9.34651941E-02   2.33971950E-04
   7.81250000E-02  0.734375000       1.34164933E-02  0.135674685       2.59251217E-04
  0.109375000      0.734375000       2.08635889E-02  0.160912275       1.38940406E-04
  0.140625000      0.734375000       2.84642149E-02  0.173502907      -2.31212383E-04
  0.171875000      0.734375000       3.62794138E-02  0.177665710      -9.44785541E-04
  0.203125000      0.734375000       4.44042683E-02  0.176329806      -2.05621636E-03
  0.234375000      0.734375000       5.28166629E-02  0.171239242      -3.57540231E-03
  0.265625000      0.734375000       6.13662899E-02  0.163366675      -5.47119183E-03
  0.296875000      0.734375000       6.98139668E-02  0.153269410      -7.67722074E-03
  0.328125000      0.734375000       7.78759271E-02  0.141313881      -1.00987647E-02
  0.359375000      0.734375000       8.52578059E-02  0.127797306      -1.26209427E-02
  0.390625000      0.734375000       9.16781276E-02  0.113007739      -1.51181109E-02
  0.421875000      0.734375000       9.68848467E-02   9.72486809E-02  -1.74639355E-02
  0.453125000      0.734375000      0.100668117       8.08413252E-02  -1.95413046E-02
  0.484375000      0.734375000      0.102869451       6.41104430E-02  -2.12512091E-02
  0.515625000      0.734375000      0.103385448       4.73590568E-02  -2.25194059E-02
  0.546875000      0.734375000      0.102162302       3.08337025E-02  -2.33000312E-02
  0.578125000      0.734375000       9.91696417E-02   1.46695543E-02  -2.35755108E-02
  0.609375000      0.734375000       9.43095312E-02  -1.24457770E-03  -2.33515315E-02
  0.640625000      0.734375000       8.76582861E-02  -1.69392340E-02  -2.27496736E-02
  0.671875000      0.734375000       7.94235021E-02  -3.23215052E-02  -2.17561703E-02
  0.703125000      0.734375000       6.97041526E-02  -4.76747714E-02  -2.04325281E-02
  0.734375000      0.734375000       5.85875809E-02  -6.36417791E-02  -1.88495014E-02
  0.765625000      0.734375000       4.60925549E-02  -8.16025287E-02  -1.70764606E-02
  0.796875000      0.734375000       3.19824778E-02 -0.104614556      -1.51663274E-02
  0.828125000      0.734375000       1.50773088E-02 -0.139568791      -1.31236073E-02
  0.859375000      0.734375000      -7.04687182E-03 -0.200285524      -1.08134989E-02
  0.890625000      0.734375000      -3.10392380E-02 -0.290825486      -7.31033925E-03
  0.921875000      0.734375000      -4.67077047E-02 -0.391053379      -2.85521196E-03
  0.953125000      0.734375000      -4.38972972E-02 -0.448758006       1.34189834E-03
  0.984375000      0.734375000      -1.83390770E-02 -0.337458968       3.07203410E-03
   1.56250000E-02  0.765625000       1.14749488E-03   3.11289206E-02   5.26136428E-05
   4.68750000E-02  0.765625000       5.09111863E-03   8.74340236E-02   1.85616329E-04
   7.81250000E-02  0.765625000       1.15391370E-02  0.128337517       3.59422353E-04
  0.109375000      0.765625000       1.93622261E-02  0.152974606       5.11341670E-04
  0.140625000      0.765625000       2.81102024E-02  0.165087909       4.76633955E-04
  0.171875000      0.765625000       3.76090184E-02  0.168763682       9.86070809E-05
  0.203125000      0.765625000       4.77099046E-02  0.167004600      -7.19168282E-04
  0.234375000      0.765625000       5.81978522E-02  0.161664486      -2.00480549E-03
  0.265625000      0.765625000       6.87932670E-02  0.153798908      -3.72919510E-03
  0.296875000      0.765625000       7.91784674E-02  0.144009069      -5.81992464E-03
  0.328125000      0.765625000       8.90249386E-02  0.132672727      -8.17351229E-03
  0.359375000      0.765625000       9.80148613E-02  0.120075449      -1.06663369E-02
  0.390625000      0.765625000      0.105856866      0.106477574      -1.31650893E-02
  0.421875000      0.765625000      0.112297744       9.21426564E-02  -1.55369435E-02
  0.453125000      0.765625000      0.117131144       7.73426890E-02  -1.76591035E-02
  0.484375000      0.765625000      0.120202854       6.23482130E-02  -1.94270574E-02
  0.515625000      0.765625000      0.121410534       4.74095829E-02  -2.07606032E-02
  0.546875000      0.765625000      0.120694458       3.27337757E-02  -2.16069855E-02
  0.578125000      0.765625000      0.118012086       1.84550248E-02  -2.19404846E-02
  0.609375000      0.765625000      0.113288328       4.56329295E-03  -2.17568260E-02
  0.640625000      0.765625000      0.106558010      -9.35727358E-03  -2.11598799E-02
  0.671875000      0.765625000       9.79667604E-02  -2.30705477E-02  -2.01572385E-02
  0.703125000      0.765625000       8.76287669E-02  -3.68631482E-02  -1.87853891E-02
  0.734375000      0.765625000       7.56566077E-02  -5.13612665E-02  -1.71051249E-02
  0.765625000      0.765625000       6.21473715E-02  -6.78773895E-02  -1.51750427E-02
  0.796875000      0.765625000       4.71157655E-02  -8.91987532E-02  -1.30372234E-02
  0.828125000      0.765625000       3.02159898E-02 -0.121182591      -1.06914658E-02
  0.859375000      0.765625000       9.35331360E-03 -0.175689846      -8.06100015E-03
  0.890625000      0.765625000      -1.58979204E-02 -0.266184121      -4.36324952E-03
  0.921875000      0.765625000      -3.69419456E-02 -0.378989816       1.04681368E-03
  0.953125000      0.765625000      -4.02544439E-02 -0.460327655       6.58339402E-03
  0.984375000      0.765625000      -1.79540776E-02 -0.373755217       9.24085639E-03
   1.56250000E-02  0.796875000       2.02733368E-04   2.97764074E-02   1.47559531E-05
   4.68750000E-02  0.796875000       2.33076769E-03   8.27096403E-02   1.88291800E-04
   7.81250000E-02  0.796875000       7.64405495E-03  0.121294610       5.59256470E-04
  0.109375000      0.796875000       1.55362543E-02  0.144296199       1.05087238E-03
  0.140625000      0.796875000       2.53849775E-02  0.155163884       1.41326303E-03
  0.171875000      0.796875000       3.66846099E-02  0.157884270       1.41483569E-03
  0.203125000      0.796875000       4.89606187E-02  0.155503377       9.10613278E-04
  0.234375000      0.796875000       6.17352724E-02  0.149901137      -1.43615471E-04
  0.265625000      0.796875000       7.45625049E-02  0.142139778      -1.71448803E-03
  0.296875000      0.796875000       8.70350152E-02  0.132812947      -3.71701643E-03
  0.328125000      0.796875000       9.87832472E-02  0.122278884      -6.03384618E-03
  0.359375000      0.796875000      0.109475955      0.110793471      -8.52919556E-03
  0.390625000      0.796875000      0.118823335       9.85787287E-02  -1.10600777E-02
  0.421875000      0.796875000      0.126581177       8.58526453E-02  -1.34862289E-02
  0.453125000      0.796875000      0.132554784       7.28363693E-02  -1.56788900E-02
  0.484375000      0.796875000      0.136600763       5.97478747E-02  -1.75282117E-02
  0.515625000      0.796875000      0.138625249       4.67887148E-02  -1.89485736E-02
  0.546875000      0.796875000      0.138578057       3.41284052E-02  -1.98815651E-02
  0.578125000      0.796875000      0.136443898       2.18866356E-02  -2.02966146E-02
  0.609375000      0.796875000      0.132224590       1.00833662E-02  -2.01903488E-02
  0.640625000      0.796875000      0.125756279      -1.67140237E-03  -1.95864402E-02
  0.671875000      0.796875000      0.117099658      -1.35027021E-02  -1.85868926E-02
  0.703125000      0.796875000      0.106524616      -2.55138595E-02  -1.71739273E-02
  0.734375000      0.796875000       9.41200107E-02  -3.83317024E-02  -1.53899211E-02
  0.765625000      0.796875000       7.99758583E-02  -5.32537363E-02  -1.32689122E-02
  0.796875000      0.796875000       6.41712099E-02  -7.29887113E-02  -1.08181275E-02
  0.828125000      0.796875000       4.66819629E-02 -0.103008702      -7.98267312E-03
  0.859375000      0.796875000       2.69650146E-02 -0.153291643      -4.59381379E-03
  0.890625000      0.796875000       2.33051088E-03 -0.238706097      -3.47340858E-04
  0.921875000      0.796875000      -2.30427608E-02 -0.360061347       6.51902240E-03
  0.953125000      0.796875000      -3.38455103E-02 -0.465152353       1.42388884E-02
  0.984375000      0.796875000      -1.66864712E-02 -0.408400029       1.84258856E-02
   1.56250000E-02  0.828125000      -1.44097372E-03   3.10119353E-02  -5.82992579E-05
   4.68750000E-02  0.828125000      -2.58449814E-03   8.04833621E-02   1.59764953E-04
   7.81250000E-02  0.828125000       7.95898726E-04  0.114819989       8.75490601E-04
  0.109375000      0.828125000       8.80114082E-03  0.134865910       1.77982345E-03
  0.140625000      0.828125000       1.99656375E-02  0.143573403       2.58993683E-03
  0.171875000      0.828125000       3.33656967E-02  0.144767851       3.00098537E-03
  0.203125000      0.828125000       4.81442735E-02  0.141559020       2.81002070E-03
  0.234375000      0.828125000       6.34900779E-02  0.135720506       1.96430041E-03
  0.265625000      0.828125000       7.87710547E-02  0.128209800       5.11585618E-04
  0.296875000      0.828125000       9.34968293E-02  0.119544610      -1.44285965E-03
  0.328125000      0.828125000      0.107271984      0.110026233      -3.76300723E-03
  0.359375000      0.828125000      0.119768411       9.98616517E-02  -6.29832782E-03
  0.390625000      0.828125000      0.130712926       8.92252922E-02  -8.89507309E-03
  0.421875000      0.828125000      0.139883250       7.82860667E-02  -1.14053320E-02
  0.453125000      0.828125000      0.147107273       6.72145039E-02  -1.36947110E-02
  0.484375000      0.828125000      0.152262330       5.61784580E-02  -1.56486556E-02
  0.515625000      0.828125000      0.155272663       4.53331098E-02  -1.71769336E-02
  0.546875000      0.828125000      0.156104863       3.48084830E-02  -1.82160456E-02
  0.578125000      0.828125000      0.154760450       2.46938914E-02  -1.87294893E-02
  0.609375000      0.828125000      0.151258141       1.50054060E-02  -1.87059678E-02
  0.640625000      0.828125000      0.145559147       5.58017101E-03  -1.81536023E-02
  0.671875000      0.828125000      0.137554973      -4.08876268E-03  -1.71373989E-02
  0.703125000      0.828125000      0.127394527      -1.41894221E-02  -1.56964287E-02
  0.734375000      0.828125000      0.115306012      -2.51622945E-02  -1.38102081E-02
  0.765625000      0.828125000      0.101316355      -3.82910818E-02  -1.14715435E-02
  0.796875000      0.828125000       8.54548812E-02  -5.62896952E-02  -8.62029009E-03
  0.828125000      0.828125000       6.77289218E-02  -8.44998136E-02  -5.09030139E-03
  0.859375000      0.828125000       4.78741303E-02 -0.132238984      -5.19137480E-04
  0.890625000      0.828125000       2.48739347E-02 -0.212136745       5.68918930E-03
  0.921875000      0.828125000      -2.69005354E-03 -0.333707839       1.40594570E-02
  0.953125000      0.828125000      -2.27737706E-02 -0.460634649       2.54656244E-02
  0.984375000      0.828125000      -1.38858892E-02 -0.438977957       3.23201753E-02
   1.56250000E-02  0.859375000      -4.27185977E-03   3.67216021E-02  -2.42949842E-04
   4.68750000E-02  0.859375000      -1.04378564E-02   8.20759088E-02   6.07525435E-05
   7.81250000E-02  0.859375000      -9.82235186E-03  0.109222978       1.22379523E-03
  0.109375000      0.859375000      -1.53405010E-03  0.124160245       2.70537473E-03
  0.140625000      0.859375000       1.17330393E-02  0.129837871       4.00744053E-03
  0.171875000      0.859375000       2.78829969E-02  0.128943771       4.84306552E-03
  0.203125000      0.859375000       4.56824787E-02  0.124796242       4.93788905E-03
  0.234375000      0.859375000       6.39666617E-02  0.118846051       4.25274391E-03
  0.265625000      0.859375000       8.19571316E-02  0.111807719       2.86511588E-03
  0.296875000      0.859375000       9.91232544E-02  0.104052193       9.08137765E-04
  0.328125000      0.859375000      0.115077004       9.57897455E-02  -1.46043266E-03
  0.359375000      0.859375000      0.129518256       8.71629342E-02  -4.07457631E-03
  0.390625000      0.859375000      0.142209813       7.82925934E-02  -6.77001243E-03
  0.421875000      0.859375000      0.152967200       6.92974553E-02  -9.39192437E-03
  0.453125000      0.859375000      0.161654949       6.02989942E-02  -1.18012363E-02
  0.484375000      0.859375000      0.168184668       5.14176227E-02  -1.38797397E-02
  0.515625000      0.859375000      0.172512263       4.27646115E-02  -1.55335981E-02
  0.546875000      0.859375000      0.174633950       3.44314948E-02  -1.66950710E-02
  0.578125000      0.859375000      0.174580052       2.64769644E-02  -1.73222087E-02
  0.609375000      0.859375000      0.172405079       1.89063605E-02  -1.73966065E-02
  0.640625000      0.859375000      0.168162435       1.16261728E-02  -1.69193186E-02
  0.671875000      0.859375000      0.161771536       4.26396914E-03  -1.59049723E-02
  0.703125000      0.859375000      0.153117582      -3.72603722E-03  -1.44027714E-02
  0.734375000      0.859375000      0.142419264      -1.28394319E-02  -1.24226799E-02
  0.765625000      0.859375000      0.129821897      -2.40301639E-02  -9.84891038E-03
  0.796875000      0.859375000      0.115200467      -4.00739834E-02  -6.50309026E-03
  0.828125000      0.859375000       9.84187722E-02  -6.62173927E-02  -2.02982523E-03
  0.859375000      0.859375000       7.89674670E-02 -0.111228153       4.25132969E-03
  0.890625000      0.859375000       5.54970950E-02 -0.186692894       1.33757144E-02
  0.921875000      0.859375000       2.61138640E-02 -0.302222610       2.61958279E-02
  0.953125000      0.859375000      -3.43989581E-03 -0.442501605       4.21505310E-02
  0.984375000      0.859375000      -8.29231925E-03 -0.461163163       5.39215244E-02
   1.56250000E-02  0.890625000      -9.09774192E-03   5.00875339E-02  -9.21064522E-04
   4.68750000E-02  0.890625000      -2.23424695E-02   8.81122351E-02  -3.11627111E-04
   7.81250000E-02  0.890625000      -2.40113735E-02  0.104230024       1.58778939E-03
  0.109375000      0.890625000      -1.45215001E-02  0.111364082       3.82085238E-03
  0.140625000      0.890625000       2.01083906E-03  0.112822808       5.62800793E-03
  0.171875000      0.890625000       2.21902244E-02  0.109617397       6.89799525E-03
  0.203125000      0.890625000       4.37965319E-02  0.104705334       7.21963542E-03
  0.234375000      0.890625000       6.55064583E-02   9.89328548E-02   6.62386697E-03
  0.265625000      0.890625000       8.65570009E-02   9.26721320E-02   5.23673603E-03
  0.296875000      0.890625000      0.106465831       8.61076862E-02   3.22372955E-03
  0.328125000      0.890625000      0.124901570       7.93424100E-02   7.64065539E-04
  0.359375000      0.890625000      0.141622365       7.24485368E-02  -1.96222751E-03
  0.390625000      0.890625000      0.156448126       6.54924065E-02  -4.78210347E-03
  0.421875000      0.890625000      0.169248909       5.85441962E-02  -7.53536727E-03
  0.453125000      0.890625000      0.179940403       5.16791865E-02  -1.00796223E-02
  0.484375000      0.890625000      0.188481599       4.49736379E-02  -1.22942254E-02
  0.515625000      0.890625000      0.194871992       3.84980887E-02  -1.40829142E-02
  0.546875000      0.890625000      0.199147090       3.23086344E-02  -1.53747164E-02
  0.578125000      0.890625000      0.201371580       2.64361091E-02  -1.61229633E-02
  0.609375000      0.890625000      0.201629102       2.08705291E-02  -1.63021367E-02
  0.640625000      0.890625000      0.200005025       1.55331613E-02  -1.59023702E-02
  0.671875000      0.890625000      0.196543634       1.02120135E-02  -1.49205998E-02
  0.703125000      0.890625000      0.191118419       4.40576766E-03  -1.33443363E-02
  0.734375000      0.890625000      0.183512598      -2.66881054E-03  -1.11748148E-02
  0.765625000      0.890625000      0.173844993      -1.19403973E-02  -8.36126227E-03
  0.796875000      0.890625000      0.162151068      -2.58562919E-02  -4.39455593E-03
  0.828125000      0.890625000      0.147890061      -4.94039617E-02   1.37870142E-03
  0.859375000      0.890625000      0.129722163      -9.04377997E-02   1.01459669E-02
  0.890625000      0.890625000      0.104970247     -0.159279883       2.36772634E-02
  0.921875000      0.890625000       7.04665035E-02 -0.265770197       4.35366184E-02
  0.953125000      0.890625000       2.79433783E-02 -0.406900018       6.84293509E-02
  0.984375000      0.890625000       2.73745507E-03 -0.466726243       8.85072649E-02
   1.56250000E-02  0.921875000      -1.58784427E-02   7.50595331E-02  -3.30128171E-03
   4.68750000E-02  0.921875000      -3.60943452E-02   9.65911597E-02  -1.46656472E-03
   7.81250000E-02  0.921875000      -3.59145179E-02   9.72285643E-02   1.82240061E-03
  0.109375000      0.921875000      -2.16916651E-02   9.46399420E-02   5.08301239E-03
  0.140625000      0.921875000       6.77922275E-04   9.06309411E-02   7.46938772E-03
  0.171875000      0.921875000       2.65941024E-02   8.56990740E-02   9.09498613E-03
  0.203125000      0.921875000       5.30167893E-02   8.05805549E-02   9.54604242E-03
  0.234375000      0.921875000       7.89216608E-02   7.54302442E-02   8.95812176E-03
  0.265625000      0.921875000      0.103740185       7.02954158E-02   7.51031702E-03
  0.296875000      0.921875000      0.127119824       6.51884675E-02   5.39784739E-03
  0.328125000      0.921875000      0.148827553       6.01136833E-02   2.81758886E-03
  0.359375000      0.921875000      0.168703169       5.50792813E-02  -3.98523698E-05
  0.390625000      0.921875000      0.186637580       5.01025468E-02  -2.99528101E-03
  0.421875000      0.921875000      0.202563494       4.52105813E-02  -5.88512048E-03
  0.453125000      0.921875000      0.216451705       4.04379927E-02  -8.56516510E-03
  0.484375000      0.921875000      0.228308558       3.58227640E-02  -1.09135639E-02
  0.515625000      0.921875000      0.238172919       3.14007625E-02  -1.28327273E-02
  0.546875000      0.921875000      0.246111006       2.71993279E-02  -1.42495679E-02
  0.578125000      0.921875000      0.252208650       2.32293643E-02  -1.51137449E-02
  0.609375000      0.921875000      0.256559551       1.94740016E-02  -1.53933764E-02
  0.640625000      0.921875000      0.259247661       1.58693902E-02  -1.50676332E-02
  0.671875000      0.921875000      0.260319531       1.22673418E-02  -1.41142365E-02
  0.703125000      0.921875000      0.259736419       8.35860521E-03  -1.24891046E-02
  0.734375000      0.921875000      0.257257462       3.46047152E-03  -1.00904051E-02
  0.765625000      0.921875000      0.252566069      -3.71634751E-03  -6.82034530E-03
  0.796875000      0.921875000      0.245435879      -1.52655020E-02  -2.02234881E-03
  0.828125000      0.921875000      0.234878600      -3.51897739E-02   5.58404904E-03
  0.859375000      0.921875000      0.218108803      -6.97317868E-02   1.78823099E-02
  0.890625000      0.921875000      0.190294117     -0.127440631       3.77241187E-02
  0.921875000      0.921875000      0.145540386     -0.218376279       6.80236891E-02
  0.953125000      0.921875000       8.18502232E-02 -0.348106444      0.108198330    
  0.984375000      0.921875000       2.27560289E-02 -0.441241980      0.144135520    
   1.56250000E-02  0.953125000      -1.66865494E-02  0.107620001      -1.08075235E-02
   4.68750000E-02  0.953125000      -2.75404770E-02   9.50899422E-02  -3.79250571E-03
   7.81250000E-02  0.953125000      -8.18316918E-03   7.91797936E-02   2.03774380E-03
  0.109375000      0.953125000       2.15170607E-02   6.87511414E-02   6.53226953E-03
  0.140625000      0.953125000       5.43812364E-02   6.12699278E-02   9.64334887E-03
  0.171875000      0.953125000       8.76584947E-02   5.58498614E-02   1.14013171E-02
  0.203125000      0.953125000      0.120303988       5.13452664E-02   1.18570179E-02
  0.234375000      0.953125000      0.151674926       4.73749638E-02   1.11986874E-02
  0.265625000      0.953125000      0.181449682       4.37451042E-02   9.64212231E-03
  0.296875000      0.953125000      0.209454358       4.03451137E-02   7.40335695E-03
  0.328125000      0.953125000      0.235587403       3.71100679E-02   4.69051208E-03
  0.359375000      0.953125000      0.259788662       3.40029560E-02   1.70014566E-03
  0.390625000      0.953125000      0.282026887       3.10059525E-02  -1.38566014E-03
  0.421875000      0.953125000      0.302295327       2.81148497E-02  -4.40216763E-03
  0.453125000      0.953125000      0.320610404       2.53342912E-02  -7.20486743E-03
  0.484375000      0.953125000      0.337010920       2.26742141E-02  -9.67192557E-03
  0.515625000      0.953125000      0.351555824       2.01458372E-02  -1.17054498E-02
  0.546875000      0.953125000      0.364320785       1.77571643E-02  -1.32312514E-02
  0.578125000      0.953125000      0.375391304       1.55088641E-02  -1.41964424E-02
  0.609375000      0.953125000      0.384852588       1.33869722E-02  -1.45640243E-02
  0.640625000      0.953125000      0.392773032       1.13511775E-02  -1.43032232E-02
  0.671875000      0.953125000      0.399177372       9.31084715E-03  -1.33722108E-02
  0.703125000      0.953125000      0.404005408       7.06947828E-03  -1.16877686E-02
  0.734375000      0.953125000      0.407059968       4.17068973E-03  -9.06950608E-03
  0.765625000      0.953125000      0.407916784      -5.98530925E-04  -5.13768289E-03
  0.796875000      0.953125000      0.405509651      -8.85641947E-03   1.02916523E-03
  0.828125000      0.953125000      0.397432059      -2.29785256E-02   1.11413840E-02
  0.859375000      0.953125000      0.379216969      -4.69769128E-02   2.79716626E-02
  0.890625000      0.953125000      0.343698502      -8.68851542E-02   5.57203665E-02
  0.921875000      0.953125000      0.281034648     -0.151539952       9.94781330E-02
  0.953125000      0.953125000      0.181799620     -0.252044797      0.161971480    
  0.984375000      0.953125000       6.10311739E-02 -0.357464433      0.229354292    
   1.56250000E-02  0.984375000       6.21506386E-02   6.21521138E-02  -2.85211299E-02
   4.68750000E-02  0.984375000      0.168926165       4.46271040E-02  -3.20531963E-03
   7.81250000E-02  0.984375000      0.246374279       3.28257829E-02   5.54585317E-03
  0.109375000      0.984375000      0.305480361       2.62857787E-02   1.01338178E-02
  0.140625000      0.984375000      0.354048401       2.22884417E-02   1.28931291E-02
  0.171875000      0.984375000      0.395958722       1.96283944E-02   1.42935533E-02
  0.203125000      0.984375000      0.433222860       1.76421050E-02   1.44613236E-02
  0.234375000      0.984375000      0.466887772       1.60286184E-02   1.35662314E-02
  0.265625000      0.984375000      0.497552216       1.46407383E-02   1.18073719E-02
  0.296875000      0.984375000      0.525588632       1.33994957E-02   9.39100422E-03
  0.328125000      0.984375000      0.551245332       1.22598335E-02   6.51917607E-03
  0.359375000      0.984375000      0.574698687       1.11951185E-02   3.38448817E-03
  0.390625000      0.984375000      0.596083403       1.01900110E-02   1.66027283E-04
  0.421875000      0.984375000      0.615510345       9.23655555E-03  -2.97398516E-03
  0.453125000      0.984375000      0.633079231       8.33132584E-03  -5.89279458E-03
  0.484375000      0.984375000      0.648885965       7.47385994E-03  -8.46995227E-03
  0.515625000      0.984375000      0.663026810       6.66507846E-03  -1.06083350E-02
  0.546875000      0.984375000      0.675599158       5.90538094E-03  -1.22334063E-02
  0.578125000      0.984375000      0.686699986       5.19369217E-03  -1.32908905E-02
  0.609375000      0.984375000      0.696419895       4.52469336E-03  -1.37405153E-02
  0.640625000      0.984375000      0.704830527       3.88496043E-03  -1.35439038E-02
  0.671875000      0.984375000      0.711960077       3.24419560E-03  -1.26430951E-02
  0.703125000      0.984375000      0.717735648       2.53173430E-03  -1.09136328E-02
  0.734375000      0.984375000      0.721826196       1.56018836E-03  -8.04962404E-03
  0.765625000      0.984375000      0.723179460      -2.04255804E-04  -3.22693563E-03
  0.796875000      0.984375000      0.719648778      -3.32238688E-03   4.51246323E-03
  0.828125000      0.984375000      0.707760930      -8.56003538E-03   1.71002112E-02
  0.859375000      0.984375000      0.681879044      -1.73149295E-02   3.80681753E-02
  0.890625000      0.984375000      0.632693291      -3.18626799E-02   7.26975054E-02
  0.921875000      0.984375000      0.544797063      -5.60244843E-02  0.128053188    
  0.953125000      0.984375000      0.392605752      -9.61572677E-02  0.211341113    
  0.984375000      0.984375000      0.148221821     -0.148219049      0.322964489    
