 VARIABLES="X","Y","U","V","P"
 ZONE F=POINT, I=          32 , J=          32
   1.56250000E-02   1.56250000E-02   3.72544222E-04  -3.74512194E-04   1.53599409E-02
   4.68750000E-02   1.56250000E-02   1.19603472E-03  -4.53533226E-04   1.53214484E-02
   7.81250000E-02   1.56250000E-02   1.86239416E-03  -2.17954759E-04   1.51911806E-02
  0.109375000       1.56250000E-02   1.97857898E-03   9.67488013E-05   1.49907060E-02
  0.140625000       1.56250000E-02   1.46609929E-03   4.10859298E-04   1.47373360E-02
  0.171875000       1.56250000E-02   3.40981642E-04   7.09585496E-04   1.44425668E-02
  0.203125000       1.56250000E-02  -1.37760036E-03   1.00457878E-03   1.41115412E-02
  0.234375000       1.56250000E-02  -3.69227445E-03   1.30598026E-03   1.37520321E-02
  0.265625000       1.56250000E-02  -6.61418494E-03   1.61214964E-03   1.33775044E-02
  0.296875000       1.56250000E-02  -1.01384008E-02   1.90865225E-03   1.30081922E-02
  0.328125000       1.56250000E-02  -1.42227663E-02   2.17267335E-03   1.26719158E-02
  0.359375000       1.56250000E-02  -1.87747255E-02   2.37660483E-03   1.24032367E-02
  0.390625000       1.56250000E-02  -2.36451030E-02   2.49141362E-03   1.22415097E-02
  0.421875000       1.56250000E-02  -2.86285970E-02   2.48997705E-03   1.22279711E-02
  0.453125000       1.56250000E-02  -3.34704556E-02   2.34993175E-03   1.24019971E-02
  0.484375000       1.56250000E-02  -3.78780365E-02   2.05575395E-03   1.27966404E-02
  0.515625000       1.56250000E-02  -4.15355787E-02   1.59982650E-03   1.34335477E-02
  0.546875000       1.56250000E-02  -4.41210791E-02   9.83503065E-04   1.43174650E-02
  0.578125000       1.56250000E-02  -4.53276597E-02   2.20582384E-04   1.54301906E-02
  0.609375000       1.56250000E-02  -4.49077189E-02  -6.43406180E-04   1.67002641E-02
  0.640625000       1.56250000E-02  -4.26019020E-02  -1.66572188E-03   1.80023387E-02
  0.671875000       1.56250000E-02  -3.82125303E-02  -2.72742449E-03   1.92247350E-02
  0.703125000       1.56250000E-02  -3.18061411E-02  -3.68315494E-03   2.02350076E-02
  0.734375000       1.56250000E-02  -2.37577856E-02  -4.36970685E-03   2.09068526E-02
  0.765625000       1.56250000E-02  -1.47829875E-02  -4.60980320E-03   2.11542621E-02
  0.796875000       1.56250000E-02  -5.94432279E-03  -4.23365738E-03   2.09680852E-02
  0.828125000       1.56250000E-02   1.41285220E-03  -3.12830461E-03   2.04479098E-02
  0.859375000       1.56250000E-02   5.97985927E-03  -1.44342554E-03   1.97709855E-02
  0.890625000       1.56250000E-02   7.26679340E-03   1.51856089E-04   1.91273876E-02
  0.921875000       1.56250000E-02   5.92548028E-03   1.18492323E-03   1.86627135E-02
  0.953125000       1.56250000E-02   3.23127350E-03   1.50485209E-03   1.84252188E-02
  0.984375000       1.56250000E-02   8.62113957E-04   8.60776112E-04   1.84068307E-02
   1.56250000E-02   4.68750000E-02   4.46719117E-04  -1.19846314E-03   1.53973699E-02
   4.68750000E-02   4.68750000E-02   1.15341926E-03  -1.17039087E-03   1.53539795E-02
   7.81250000E-02   4.68750000E-02   1.04560598E-03  -7.14000053E-05   1.52333975E-02
  0.109375000       4.68750000E-02  -4.65180579E-04   1.33332273E-03   1.50567554E-02
  0.140625000       4.68750000E-02  -3.52464360E-03   2.73515633E-03   1.48332966E-02
  0.171875000       4.68750000E-02  -8.09778087E-03   4.07298096E-03   1.45686585E-02
  0.203125000       4.68750000E-02  -1.41069312E-02   5.35899121E-03   1.42654190E-02
  0.234375000       4.68750000E-02  -2.14420930E-02   6.59221550E-03   1.39286183E-02
  0.265625000       4.68750000E-02  -2.99372561E-02   7.73462420E-03   1.35688800E-02
  0.296875000       4.68750000E-02  -3.93519998E-02   8.71766265E-03   1.32040642E-02
  0.328125000       4.68750000E-02  -4.93696481E-02   9.45909787E-03   1.28601007E-02
  0.359375000       4.68750000E-02  -5.96089214E-02   9.87569802E-03   1.25705590E-02
  0.390625000       4.68750000E-02  -6.96433038E-02   9.89212468E-03   1.23749813E-02
  0.421875000       4.68750000E-02  -7.90222138E-02   9.44733340E-03   1.23159988E-02
  0.453125000       4.68750000E-02  -8.72908235E-02   8.49908404E-03   1.24354381E-02
  0.484375000       4.68750000E-02  -9.40071344E-02   7.02665653E-03   1.27695557E-02
  0.515625000       4.68750000E-02  -9.87565219E-02   5.03185112E-03   1.33438110E-02
  0.546875000       4.68750000E-02 -0.101163998       2.53998348E-03   1.41674820E-02
  0.578125000       4.68750000E-02 -0.100902550      -3.95946874E-04   1.52293984E-02
  0.609375000       4.68750000E-02  -9.76331979E-02  -3.72226303E-03   1.64150223E-02
  0.640625000       4.68750000E-02  -9.11860466E-02  -7.34698772E-03   1.76551230E-02
  0.671875000       4.68750000E-02  -8.16885903E-02  -1.09412353E-02   1.88293047E-02
  0.703125000       4.68750000E-02  -6.94670975E-02  -1.41064841E-02   1.98056400E-02
  0.734375000       4.68750000E-02  -5.50895371E-02  -1.63823720E-02   2.04614215E-02
  0.765625000       4.68750000E-02  -3.94190550E-02  -1.72530264E-02   2.07152031E-02
  0.796875000       4.68750000E-02  -2.36629546E-02  -1.61960442E-02   2.05624048E-02
  0.828125000       4.68750000E-02  -9.37660970E-03  -1.28202997E-02   2.00986285E-02
  0.859375000       4.68750000E-02   1.58655178E-03  -7.29231257E-03   1.95094515E-02
  0.890625000       4.68750000E-02   7.42712431E-03  -1.13720994E-03   1.89647656E-02
  0.921875000       4.68750000E-02   7.94728938E-03   3.28501081E-03   1.85799357E-02
  0.953125000       4.68750000E-02   5.02363499E-03   5.01279207E-03   1.83863658E-02
  0.984375000       4.68750000E-02   1.50894152E-03   3.22866975E-03   1.83803663E-02
   1.56250000E-02   7.81250000E-02   6.61288650E-05  -1.71681494E-03   1.55349299E-02
   4.68750000E-02   7.81250000E-02  -5.41110756E-04  -7.63765769E-04   1.54646672E-02
   7.81250000E-02   7.81250000E-02  -2.91435840E-03   1.98963913E-03   1.53383072E-02
  0.109375000       7.81250000E-02  -7.35986931E-03   5.21555403E-03   1.51687972E-02
  0.140625000       7.81250000E-02  -1.38426404E-02   8.38266220E-03   1.49590345E-02
  0.171875000       7.81250000E-02  -2.22125240E-02   1.13566704E-02   1.47057399E-02
  0.203125000       7.81250000E-02  -3.22405621E-02   1.41014969E-02   1.44052226E-02
  0.234375000       7.81250000E-02  -4.36224490E-02   1.65566932E-02   1.40579725E-02
  0.265625000       7.81250000E-02  -5.59823439E-02   1.86161827E-02   1.36717195E-02
  0.296875000       7.81250000E-02  -6.88875169E-02   2.01481245E-02   1.32631492E-02
  0.328125000       7.81250000E-02  -8.18687454E-02   2.10207067E-02   1.28586320E-02
  0.359375000       7.81250000E-02  -9.44408774E-02   2.11197603E-02   1.24937771E-02
  0.390625000       7.81250000E-02 -0.106121704       2.03584731E-02   1.22115891E-02
  0.421875000       7.81250000E-02 -0.116447948       1.86820868E-02   1.20593458E-02
  0.453125000       7.81250000E-02 -0.124988146       1.60695892E-02   1.20842373E-02
  0.484375000       7.81250000E-02 -0.131352514       1.25334514E-02   1.23280324E-02
  0.515625000       7.81250000E-02 -0.135199636       8.11804831E-03   1.28214257E-02
  0.546875000       7.81250000E-02 -0.136239767       2.89739505E-03   1.35783283E-02
  0.578125000       7.81250000E-02 -0.134232640      -3.02667590E-03   1.45670120E-02
  0.609375000       7.81250000E-02 -0.129040778      -9.55858547E-03   1.57061145E-02
  0.640625000       7.81250000E-02 -0.120698214      -1.63074266E-02   1.69273559E-02
  0.671875000       7.81250000E-02 -0.109382644      -2.28021499E-02   1.81097277E-02
  0.703125000       7.81250000E-02  -9.53917950E-02  -2.84674447E-02   1.91199258E-02
  0.734375000       7.81250000E-02  -7.91888088E-02  -3.26124988E-02   1.98324919E-02
  0.765625000       7.81250000E-02  -6.14607632E-02  -3.44326980E-02   2.01601293E-02
  0.796875000       7.81250000E-02  -4.31809276E-02  -3.30639519E-02   2.00881269E-02
  0.828125000       7.81250000E-02  -2.56640110E-02  -2.77674235E-02   1.96990799E-02
  0.859375000       7.81250000E-02  -1.05777653E-02  -1.84062831E-02   1.91641599E-02
  0.890625000       7.81250000E-02   1.14325550E-04  -6.56731799E-03   1.86656397E-02
  0.921875000       7.81250000E-02   4.66642529E-03   3.63180530E-03   1.83074214E-02
  0.953125000       7.81250000E-02   3.92539706E-03   8.31999071E-03   1.81396492E-02
  0.984375000       7.81250000E-02   1.30934268E-03   6.04335498E-03   1.81330666E-02
   1.56250000E-02  0.109375000      -6.31524366E-04  -1.15703931E-03   1.57520939E-02
   4.68750000E-02  0.109375000      -3.33051104E-03   1.97011605E-03   1.56352147E-02
   7.81250000E-02  0.109375000      -8.73063132E-03   7.01539498E-03   1.54879242E-02
  0.109375000      0.109375000      -1.64899863E-02   1.23813748E-02   1.53071750E-02
  0.140625000      0.109375000      -2.62912512E-02   1.74882188E-02   1.50840022E-02
  0.171875000      0.109375000      -3.78289595E-02   2.21468545E-02   1.48065835E-02
  0.203125000      0.109375000      -5.07518165E-02   2.62513198E-02   1.44651718E-02
  0.234375000      0.109375000      -6.46466315E-02   2.96737608E-02   1.40566025E-02
  0.265625000      0.109375000      -7.90543407E-02   3.22580971E-02   1.35873770E-02
  0.296875000      0.109375000      -9.34949294E-02   3.38446274E-02   1.30753890E-02
  0.328125000      0.109375000     -0.107489616       3.42940092E-02   1.25503745E-02
  0.359375000      0.109375000     -0.120577902       3.35019678E-02   1.20530194E-02
  0.390625000      0.109375000     -0.132330462       3.14058214E-02   1.16324937E-02
  0.421875000      0.109375000     -0.142358750       2.79862732E-02   1.13426186E-02
  0.453125000      0.109375000     -0.150321692       2.32661366E-02   1.12368092E-02
  0.484375000      0.109375000     -0.155929804       1.73072442E-02   1.13621112E-02
  0.515625000      0.109375000     -0.158946633       1.02060391E-02   1.17529398E-02
  0.546875000      0.109375000     -0.159187302       2.08764360E-03   1.24250874E-02
  0.578125000      0.109375000     -0.156511843      -6.90277573E-03   1.33340200E-02
  0.609375000      0.109375000     -0.150884882      -1.65056679E-02   1.44461840E-02
  0.640625000      0.109375000     -0.142353848      -2.62394696E-02   1.56761948E-02
  0.671875000      0.109375000     -0.131000683      -3.55456583E-02   1.69084836E-02
  0.703125000      0.109375000     -0.116995767      -4.37277481E-02   1.80108175E-02
  0.734375000      0.109375000     -0.100636289      -4.99237925E-02   1.88539717E-02
  0.765625000      0.109375000      -8.23976249E-02  -5.30981123E-02   1.93394385E-02
  0.796875000      0.109375000      -6.29980266E-02  -5.20885214E-02   1.94318555E-02
  0.828125000      0.109375000      -4.34776396E-02  -4.57910001E-02   1.91847309E-02
  0.859375000      0.109375000      -2.52963565E-02  -3.36611643E-02   1.87398102E-02
  0.890625000      0.109375000      -1.04447398E-02  -1.68669857E-02   1.82774365E-02
  0.921875000      0.109375000      -1.16213877E-03   8.61578155E-05   1.79312248E-02
  0.953125000      0.109375000       1.72637100E-03   9.70782619E-03   1.77321322E-02
  0.984375000      0.109375000       8.20075860E-04   8.16927012E-03   1.76915340E-02
   1.56250000E-02  0.140625000      -1.50431809E-03   9.73077549E-04   1.59991849E-02
   4.68750000E-02  0.140625000      -6.55289739E-03   7.57468399E-03   1.58275831E-02
   7.81250000E-02  0.140625000      -1.49721960E-02   1.52161550E-02   1.56465434E-02
  0.109375000      0.140625000      -2.56853066E-02   2.26395596E-02   1.54298469E-02
  0.140625000      0.140625000      -3.81145403E-02   2.94478089E-02   1.51564544E-02
  0.171875000      0.140625000      -5.18649146E-02   3.54636051E-02   1.48081221E-02
  0.203125000      0.140625000      -6.65483102E-02   4.05302197E-02   1.43718170E-02
  0.234375000      0.140625000      -8.17417875E-02   4.44738194E-02   1.38436081E-02
  0.265625000      0.140625000      -9.70012322E-02   4.71172556E-02   1.32317338E-02
  0.296875000      0.140625000     -0.111885086       4.83034328E-02   1.25580989E-02
  0.328125000      0.140625000     -0.125973374       4.79131415E-02   1.18582668E-02
  0.359375000      0.140625000     -0.138880402       4.58744541E-02   1.11797377E-02
  0.390625000      0.140625000     -0.150262415       4.21654433E-02   1.05787348E-02
  0.421875000      0.140625000     -0.159821630       3.68127003E-02   1.01155685E-02
  0.453125000      0.140625000     -0.167307228       2.98874713E-02   9.84893553E-03
  0.484375000      0.140625000     -0.172513783       2.15001795E-02   9.82953608E-03
  0.515625000      0.140625000     -0.175278485       1.17942784E-02   1.00933593E-02
  0.546875000      0.140625000     -0.175478280       9.39211284E-04   1.06549254E-02
  0.578125000      0.140625000     -0.173030972      -1.08784568E-02   1.14881601E-02
  0.609375000      0.140625000     -0.167885050      -2.33052112E-02   1.25715863E-02
  0.640625000      0.140625000     -0.160005659      -3.58538628E-02   1.38246873E-02
  0.671875000      0.140625000     -0.149386287      -4.79086041E-02   1.51382452E-02
  0.703125000      0.140625000     -0.136075452      -5.86866699E-02   1.63833108E-02
  0.734375000      0.140625000     -0.120208919      -6.71982169E-02   1.74272582E-02
  0.765625000      0.140625000     -0.102057204      -7.22224116E-02   1.81573573E-02
  0.796875000      0.140625000      -8.20948184E-02  -7.23353401E-02   1.85099002E-02
  0.828125000      0.140625000      -6.11015186E-02  -6.60674945E-02   1.84965860E-02
  0.859375000      0.140625000      -4.03151624E-02  -5.23622036E-02   1.82139836E-02
  0.890625000      0.140625000      -2.16494799E-02  -3.16932462E-02   1.78173631E-02
  0.921875000      0.140625000      -7.76290847E-03  -8.26669857E-03   1.74511485E-02
  0.953125000      0.140625000      -8.96670739E-04   8.29613023E-03   1.71962455E-02
  0.984375000      0.140625000       2.98187137E-04   9.28416196E-03   1.70945115E-02
   1.56250000E-02  0.171875000      -2.35462538E-03   4.82621696E-03   1.62030049E-02
   4.68750000E-02  0.171875000      -9.54437628E-03   1.59467608E-02   1.59760751E-02
   7.81250000E-02  0.171875000      -2.04826482E-02   2.61873156E-02   1.57489199E-02
  0.109375000      0.171875000      -3.34495306E-02   3.53347957E-02   1.54695977E-02
  0.140625000      0.171875000      -4.76987474E-02   4.34184112E-02   1.51073607E-02
  0.171875000      0.171875000      -6.28091171E-02   5.03423139E-02   1.46411695E-02
  0.203125000      0.171875000      -7.84120560E-02   5.59277982E-02   1.40584307E-02
  0.234375000      0.171875000      -9.41281319E-02   5.99772632E-02   1.33578507E-02
  0.265625000      0.171875000     -0.109573856       6.23120889E-02   1.25522036E-02
  0.296875000      0.171875000     -0.124380544       6.27939478E-02   1.16694365E-02
  0.328125000      0.171875000     -0.138208926       6.13357648E-02   1.07520297E-02
  0.359375000      0.171875000     -0.150757223       5.79051748E-02   9.85456817E-03
  0.390625000      0.171875000     -0.161764070       5.25229573E-02   9.03976709E-03
  0.421875000      0.171875000     -0.171007365       4.52582091E-02   8.37340765E-03
  0.453125000      0.171875000     -0.178300649       3.62221673E-02   7.91823678E-03
  0.484375000      0.171875000     -0.183488339       2.55615264E-02   7.72752846E-03
  0.515625000      0.171875000     -0.186441451       1.34526454E-02   7.83838890E-03
  0.546875000      0.171875000     -0.187056065       9.68930544E-05   8.26517493E-03
  0.578125000      0.171875000     -0.185256362      -1.42821772E-02   9.00778640E-03
  0.609375000      0.171875000     -0.180967152      -2.93365680E-02   1.00544393E-02
  0.640625000      0.171875000     -0.174101025      -4.45691571E-02   1.13347853E-02
  0.671875000      0.171875000     -0.164578646      -5.93375117E-02   1.27491541E-02
  0.703125000      0.171875000     -0.152339801      -7.28113204E-02   1.41746253E-02
  0.734375000      0.171875000     -0.137367383      -8.39177370E-02   1.54767111E-02
  0.765625000      0.171875000     -0.119732365      -9.12960395E-02   1.65276788E-02
  0.796875000      0.171875000      -9.96690094E-02  -9.32948589E-02   1.72309354E-02
  0.828125000      0.171875000      -7.76959136E-02  -8.80825222E-02   1.75471734E-02
  0.859375000      0.171875000      -5.48113510E-02  -7.40267634E-02   1.75131876E-02
  0.890625000      0.171875000      -3.28025557E-02  -5.07121235E-02   1.72399376E-02
  0.921875000      0.171875000      -1.45954574E-02  -2.13505719E-02   1.68753155E-02
  0.953125000      0.171875000      -3.62207764E-03   3.53129371E-03   1.65416859E-02
  0.984375000      0.171875000      -1.77415073E-04   9.40174144E-03   1.63545702E-02
   1.56250000E-02  0.203125000      -3.03570740E-03   1.02107376E-02   1.62722804E-02
   4.68750000E-02  0.203125000      -1.18591348E-02   2.65622269E-02   1.59964878E-02
   7.81250000E-02  0.203125000      -2.45970003E-02   3.92336138E-02   1.57132875E-02
  0.109375000      0.203125000      -3.90612260E-02   4.97061610E-02   1.53485239E-02
  0.140625000      0.203125000      -5.44037223E-02   5.86265028E-02   1.48656629E-02
  0.171875000      0.203125000      -7.02073127E-02   6.60373494E-02   1.42444074E-02
  0.203125000      0.203125000      -8.61454904E-02   7.17647001E-02   1.34757580E-02
  0.234375000      0.203125000     -0.101900794       7.56043643E-02   1.25636794E-02
  0.265625000      0.203125000     -0.117162935       7.73873925E-02   1.15272785E-02
  0.296875000      0.203125000     -0.131641373       7.70002604E-02   1.04014482E-02
  0.328125000      0.203125000     -0.145074621       7.43894428E-02   9.23568197E-03
  0.359375000      0.203125000     -0.157233924       6.95592016E-02   8.09104461E-03
  0.390625000      0.203125000     -0.167922169       6.25656247E-02   7.03584682E-03
  0.421875000      0.203125000     -0.176969811       5.35093173E-02   6.14037085E-03
  0.453125000      0.203125000     -0.184229672       4.25279737E-02   5.47081698E-03
  0.484375000      0.203125000     -0.189572573       2.97905542E-02   5.08309342E-03
  0.515625000      0.203125000     -0.192885250       1.54938214E-02   5.01631154E-03
  0.546875000      0.203125000     -0.194072455      -1.38292788E-04   5.28653059E-03
  0.578125000      0.203125000     -0.193063095      -1.68525241E-02   5.91736706E-03
  0.609375000      0.203125000     -0.189779580      -3.43363285E-02   6.91258814E-03
  0.640625000      0.203125000     -0.184112102      -5.21015897E-02   8.21377337E-03
  0.671875000      0.203125000     -0.175926208      -6.95133060E-02   9.73334815E-03
  0.703125000      0.203125000     -0.165064812      -8.57371762E-02   1.13574825E-02
  0.734375000      0.203125000     -0.151365906      -9.96660888E-02   1.29528549E-02
  0.765625000      0.203125000     -0.134705678     -0.109847203       1.43786799E-02
  0.796875000      0.203125000     -0.115078993     -0.114439234       1.55051118E-02
  0.828125000      0.203125000      -9.27359313E-02 -0.111260802       1.62373334E-02
  0.859375000      0.203125000      -6.84080943E-02  -9.80681181E-02   1.65416002E-02
  0.890625000      0.203125000      -4.36821058E-02  -7.34132975E-02   1.64664853E-02
  0.921875000      0.203125000      -2.15488859E-02  -3.89977619E-02   1.61441714E-02
  0.953125000      0.203125000      -6.42045867E-03  -4.93150717E-03   1.57469995E-02
  0.984375000      0.203125000      -6.14508986E-04   8.60685855E-03   1.54517293E-02
   1.56250000E-02  0.234375000      -3.46233253E-03   1.67030394E-02   1.61226615E-02
   4.68750000E-02  0.234375000      -1.32846171E-02   3.87025960E-02   1.58080012E-02
   7.81250000E-02  0.234375000      -2.70727035E-02   5.36050722E-02   1.54631976E-02
  0.109375000      0.234375000      -4.23364639E-02   6.50496706E-02   1.49983494E-02
  0.140625000      0.234375000      -5.81598058E-02   7.44372159E-02   1.43749509E-02
  0.171875000      0.234375000      -7.41363242E-02   8.19968283E-02   1.35759339E-02
  0.203125000      0.234375000      -8.99838507E-02   8.75829458E-02   1.25978012E-02
  0.234375000      0.234375000     -0.105446041       9.09977183E-02   1.14511568E-02
  0.265625000      0.234375000     -0.120280780       9.20872390E-02   1.01622343E-02
  0.296875000      0.234375000     -0.134265944       9.07624960E-02   8.77300836E-03
  0.328125000      0.234375000     -0.147203803       8.69988799E-02   7.33956415E-03
  0.359375000      0.234375000     -0.158921361       8.08290690E-02   5.92875760E-03
  0.390625000      0.234375000     -0.169267327       7.23340511E-02   4.61384840E-03
  0.421875000      0.234375000     -0.178108051       6.16346374E-02   3.46926367E-03
  0.453125000      0.234375000     -0.185323834       4.88845967E-02   2.56487820E-03
  0.484375000      0.234375000     -0.190807238       3.42670530E-02   1.95992645E-03
  0.515625000      0.234375000     -0.194464311       1.79940574E-02   1.69689162E-03
  0.546875000      0.234375000     -0.196218252       3.09311552E-04   1.79552310E-03
  0.578125000      0.234375000     -0.196015030      -1.85066722E-02   2.29400699E-03
  0.609375000      0.234375000     -0.193793043      -3.81825417E-02   3.21895094E-03
  0.640625000      0.234375000     -0.189441636      -5.82703128E-02   4.52420767E-03
  0.671875000      0.234375000     -0.182787716      -7.81818330E-02   6.13615848E-03
  0.703125000      0.234375000     -0.173590511      -9.71261710E-02   7.95340165E-03
  0.734375000      0.234375000     -0.161553204     -0.114013836       9.84830782E-03
  0.765625000      0.234375000     -0.146363795     -0.127351150       1.16721196E-02
  0.796875000      0.234375000     -0.127779007     -0.135150224       1.32659562E-02
  0.828125000      0.234375000     -0.105771765     -0.134904832       1.44804530E-02
  0.859375000      0.234375000      -8.07786733E-02 -0.123750716       1.52056087E-02
  0.890625000      0.234375000      -5.41148409E-02  -9.91269201E-02   1.54112726E-02
  0.921875000      0.234375000      -2.86554843E-02  -6.08835891E-02   1.51878502E-02
  0.953125000      0.234375000      -9.50883795E-03  -1.73279122E-02   1.47415865E-02
  0.984375000      0.234375000      -1.15374883E-03   6.83593145E-03   1.43358856E-02
   1.56250000E-02  0.265625000      -3.61075625E-03   2.37705670E-02   1.56939030E-02
   4.68750000E-02  0.265625000      -1.37886005E-02   5.16226068E-02   1.53524103E-02
   7.81250000E-02  0.265625000      -2.79316492E-02   6.86026886E-02   1.49458293E-02
  0.109375000      0.265625000      -4.33840752E-02   8.07560012E-02   1.43757174E-02
  0.140625000      0.265625000      -5.91741279E-02   9.03336629E-02   1.36045543E-02
  0.171875000      0.265625000      -7.49004930E-02   9.77945924E-02   1.26198195E-02
  0.203125000      0.265625000      -9.03175399E-02  0.103043295       1.14242481E-02
  0.234375000      0.265625000     -0.105219901      0.105897829       1.00354198E-02
  0.265625000      0.265625000     -0.119420797      0.106221102       8.48671235E-03
  0.296875000      0.265625000     -0.132751405      0.103945099       6.82688504E-03
  0.328125000      0.265625000     -0.145061523       9.90672037E-02   5.11815259E-03
  0.359375000      0.265625000     -0.156218350       9.16400701E-02   3.43277957E-03
  0.390625000      0.265625000     -0.166104063       8.17613453E-02   1.84879405E-03
  0.421875000      0.265625000     -0.174613714       6.95656240E-02   4.44936741E-04
  0.453125000      0.265625000     -0.181654871       5.52193187E-02  -7.04833306E-04
  0.484375000      0.265625000     -0.187148824       3.89189869E-02  -1.53709692E-03
  0.515625000      0.265625000     -0.191032887       2.08926275E-02  -2.00487114E-03
  0.546875000      0.265625000     -0.193262577       1.40337273E-03  -2.08330667E-03
  0.578125000      0.265625000     -0.193812966      -1.92452483E-02  -1.73209712E-03
  0.609375000      0.265625000     -0.192651898      -4.08195928E-02  -8.97122547E-04
  0.640625000      0.265625000     -0.189685181      -6.29451349E-02   3.87129432E-04
  0.671875000      0.265625000     -0.184718624      -8.51226151E-02   2.06210208E-03
  0.703125000      0.265625000     -0.177443653     -0.106654234       4.04219609E-03
  0.734375000      0.265625000     -0.167442083     -0.126523003       6.21123658E-03
  0.765625000      0.265625000     -0.154223144     -0.143250257       8.42032302E-03
  0.796875000      0.265625000     -0.137308076     -0.154752418       1.04902396E-02
  0.828125000      0.265625000     -0.116384305     -0.158236533       1.22238342E-02
  0.859375000      0.265625000      -9.15678889E-02 -0.150232613       1.34351365E-02
  0.890625000      0.265625000      -6.38466626E-02 -0.127035066       1.40034296E-02
  0.921875000      0.265625000      -3.58441323E-02  -8.64429176E-02   1.39513342E-02
  0.953125000      0.265625000      -1.29511291E-02  -3.38142253E-02   1.34975053E-02
  0.984375000      0.265625000      -1.83461478E-03   3.84522974E-03   1.29774893E-02
   1.56250000E-02  0.296875000      -3.49847623E-03   3.08745671E-02   1.49605852E-02
   4.68750000E-02  0.296875000      -1.34456111E-02   6.46317974E-02   1.46050509E-02
   7.81250000E-02  0.296875000      -2.73323767E-02   8.36107880E-02   1.41414218E-02
  0.109375000      0.296875000      -4.24493551E-02   9.63061899E-02   1.34692341E-02
  0.140625000      0.296875000      -5.77709824E-02  0.105885848       1.25540271E-02
  0.171875000      0.296875000      -7.28897452E-02  0.113080382       1.13882469E-02
  0.203125000      0.296875000      -8.75846595E-02  0.117864758       9.98068880E-03
  0.234375000      0.296875000     -0.101688296      0.120080270       8.35560821E-03
  0.265625000      0.296875000     -0.115054697      0.119606495       6.55306689E-03
  0.296875000      0.296875000     -0.127553463      0.116392098       4.62818984E-03
  0.328125000      0.296875000     -0.139068097      0.110450320       2.64901388E-03
  0.359375000      0.296875000     -0.149494976      0.101848051       6.93087582E-04
  0.390625000      0.296875000     -0.158742920       9.06960368E-02  -1.15668226E-03
  0.421875000      0.296875000     -0.166734561       7.71424621E-02  -2.81696464E-03
  0.453125000      0.296875000     -0.173409194       6.13692924E-02  -4.20933077E-03
  0.484375000      0.296875000     -0.178726017       4.35911715E-02  -5.26578492E-03
  0.515625000      0.296875000     -0.182665646       2.40555145E-02  -5.93442097E-03
  0.546875000      0.296875000     -0.185228392       3.04385624E-03  -6.18477957E-03
  0.578125000      0.296875000     -0.186428532      -1.91250220E-02  -5.98608702E-03
  0.609375000      0.296875000     -0.186274529      -4.22456190E-02  -5.25764562E-03
  0.640625000      0.296875000     -0.184705168      -6.60470724E-02  -4.02394868E-03
  0.671875000      0.296875000     -0.181524545      -9.01611149E-02  -2.32816068E-03
  0.703125000      0.296875000     -0.176376075     -0.114033982      -2.37206274E-04
  0.734375000      0.296875000     -0.168738037     -0.136779219       2.15045386E-03
  0.765625000      0.296875000     -0.157954022     -0.156994954       4.69551608E-03
  0.796875000      0.296875000     -0.143314481     -0.172561914       7.21084187E-03
  0.828125000      0.296875000     -0.124214008     -0.180452406       9.46362875E-03
  0.859375000      0.296875000     -0.100423522     -0.176626101       1.11987051E-02
  0.890625000      0.296875000      -7.25535750E-02 -0.156236246       1.21988505E-02
  0.921875000      0.296875000      -4.28712443E-02 -0.114930838       1.23939291E-02
  0.953125000      0.296875000      -1.67319179E-02  -5.43633848E-02   1.19803343E-02
  0.984375000      0.296875000      -2.73356820E-03  -7.24915415E-04   1.13585442E-02
   1.56250000E-02  0.328125000      -3.16538336E-03   3.75336632E-02   1.39337601E-02
   4.68750000E-02  0.328125000      -1.23831369E-02   7.71269202E-02   1.35766258E-02
   7.81250000E-02  0.328125000      -2.54934132E-02   9.81015265E-02   1.30642634E-02
  0.109375000      0.328125000      -3.98312137E-02  0.111260571       1.22994725E-02
  0.140625000      0.328125000      -5.43158576E-02  0.120730042       1.12522347E-02
  0.171875000      0.328125000      -6.85205534E-02  0.127554268       9.91983339E-03
  0.203125000      0.328125000      -8.22364390E-02  0.131798923       8.31651315E-03
  0.234375000      0.328125000      -9.53215435E-02  0.133334860       6.47245534E-03
  0.265625000      0.328125000     -0.107658237      0.132057741       4.43378929E-03
  0.296875000      0.328125000     -0.119142637      0.127929330       2.26154784E-03
  0.328125000      0.328125000     -0.129681960      0.120974712       2.93751054E-05
  0.359375000      0.328125000     -0.139194489      0.111272708      -2.17985967E-03
  0.390625000      0.328125000     -0.147612095       9.89480838E-02  -4.27820859E-03
  0.421875000      0.328125000     -0.154884815       8.41670558E-02  -6.17758650E-03
  0.453125000      0.328125000     -0.160987079       6.71344548E-02  -7.79508334E-03
  0.484375000      0.328125000     -0.165922090       4.80908863E-02  -9.05843265E-03
  0.515625000      0.328125000     -0.169722080       2.73083150E-02  -9.91126988E-03
  0.546875000      0.328125000     -0.172441438       5.08546736E-03  -1.03178816E-02
  0.578125000      0.328125000     -0.174142748      -1.82536803E-02  -1.02646761E-02
  0.609375000      0.328125000     -0.174885735      -4.25173715E-02  -9.65252332E-03
  0.640625000      0.328125000     -0.174658418      -6.75625801E-02  -8.49829707E-03
  0.671875000      0.328125000     -0.173285156      -9.31914151E-02  -6.83069555E-03
  0.703125000      0.328125000     -0.170386016     -0.119044632      -4.69615124E-03
  0.734375000      0.328125000     -0.165359974     -0.144427419      -2.16968218E-03
  0.765625000      0.328125000     -0.157403469     -0.168083593       6.29407470E-04
  0.796875000      0.328125000     -0.145584911     -0.187929332       3.52068688E-03
  0.828125000      0.328125000     -0.129000947     -0.200768963       6.25231490E-03
  0.859375000      0.328125000     -0.107054710     -0.202047169       8.51302501E-03
  0.890625000      0.328125000      -7.99338073E-02 -0.185808063       9.99012124E-03
  0.921875000      0.328125000      -4.94635701E-02 -0.145514429       1.04999701E-02
  0.953125000      0.328125000      -2.07331944E-02  -7.86529332E-02   1.01745259E-02
  0.984375000      0.328125000      -3.85514298E-03  -7.31519284E-03   9.46373679E-03
   1.56250000E-02  0.359375000      -2.66183843E-03   4.33567092E-02   1.26557136E-02
   4.68750000E-02  0.359375000      -1.07509065E-02   8.86014253E-02   1.23083014E-02
   7.81250000E-02  0.359375000      -2.26539262E-02  0.111630782       1.17577752E-02
  0.109375000      0.359375000      -3.58426571E-02  0.125249878       1.09141357E-02
  0.140625000      0.359375000      -4.91817519E-02  0.134558588       9.75268334E-03
  0.171875000      0.359375000      -6.22123666E-02  0.140957609       8.27517919E-03
  0.203125000      0.359375000      -7.47263208E-02  0.144624710       6.50051702E-03
  0.234375000      0.359375000      -8.65970552E-02  0.145467028       4.46391758E-03
  0.265625000      0.359375000      -9.77261215E-02  0.143396199       2.21683132E-03
  0.296875000      0.359375000     -0.108028248      0.138384849      -1.74282410E-04
  0.328125000      0.359375000     -0.117428049      0.130468071      -2.63038534E-03
  0.359375000      0.359375000     -0.125861347      0.119736806      -5.06328885E-03
  0.390625000      0.359375000     -0.133280069      0.106333241      -7.37992302E-03
  0.421875000      0.359375000     -0.139659896       9.04483348E-02  -9.48754326E-03
  0.453125000      0.359375000     -0.145009279       7.23191053E-02  -1.12991901E-02
  0.484375000      0.359375000     -0.149375752       5.22219688E-02  -1.27391992E-02
  0.515625000      0.359375000     -0.152845338       3.04606631E-02  -1.37480497E-02
  0.546875000      0.359375000     -0.155531168       7.35142455E-03  -1.42861586E-02
  0.578125000      0.359375000     -0.157550454      -1.67867653E-02  -1.43585810E-02
  0.609375000      0.359375000     -0.159024566      -4.17558774E-02  -1.38628809E-02
  0.640625000      0.359375000     -0.160007000      -6.75588101E-02  -1.28112454E-02
  0.671875000      0.359375000     -0.160366088      -9.42004472E-02  -1.12200212E-02
  0.703125000      0.359375000     -0.159730360     -0.121562816      -9.11511295E-03
  0.734375000      0.359375000     -0.157452777     -0.149206579      -6.54419418E-03
  0.765625000      0.359375000     -0.152609855     -0.176099002      -3.59717640E-03
  0.796875000      0.359375000     -0.144062877     -0.200276107      -4.32514324E-04
  0.828125000      0.359375000     -0.130609661     -0.218457475       2.69847689E-03
  0.859375000      0.359375000     -0.111266866     -0.225647211       5.44737466E-03
  0.890625000      0.359375000      -8.57597217E-02 -0.214836761       7.41539057E-03
  0.921875000      0.359375000      -5.54052368E-02 -0.177312016       8.29352997E-03
  0.953125000      0.359375000      -2.48723421E-02 -0.106120840       8.11070949E-03
  0.984375000      0.359375000      -5.21430420E-03  -1.63858030E-02   7.34719820E-03
   1.56250000E-02  0.390625000      -2.04270147E-03   4.80577275E-02   1.11908084E-02
   4.68750000E-02  0.390625000      -8.70635733E-03   9.86454189E-02   1.08630816E-02
   7.81250000E-02  0.390625000      -1.90559514E-02  0.123831682       1.02864364E-02
  0.109375000      0.390625000      -3.07932030E-02  0.137968823       9.38052870E-03
  0.140625000      0.390625000      -4.27341759E-02  0.147115678       8.12652148E-03
  0.171875000      0.390625000      -5.43766543E-02  0.153072074       6.53033936E-03
  0.203125000      0.390625000      -6.55031651E-02  0.156151921       4.61470569E-03
  0.234375000      0.390625000      -7.59952664E-02  0.156306744       2.41893018E-03
  0.265625000      0.390625000      -8.57682228E-02  0.153465360      -1.04540391E-06
  0.296875000      0.390625000      -9.47514623E-02  0.147610426      -2.57394323E-03
  0.328125000      0.390625000     -0.102884248      0.138786599      -5.21563133E-03
  0.359375000      0.390625000     -0.110117652      0.127098188      -7.83272833E-03
  0.390625000      0.390625000     -0.116420925      0.112708211      -1.03272237E-02
  0.421875000      0.390625000     -0.121791258       9.58385617E-02  -1.26019688E-02
  0.453125000      0.390625000     -0.126265079       7.67672807E-02  -1.45666609E-02
  0.484375000      0.390625000     -0.129927307       5.58173880E-02  -1.61435511E-02
  0.515625000      0.390625000     -0.132912606       3.33344564E-02  -1.72719248E-02
  0.546875000      0.390625000     -0.135391355       9.65564884E-03  -1.79105476E-02
  0.578125000      0.390625000     -0.137533203      -1.49173811E-02  -1.80772040E-02
  0.609375000      0.390625000     -0.139528245      -4.01446745E-02  -1.76879279E-02
  0.640625000      0.390625000     -0.141511023      -6.61944896E-02  -1.67518947E-02
  0.671875000      0.390625000     -0.143417299      -9.32902396E-02  -1.52764637E-02
  0.703125000      0.390625000     -0.144925371     -0.121592626      -1.32694794E-02
  0.734375000      0.390625000     -0.145389318     -0.150983572      -1.07504064E-02
  0.765625000      0.390625000     -0.143805876     -0.180742800      -7.77314603E-03
  0.796875000      0.390625000     -0.138853520     -0.209127396      -4.46023513E-03
  0.828125000      0.390625000     -0.129036248     -0.232873768      -1.04168523E-03
  0.859375000      0.390625000     -0.112968974     -0.246639460       2.12064758E-03
  0.890625000      0.390625000      -8.98787081E-02 -0.242441535       4.56003053E-03
  0.921875000      0.390625000      -6.05118535E-02 -0.209429055       5.84163237E-03
  0.953125000      0.390625000      -2.89871134E-02 -0.136062562       5.85910026E-03
  0.984375000      0.390625000      -6.74491841E-03  -2.83457972E-02   5.08631021E-03
   1.56250000E-02  0.421875000      -1.36544567E-03   5.14630377E-02   9.61510837E-03
   4.68750000E-02  0.421875000      -6.40951609E-03  0.106941722       9.31607094E-03
   7.81250000E-02  0.421875000      -1.49373859E-02  0.134406954       8.72659031E-03
  0.109375000      0.421875000      -2.49814428E-02  0.149170548       7.77694862E-03
  0.140625000      0.421875000      -3.53239775E-02  0.158195242       6.45460421E-03
  0.171875000      0.421875000      -4.54097465E-02  0.163721025       4.76940861E-03
  0.203125000      0.421875000      -5.50030693E-02  0.166225791       2.74713105E-03
  0.234375000      0.421875000      -6.39885813E-02  0.165716290       4.30241402E-04
  0.265625000      0.421875000      -7.22929612E-02  0.162141666      -2.12176004E-03
  0.296875000      0.421875000      -7.98598081E-02  0.155495137      -4.83357115E-03
  0.328125000      0.421875000      -8.66435617E-02  0.145831332      -7.61655113E-03
  0.359375000      0.421875000      -9.26108956E-02  0.133268625      -1.03725502E-02
  0.390625000      0.421875000      -9.77469310E-02  0.117992476      -1.29988901E-02
  0.421875000      0.421875000     -0.102065153      0.100258619      -1.53944232E-02
  0.453125000      0.421875000     -0.105619788       8.03913474E-02  -1.74662247E-02
  0.484375000      0.421875000     -0.108518153       5.87690659E-02  -1.91358160E-02
  0.515625000      0.421875000     -0.110927701       3.57919894E-02  -2.03437153E-02
  0.546875000      0.421875000     -0.113067880       1.18305264E-02  -2.10508574E-02
  0.578125000      0.421875000     -0.115169026      -1.28370691E-02  -2.12697499E-02
  0.609375000      0.421875000     -0.117476456      -3.79115790E-02  -2.09703855E-02
  0.640625000      0.421875000     -0.120191365      -6.37198761E-02  -2.01505497E-02
  0.671875000      0.421875000     -0.123348072      -9.06929076E-02  -1.88145265E-02
  0.703125000      0.421875000     -0.126730338     -0.119291641      -1.69578977E-02
  0.734375000      0.421875000     -0.129759192     -0.149784774      -1.45751256E-02
  0.765625000      0.421875000     -0.131410271     -0.181868076      -1.16817122E-02
  0.796875000      0.421875000     -0.130217493     -0.214142501      -8.35372228E-03
  0.828125000      0.421875000     -0.124403581     -0.243486255      -4.78016026E-03
  0.859375000      0.421875000     -0.112169743     -0.264325708      -1.30977225E-03
  0.890625000      0.421875000      -9.22098160E-02 -0.267804146       1.54883612E-03
  0.921875000      0.421875000      -6.46364540E-02 -0.241006166       3.24621610E-03
  0.953125000      0.421875000      -3.28960903E-02 -0.167750746       3.51798907E-03
  0.984375000      0.421875000      -8.35271459E-03  -4.34438400E-02   2.78173178E-03
   1.56250000E-02  0.453125000      -6.91505731E-04   5.35178073E-02   8.00632313E-03
   4.68750000E-02  0.453125000      -4.02365625E-03  0.113258600       7.74555188E-03
   7.81250000E-02  0.453125000      -1.05298534E-02  0.143119976       7.15794181E-03
  0.109375000      0.453125000      -1.86917223E-02  0.158660829       6.18454209E-03
  0.140625000      0.453125000      -2.72831414E-02  0.167638347       4.81966138E-03
  0.171875000      0.453125000      -3.56872454E-02  0.172769681       3.07698199E-03
  0.203125000      0.453125000      -4.36411910E-02  0.174729005       9.84714483E-04
  0.234375000      0.453125000      -5.10285273E-02  0.173593253      -1.41257467E-03
  0.265625000      0.453125000      -5.77871017E-02  0.169337571      -4.05296544E-03
  0.296875000      0.453125000      -6.38768524E-02  0.161968023      -6.85819238E-03
  0.328125000      0.453125000      -6.92707747E-02  0.151550114      -9.73603316E-03
  0.359375000      0.453125000      -7.39546120E-02  0.138216317      -1.25842709E-02
  0.390625000      0.453125000      -7.79312477E-02  0.122173458      -1.52960951E-02
  0.421875000      0.453125000      -8.12285095E-02  0.103709266      -1.77667774E-02
  0.453125000      0.453125000      -8.39098543E-02   8.31924975E-02  -1.99011751E-02
  0.484375000      0.453125000      -8.60868692E-02   6.10583127E-02  -2.16208249E-02
  0.515625000      0.453125000      -8.79310295E-02   3.77704464E-02  -2.28692479E-02
  0.546875000      0.453125000      -8.96813422E-02   1.37555366E-02  -2.36141682E-02
  0.578125000      0.453125000      -9.16449949E-02  -1.06857056E-02  -2.38468572E-02
  0.609375000      0.453125000      -9.40920562E-02  -3.52981463E-02  -2.36163083E-02
  0.640625000      0.453125000      -9.72424746E-02  -6.04585558E-02  -2.28995979E-02
  0.671875000      0.453125000     -0.101263121      -8.67684036E-02  -2.17060372E-02
  0.703125000      0.453125000     -0.106104732     -0.114984691      -2.00274810E-02
  0.734375000      0.453125000     -0.111339793     -0.145821050      -1.78409312E-02
  0.765625000      0.453125000     -0.116006598     -0.179508030      -1.51264556E-02
  0.796875000      0.453125000     -0.118554309     -0.215142667      -1.19082779E-02
  0.828125000      0.453125000     -0.116949067     -0.249901295      -8.31814483E-03
  0.859375000      0.453125000     -0.108969986     -0.278120697      -4.66482062E-03
  0.890625000      0.453125000      -9.27423313E-02 -0.290194869      -1.46747660E-03
  0.921875000      0.453125000      -6.76805526E-02 -0.271249533       6.31954870E-04
  0.953125000      0.453125000      -3.64420600E-02 -0.200485766       1.20019820E-03
  0.984375000      0.453125000      -9.94879100E-03  -6.17454648E-02   5.43925911E-04
   1.56250000E-02  0.484375000      -8.70619551E-05   5.42947501E-02   6.43419847E-03
   4.68750000E-02  0.484375000      -1.71542354E-03  0.117438957       6.22712774E-03
   7.81250000E-02  0.484375000      -6.05713250E-03  0.149784923       5.65669592E-03
  0.109375000      0.484375000      -1.21926293E-02  0.166292071       4.68014134E-03
  0.140625000      0.484375000      -1.89229120E-02  0.175329581       3.29942210E-03
  0.171875000      0.484375000      -2.55604871E-02  0.180123299       1.53170701E-03
  0.203125000      0.484375000      -3.18055004E-02  0.181580156      -5.92944329E-04
  0.234375000      0.484375000      -3.75355147E-02  0.179867893      -3.02903168E-03
  0.265625000      0.484375000      -4.26999815E-02  0.174996868      -5.71367843E-03
  0.296875000      0.484375000      -4.72786874E-02  0.166990235      -8.56703334E-03
  0.328125000      0.484375000      -5.12682647E-02  0.155926138      -1.14945527E-02
  0.359375000      0.484375000      -5.46794012E-02  0.141951084      -1.43910795E-02
  0.390625000      0.484375000      -5.75384423E-02  0.125290677      -1.71464682E-02
  0.421875000      0.484375000      -5.98918758E-02  0.106258973      -1.96528956E-02
  0.453125000      0.484375000      -6.18131943E-02   8.52611214E-02  -2.18130425E-02
  0.484375000      0.484375000      -6.34121969E-02   6.27803653E-02  -2.35481933E-02
  0.515625000      0.484375000      -6.48461431E-02   3.93399559E-02  -2.48042606E-02
  0.546875000      0.484375000      -6.63304552E-02   1.54327815E-02  -2.55540740E-02
  0.578125000      0.484375000      -6.81387410E-02  -8.58016871E-03  -2.57936567E-02
  0.609375000      0.484375000      -7.05564022E-02  -3.25292498E-02  -2.56004557E-02
  0.640625000      0.484375000      -7.38661438E-02  -5.67586236E-02  -2.49607619E-02
  0.671875000      0.484375000      -7.83385634E-02  -8.19674805E-02  -2.38916073E-02
  0.703125000      0.484375000      -8.41255337E-02 -0.109150052      -2.23899670E-02
  0.734375000      0.484375000      -9.10439789E-02 -0.139495894      -2.04263739E-02
  0.765625000      0.484375000      -9.83081907E-02 -0.173896551      -1.79540068E-02
  0.796875000      0.484375000     -0.104376331     -0.212133422      -1.49464551E-02
  0.828125000      0.484375000     -0.107004941     -0.251883119      -1.14677418E-02
  0.859375000      0.484375000     -0.103549942     -0.287569821      -7.76280183E-03
  0.890625000      0.484375000      -9.15320516E-02 -0.308989078      -4.32741782E-03
  0.921875000      0.484375000      -6.96017593E-02 -0.299445927      -1.86536647E-03
  0.953125000      0.484375000      -3.95161882E-02 -0.233612478      -9.76342533E-04
  0.984375000      0.484375000      -1.14667872E-02  -8.31609666E-02  -1.51496264E-03
   1.56250000E-02  0.515625000       4.32877074E-04   5.39477728E-02   4.96644061E-03
   4.68750000E-02  0.515625000       3.89555382E-04  0.119455487       4.81419172E-03
   7.81250000E-02  0.515625000      -1.75016932E-03  0.154248476       4.29024780E-03
  0.109375000      0.515625000      -5.74220065E-03  0.171956047       3.33026587E-03
  0.140625000      0.515625000      -1.05356332E-02  0.181191146       1.96114485E-03
  0.171875000      0.515625000      -1.53560918E-02  0.185723901       2.01038885E-04
  0.203125000      0.515625000      -1.98546983E-02  0.186729833      -1.91825186E-03
  0.234375000      0.515625000      -2.38946248E-02  0.184497356      -4.35190601E-03
  0.265625000      0.515625000      -2.74368078E-02  0.179085612      -7.03781936E-03
  0.296875000      0.515625000      -3.04841865E-02  0.170541108      -9.89627372E-03
  0.328125000      0.515625000      -3.30620706E-02  0.158957779      -1.28320437E-02
  0.359375000      0.515625000      -3.52120921E-02  0.144496620      -1.57383885E-02
  0.390625000      0.515625000      -3.69908288E-02  0.127399310      -1.85029916E-02
  0.421875000      0.515625000      -3.84703800E-02  0.107999466      -2.10155621E-02
  0.453125000      0.515625000      -3.97400297E-02   8.67270082E-02  -2.31766775E-02
  0.484375000      0.515625000      -4.09086160E-02   6.40963688E-02  -2.49066427E-02
  0.515625000      0.515625000      -4.21074778E-02   4.06696945E-02  -2.61524823E-02
  0.546875000      0.515625000      -4.34952006E-02   1.69865713E-02  -2.68909559E-02
  0.578125000      0.515625000      -4.52687815E-02  -6.54192548E-03  -2.71255299E-02
  0.609375000      0.515625000      -4.76804525E-02  -2.97292061E-02  -2.69471668E-02
  0.640625000      0.515625000      -5.10248020E-02  -5.28966859E-02  -2.63547152E-02
  0.671875000      0.515625000      -5.56318164E-02  -7.67429471E-02  -2.53766738E-02
  0.703125000      0.515625000      -6.18553311E-02 -0.102357753      -2.40246020E-02
  0.734375000      0.515625000      -6.98377192E-02 -0.131381601      -2.22755484E-02
  0.765625000      0.515625000      -7.91067258E-02 -0.165472448      -2.00689659E-02
  0.796875000      0.515625000      -8.82727727E-02 -0.205318794      -1.73364840E-02
  0.828125000      0.515625000      -9.49710160E-02 -0.249367028      -1.40716396E-02
  0.859375000      0.515625000      -9.61496383E-02 -0.292359233      -1.04372567E-02
  0.890625000      0.515625000      -8.86901915E-02 -0.323674768      -6.87310938E-03
  0.921875000      0.515625000      -7.04116151E-02 -0.324967533      -4.10820032E-03
  0.953125000      0.515625000      -4.20627855E-02 -0.266524136      -2.89328326E-03
  0.984375000      0.515625000      -1.28666209E-02 -0.107494183      -3.28397681E-03
   1.56250000E-02  0.546875000       9.09250812E-04   5.26048467E-02   3.67200095E-03
   4.68750000E-02  0.546875000       2.28131097E-03  0.119468316       3.55279725E-03
   7.81250000E-02  0.546875000       2.19065906E-03  0.156465486       3.08167329E-03
  0.109375000      0.546875000       3.71637463E-04  0.175550878       2.18551885E-03
  0.140625000      0.546875000      -2.40653311E-03  0.185170457       8.58017360E-04
  0.171875000      0.546875000      -5.38122375E-03  0.189544439      -8.62437882E-04
  0.203125000      0.546875000      -8.12061038E-03  0.190154374      -2.93867057E-03
  0.234375000      0.546875000      -1.04565304E-02  0.187458187      -5.32961125E-03
  0.265625000      0.546875000      -1.23598529E-02  0.181582078      -7.97593500E-03
  0.296875000      0.546875000      -1.38583360E-02  0.172604203      -1.07998997E-02
  0.328125000      0.546875000      -1.50091778E-02  0.160638541      -1.37073584E-02
  0.359375000      0.546875000      -1.58891845E-02  0.145861879      -1.65916309E-02
  0.390625000      0.546875000      -1.65902432E-02  0.128530100      -1.93394870E-02
  0.421875000      0.546875000      -1.72162764E-02  0.108990163      -2.18389910E-02
  0.453125000      0.546875000      -1.78800076E-02   8.76847506E-02  -2.39886455E-02
  0.484375000      0.546875000      -1.86987258E-02   6.51398152E-02  -2.57068500E-02
  0.515625000      0.546875000      -1.97881050E-02   4.19269428E-02  -2.69395243E-02
  0.546875000      0.546875000      -2.12549753E-02   1.85948834E-02  -2.76641063E-02
  0.578125000      0.546875000      -2.32020635E-02  -4.41998756E-03  -2.78885141E-02
  0.609375000      0.546875000      -2.57861130E-02  -2.68471092E-02  -2.77124718E-02
  0.640625000      0.546875000      -2.92396732E-02  -4.89736348E-02  -2.71412507E-02
  0.671875000      0.546875000      -3.38707902E-02  -7.14214966E-02  -2.62143612E-02
  0.703125000      0.546875000      -4.01712507E-02  -9.51495171E-02  -2.49674805E-02
  0.734375000      0.546875000      -4.86267656E-02 -0.122146770      -2.33953111E-02
  0.765625000      0.546875000      -5.92040047E-02 -0.154856384      -2.14383304E-02
  0.796875000      0.546875000      -7.08652437E-02 -0.195103437      -1.90025251E-02
  0.828125000      0.546875000      -8.12805295E-02 -0.242465362      -1.60168447E-02
  0.859375000      0.546875000      -8.70418027E-02 -0.292318225      -1.25516392E-02
  0.890625000      0.546875000      -8.43635127E-02 -0.333851486      -8.96226615E-03
  0.921875000      0.546875000      -7.01623857E-02 -0.347269118      -5.96422190E-03
  0.953125000      0.546875000      -4.40701582E-02 -0.298662633      -4.43342235E-03
  0.984375000      0.546875000      -1.41304024E-02 -0.134490997      -4.65293415E-03
   1.56250000E-02  0.578125000       1.30233320E-03   5.03926724E-02   2.57780845E-03
   4.68750000E-02  0.578125000       3.90755944E-03  0.117702320       2.49972544E-03
   7.81250000E-02  0.578125000       5.68512361E-03  0.156544462       2.07946775E-03
  0.109375000      0.578125000       5.92807867E-03  0.177049071       1.25008111E-03
  0.140625000      0.578125000       5.14775049E-03  0.187233537       6.84082534E-06
  0.171875000      0.578125000       4.04678844E-03  0.191561833      -1.62553065E-03
  0.203125000      0.578125000       3.08731338E-03  0.191842973      -3.61798797E-03
  0.234375000      0.578125000       2.46383809E-03  0.188738450      -5.92686143E-03
  0.265625000      0.578125000       2.21163174E-03  0.182468995      -8.49529542E-03
  0.296875000      0.578125000       2.28284253E-03  0.173158109      -1.12490347E-02
  0.328125000      0.578125000       2.58730305E-03  0.160945937      -1.40967201E-02
  0.359375000      0.578125000       3.01034050E-03  0.146027163      -1.69333164E-02
  0.390625000      0.578125000       3.42166470E-03  0.128670484      -1.96460150E-02
  0.421875000      0.578125000       3.68188205E-03  0.109231144      -2.21220590E-02
  0.453125000      0.578125000       3.64959217E-03   8.81544799E-02  -2.42580101E-02
  0.484375000      0.578125000       3.19026364E-03   6.59616217E-02  -2.59692874E-02
  0.515625000      0.578125000       2.18662503E-03   4.32102010E-02  -2.71982625E-02
  0.546875000      0.578125000       5.49129210E-04   2.04265490E-02  -2.79187132E-02
  0.578125000      0.578125000      -1.76271133E-03  -1.98356085E-03  -2.81389616E-02
  0.609375000      0.578125000      -4.75484645E-03  -2.36994624E-02  -2.79633366E-02
  0.640625000      0.578125000      -8.52593966E-03  -4.48898748E-02  -2.73969304E-02
  0.671875000      0.578125000      -1.33056929E-02  -6.60885200E-02  -2.64808368E-02
  0.703125000      0.578125000      -1.96008645E-02  -8.78816694E-02  -2.52915435E-02
  0.734375000      0.578125000      -2.81245261E-02 -0.112430826      -2.38424949E-02
  0.765625000      0.578125000      -3.93279083E-02 -0.142787606      -2.20852233E-02
  0.796875000      0.578125000      -5.27571589E-02 -0.182078123      -1.99256875E-02
  0.828125000      0.578125000      -6.63625747E-02 -0.231466949      -1.72416121E-02
  0.859375000      0.578125000      -7.64990002E-02 -0.287416548      -1.40091870E-02
  0.890625000      0.578125000      -7.87058473E-02 -0.339222908      -1.04776220E-02
  0.921875000      0.578125000      -6.89242706E-02 -0.365879357      -7.31198024E-03
  0.953125000      0.578125000      -4.55531739E-02 -0.329515129      -5.48115792E-03
  0.984375000      0.578125000      -1.52549101E-02 -0.163876221      -5.51032554E-03
   1.56250000E-02  0.609375000       1.59526826E-03   4.74945307E-02   1.69346610E-03
   4.68750000E-02  0.609375000       5.21184132E-03  0.114377886       1.65875186E-03
   7.81250000E-02  0.609375000       8.63497797E-03  0.154668182       1.30289444E-03
  0.109375000      0.609375000       1.07804984E-02  0.176537976       5.61472843E-04
  0.140625000      0.609375000       1.19216759E-02  0.187386423      -5.75166719E-04
  0.171875000      0.609375000       1.26723479E-02  0.191763818      -2.09119404E-03
  0.203125000      0.609375000       1.34952255E-02  0.191784352      -3.96247208E-03
  0.234375000      0.609375000       1.46014690E-02  0.188323334      -6.15331810E-03
  0.265625000      0.609375000       1.60238184E-02  0.181725144      -8.61249212E-03
  0.296875000      0.609375000       1.76912919E-02  0.172176272      -1.12697696E-02
  0.328125000      0.609375000       1.94783695E-02  0.159850612      -1.40361357E-02
  0.359375000      0.609375000       2.12304480E-02  0.144962609      -1.68073718E-02
  0.390625000      0.609375000       2.27776319E-02  0.127792031      -1.94700975E-02
  0.421875000      0.609375000       2.39450373E-02  0.108697146      -2.19099838E-02
  0.453125000      0.609375000       2.45633610E-02   8.81167799E-02  -2.40213927E-02
  0.484375000      0.609375000       2.44814754E-02   6.65536970E-02  -2.57171430E-02
  0.515625000      0.609375000       2.35814005E-02   4.45336178E-02  -2.69369297E-02
  0.546875000      0.609375000       2.17957534E-02   2.25365758E-02  -2.76524276E-02
  0.578125000      0.609375000       1.91202238E-02   9.02688247E-04  -2.78682113E-02
  0.609375000      0.609375000       1.56619176E-02  -2.01276094E-02  -2.76885889E-02
  0.640625000      0.609375000       1.14656445E-02  -4.04877886E-02  -2.71267295E-02
  0.671875000      0.609375000       6.28759060E-03  -6.05271608E-02  -2.62500085E-02
  0.703125000      0.609375000      -2.55870400E-04  -8.05995315E-02  -2.50854231E-02
  0.734375000      0.609375000      -8.73741135E-03 -0.102703594      -2.37075798E-02
  0.765625000      0.609375000      -2.00371891E-02 -0.130008101      -2.20737495E-02
  0.796875000      0.609375000      -3.44812423E-02 -0.166981280      -2.01362222E-02
  0.828125000      0.609375000      -5.06052598E-02 -0.216831952      -1.77346803E-02
  0.859375000      0.609375000      -6.47582114E-02 -0.277760416      -1.47571564E-02
  0.890625000      0.609375000      -7.18436539E-02 -0.339585662      -1.13327745E-02
  0.921875000      0.609375000      -6.67551979E-02 -0.380386204      -8.04420933E-03
  0.953125000      0.609375000      -4.65303287E-02 -0.358604312      -5.92136430E-03
  0.984375000      0.609375000      -1.62423160E-02 -0.195373565      -5.73943276E-03
   1.56250000E-02  0.640625000       1.77786557E-03   4.41207699E-02   1.01471588E-03
   4.68750000E-02  0.640625000       6.14657067E-03  0.109765381       1.02245167E-03
   7.81250000E-02  0.640625000       1.09390998E-02  0.151064694       7.43346056E-04
  0.109375000      0.640625000       1.47796739E-02  0.174156040       1.14118593E-04
  0.140625000      0.640625000       1.77264512E-02  0.185682505      -8.85407557E-04
  0.171875000      0.640625000       2.02836320E-02  0.190163791      -2.25194660E-03
  0.203125000      0.640625000       2.28829570E-02  0.189968154      -3.97118740E-03
  0.234375000      0.640625000       2.57317312E-02  0.186192706      -6.01599412E-03
  0.265625000      0.640625000       2.88498327E-02  0.179325640      -8.34158622E-03
  0.296875000      0.640625000       3.21387015E-02  0.169631600      -1.08821373E-02
  0.328125000      0.640625000       3.54356095E-02  0.157324910      -1.35510843E-02
  0.359375000      0.640625000       3.85459960E-02  0.142640397      -1.62448715E-02
  0.390625000      0.640625000       4.12624851E-02  0.125865459      -1.88494977E-02
  0.421875000      0.640625000       4.33787964E-02  0.107354678      -2.12491266E-02
  0.453125000      0.640625000       4.47031483E-02   8.75305533E-02  -2.33359635E-02
  0.484375000      0.640625000       4.50726599E-02   6.68652058E-02  -2.50201225E-02
  0.515625000      0.640625000       4.43670712E-02   4.58393693E-02  -2.62378827E-02
  0.546875000      0.640625000       4.25180122E-02   2.48757042E-02  -2.69564036E-02
  0.578125000      0.640625000       3.95181440E-02   4.24777903E-03  -2.71732155E-02
  0.609375000      0.640625000       3.55004221E-02  -1.59890819E-02  -2.69925930E-02
  0.640625000      0.640625000       3.05831283E-02  -3.55062336E-02  -2.64179111E-02
  0.671875000      0.640625000       2.47242749E-02  -5.44662774E-02  -2.55132299E-02
  0.703125000      0.640625000       1.78440306E-02  -7.32320845E-02  -2.43449286E-02
  0.734375000      0.640625000       9.48620401E-03  -9.32278633E-02  -2.29991637E-02
  0.765625000      0.640625000      -1.61654269E-03 -0.117078207      -2.14859936E-02
  0.796875000      0.640625000      -1.64515246E-02 -0.150629774      -1.97001826E-02
  0.828125000      0.640625000      -3.43253091E-02 -0.199184030      -1.75280422E-02
  0.859375000      0.640625000      -5.19870892E-02 -0.263592660      -1.47857442E-02
  0.890625000      0.640625000      -6.38369769E-02 -0.334817886      -1.14741269E-02
  0.921875000      0.640625000      -6.36638328E-02 -0.390416026      -8.06864630E-03
  0.953125000      0.640625000      -4.69966158E-02 -0.385467529      -5.63517213E-03
  0.984375000      0.640625000      -1.70898382E-02 -0.228706196      -5.21060498E-03
   1.56250000E-02  0.671875000       1.84115872E-03   4.05009091E-02   5.25910291E-04
   4.68750000E-02  0.671875000       6.66250708E-03  0.104193702       5.72591496E-04
   7.81250000E-02  0.671875000       1.24848532E-02  0.146020561       3.81900085E-04
  0.109375000      0.671875000       1.77561101E-02  0.170088291      -1.07567947E-04
  0.140625000      0.671875000       2.23537628E-02  0.182207003      -9.33060655E-04
  0.171875000      0.671875000       2.66558975E-02  0.186782837      -2.11163983E-03
  0.203125000      0.671875000       3.10273021E-02  0.186383247      -3.64469457E-03
  0.234375000      0.671875000       3.56412157E-02  0.182321936      -5.51595259E-03
  0.265625000      0.671875000       4.04876471E-02  0.175240993      -7.68754445E-03
  0.296875000      0.671875000       4.54330556E-02  0.165492997      -1.00975148E-02
  0.328125000      0.671875000       5.02758212E-02  0.153336406      -1.26608359E-02
  0.359375000      0.671875000       5.47832176E-02  0.139024720      -1.52737536E-02
  0.390625000      0.671875000       5.87147102E-02  0.122847259      -1.78209003E-02
  0.421875000      0.671875000       6.18387386E-02  0.105146617      -2.01843791E-02
  0.453125000      0.671875000       6.39478117E-02   8.63187462E-02  -2.22537890E-02
  0.484375000      0.671875000       6.48728758E-02   6.67950660E-02  -2.39360593E-02
  0.515625000      0.671875000       6.44939840E-02   4.70054373E-02  -2.51634419E-02
  0.546875000      0.671875000       6.27412349E-02   2.73215994E-02  -2.58978903E-02
  0.578125000      0.671875000       5.95867783E-02   7.96520617E-03  -2.61296630E-02
  0.609375000      0.671875000       5.51356524E-02  -1.12300534E-02  -2.59423107E-02
  0.640625000      0.671875000       4.95178662E-02  -2.97239125E-02  -2.53623538E-02
  0.671875000      0.671875000       4.27869484E-02  -4.76534665E-02  -2.44365148E-02
  0.703125000      0.671875000       3.49874645E-02  -6.53607845E-02  -2.32367385E-02
  0.734375000      0.671875000       2.60003284E-02  -8.37507397E-02  -2.18406469E-02
  0.765625000      0.671875000       1.53224263E-02 -0.104772113      -2.03081854E-02
  0.796875000      0.671875000       1.05677219E-03 -0.133833557      -1.86872538E-02
  0.828125000      0.671875000      -1.77475959E-02 -0.179301366      -1.66850556E-02
  0.859375000      0.671875000      -3.82545851E-02 -0.245306700      -1.41212465E-02
  0.890625000      0.671875000      -5.46357036E-02 -0.324873775      -1.08779296E-02
  0.921875000      0.671875000      -5.95639125E-02 -0.395606756      -7.30309542E-03
  0.953125000      0.671875000      -4.68898080E-02 -0.409620345      -4.48919646E-03
  0.984375000      0.671875000      -1.77775677E-02 -0.263574541      -3.76532669E-03
   1.56250000E-02  0.703125000       1.77180860E-03   3.68867964E-02   2.02101481E-04
   4.68750000E-02  0.703125000       6.69383025E-03   9.80622247E-02   2.81730783E-04
   7.81250000E-02  0.703125000       1.31305493E-02  0.139891103       1.91790561E-04
  0.109375000      0.703125000       1.95078850E-02  0.164568007      -1.25619757E-04
  0.140625000      0.703125000       2.55694538E-02  0.177068025      -7.33593828E-04
  0.171875000      0.703125000       3.15500461E-02  0.181640565      -1.68059603E-03
  0.203125000      0.703125000       3.77038494E-02  0.181003645      -2.99140206E-03
  0.234375000      0.703125000       4.41291183E-02  0.176667780      -4.66361828E-03
  0.265625000      0.703125000       5.07605225E-02  0.169424862      -6.66615088E-03
  0.296875000      0.703125000       5.74179664E-02  0.159715787      -8.93933978E-03
  0.328125000      0.703125000       6.38585985E-02  0.147841454      -1.13976412E-02
  0.359375000      0.703125000       6.98145702E-02  0.134068772      -1.39352698E-02
  0.390625000      0.703125000       7.50180483E-02  0.118681416      -1.64340418E-02
  0.421875000      0.703125000       7.92191476E-02  0.102000713      -1.87729225E-02
  0.453125000      0.703125000       8.22010636E-02   8.43867362E-02  -2.08381098E-02
  0.484375000      0.703125000       8.37931782E-02   6.62222356E-02  -2.25327015E-02
  0.515625000      0.703125000       8.38805139E-02   4.78811115E-02  -2.37844680E-02
  0.546875000      0.703125000       8.24066848E-02   2.96826120E-02  -2.45506726E-02
  0.578125000      0.703125000       7.93624669E-02   1.18118394E-02  -2.48193089E-02
  0.609375000      0.703125000       7.46745914E-02  -5.93010848E-03  -2.46067364E-02
  0.640625000      0.703125000       6.84231818E-02  -2.31484324E-02  -2.40367912E-02
  0.671875000      0.703125000       6.08332530E-02  -3.99028845E-02  -2.30955444E-02
  0.703125000      0.703125000       5.20105585E-02  -5.64850718E-02  -2.18566861E-02
  0.734375000      0.703125000       4.19787914E-02  -7.36045390E-02  -2.03971677E-02
  0.765625000      0.703125000       3.05806175E-02  -9.28403586E-02  -1.87875200E-02
  0.796875000      0.703125000       1.70656610E-02 -0.117983937      -1.70780867E-02
  0.828125000      0.703125000      -1.08637335E-03 -0.158194929      -1.52709484E-02
  0.859375000      0.703125000      -2.35074572E-02 -0.223486468      -1.28131043E-02
  0.890625000      0.703125000      -4.40278500E-02 -0.309794903      -9.54074040E-03
  0.921875000      0.703125000      -5.42129502E-02 -0.395575583      -5.66261169E-03
  0.953125000      0.703125000      -4.60453033E-02 -0.430497140      -2.31248396E-03
  0.984375000      0.703125000      -1.82526223E-02 -0.299606264      -1.18510774E-03
   1.56250000E-02  0.734375000       1.53807108E-03   3.35753746E-02   1.04700475E-05
   4.68750000E-02  0.734375000       6.12457003E-03   9.18619782E-02   1.15225266E-04
   7.81250000E-02  0.734375000       1.26701575E-02  0.133106053       1.42300036E-04
  0.109375000      0.734375000       1.97769105E-02  0.157866538       3.69614172E-05
  0.140625000      0.734375000       2.71038711E-02  0.170379460      -3.02859931E-04
  0.171875000      0.734375000       3.47133279E-02  0.174738914      -9.70840338E-04
  0.203125000      0.734375000       4.26929295E-02  0.173773438      -2.02386617E-03
  0.234375000      0.734375000       5.10138497E-02  0.169155329      -3.47620761E-03
  0.265625000      0.734375000       5.95216565E-02  0.161803752      -5.30230207E-03
  0.296875000      0.734375000       6.79743066E-02  0.152234524      -7.44172931E-03
  0.328125000      0.734375000       7.60849714E-02  0.140781015      -9.80523694E-03
  0.359375000      0.734375000       8.35549533E-02  0.127714306      -1.22822579E-02
  0.390625000      0.734375000       9.00963098E-02  0.113303065      -1.47498120E-02
  0.421875000      0.734375000       9.54483002E-02   9.78384316E-02  -1.70823410E-02
  0.453125000      0.734375000       9.93904546E-02   8.16373453E-02  -1.91616938E-02
  0.484375000      0.734375000      0.101752624       6.50292337E-02  -2.08863989E-02
  0.515625000      0.734375000      0.102420129       4.83302958E-02  -2.21789218E-02
  0.546875000      0.734375000      0.101329491       3.18078510E-02  -2.29900219E-02
  0.578125000      0.734375000       9.84425396E-02   1.56265199E-02  -2.32992470E-02
  0.609375000      0.734375000       9.36608687E-02  -2.67688301E-04  -2.31101494E-02
  0.640625000      0.734375000       8.70721489E-02  -1.59643851E-02  -2.25407183E-02
  0.671875000      0.734375000       7.88876936E-02  -3.13075110E-02  -2.15848517E-02
  0.703125000      0.734375000       6.92076385E-02  -4.65739183E-02  -2.03024726E-02
  0.734375000      0.734375000       5.81302196E-02  -6.24040291E-02  -1.87646504E-02
  0.765625000      0.734375000       4.56798747E-02  -8.01912621E-02  -1.70408711E-02
  0.796875000      0.734375000       3.16082984E-02 -0.103046894      -1.51836742E-02
  0.828125000      0.734375000       1.46561181E-02 -0.138029397      -1.31975617E-02
  0.859375000      0.734375000      -7.57189281E-03 -0.199005812      -1.09281931E-02
  0.890625000      0.734375000      -3.15726325E-02 -0.289758682      -7.46090245E-03
  0.921875000      0.734375000      -4.71216813E-02 -0.389882922      -3.03207827E-03
  0.953125000      0.734375000      -4.41285521E-02 -0.447356582       1.14757835E-03
  0.984375000      0.734375000      -1.84061620E-02 -0.336267412       2.86700111E-03
   1.56250000E-02  0.765625000       1.05278648E-03   3.09825260E-02  -9.07767098E-05
   4.68750000E-02  0.765625000       4.71233996E-03   8.62045437E-02   3.42218482E-05
   7.81250000E-02  0.765625000       1.07690655E-02  0.126156822       2.05137316E-04
  0.109375000      0.765625000       1.82151608E-02  0.150258973       3.63753992E-04
  0.140625000      0.765625000       2.66445205E-02  0.162227452       3.49417969E-04
  0.171875000      0.765625000       3.58878709E-02  0.166035950       8.47755291E-06
  0.203125000      0.765625000       4.57951725E-02  0.164588928      -7.56157329E-04
  0.234375000      0.765625000       5.61486445E-02  0.159666806      -1.97658013E-03
  0.265625000      0.765625000       6.66661784E-02  0.152270451      -3.62957688E-03
  0.296875000      0.765625000       7.70275146E-02  0.142959565      -5.64931380E-03
  0.328125000      0.765625000       8.69005024E-02  0.132080019      -7.93849397E-03
  0.359375000      0.765625000       9.59618837E-02  0.119893298      -1.03784883E-02
  0.390625000      0.765625000      0.103912666      0.106642559      -1.28392745E-02
  0.421875000      0.765625000      0.110489830       9.25811231E-02  -1.51894074E-02
  0.453125000      0.765625000      0.115475684       7.79782087E-02  -1.73056386E-02
  0.484375000      0.765625000      0.118704081       6.31090924E-02  -1.90815330E-02
  0.515625000      0.765625000      0.120061681       4.82359678E-02  -2.04340816E-02
  0.546875000      0.765625000      0.119480520       3.35836858E-02  -2.13076249E-02
  0.578125000      0.765625000      0.116916209       1.93105154E-02  -2.16740407E-02
  0.609375000      0.765625000      0.112310603       5.44305146E-03  -2.15283465E-02
  0.640625000      0.765625000      0.105673365      -8.44306685E-03  -2.09627952E-02
  0.671875000      0.765625000       9.71371084E-02  -2.21034996E-02  -2.00042129E-02
  0.703125000      0.765625000       8.68520215E-02  -3.58095169E-02  -1.86797101E-02
  0.734375000      0.765625000       7.49427974E-02  -5.01800217E-02  -1.70515403E-02
  0.765625000      0.765625000       6.15111589E-02  -6.65331483E-02  -1.51785733E-02
  0.796875000      0.765625000       4.65665571E-02  -8.76904279E-02  -1.31024579E-02
  0.828125000      0.765625000       2.97317840E-02 -0.119602174      -1.08218919E-02
  0.859375000      0.765625000       8.82254634E-03 -0.174300522      -8.25739093E-03
  0.890625000      0.765625000      -1.64729431E-02 -0.265174210      -4.59043635E-03
  0.921875000      0.765625000      -3.74064967E-02 -0.377992630       7.86267454E-04
  0.953125000      0.765625000      -4.05249223E-02 -0.459130138       6.30405499E-03
  0.984375000      0.765625000      -1.80360340E-02 -0.372712940       8.95128213E-03
   1.56250000E-02  0.796875000       1.07809305E-04   2.98194699E-02  -1.63829827E-04
   4.68750000E-02  0.796875000       1.95426820E-03   8.18561167E-02   3.04610580E-06
   7.81250000E-02  0.796875000       6.86617475E-03  0.119530670       3.65280430E-04
  0.109375000      0.796875000       1.43555570E-02  0.141943902       8.54490791E-04
  0.140625000      0.796875000       2.38479227E-02  0.152615547       1.22480770E-03
  0.171875000      0.796875000       3.48393321E-02  0.155408770       1.25324505E-03
  0.203125000      0.796875000       4.68664095E-02  0.153278798       7.96074513E-04
  0.234375000      0.796875000       5.94546534E-02  0.148034155      -1.94667868E-04
  0.265625000      0.796875000       7.21582025E-02  0.140683115      -1.69213791E-03
  0.296875000      0.796875000       8.45680237E-02  0.131779104      -3.61882895E-03
  0.328125000      0.796875000       9.63106602E-02  0.121650405      -5.86443022E-03
  0.359375000      0.796875000      0.107048631      0.110531069      -8.29890184E-03
  0.390625000      0.796875000      0.116483510       9.86281782E-02  -1.07832411E-02
  0.421875000      0.796875000      0.124360532       8.61513466E-02  -1.31791141E-02
  0.453125000      0.796875000      0.130473286       7.33199120E-02  -1.53578687E-02
  0.484375000      0.796875000      0.134666532       6.03562742E-02  -1.72082353E-02
  0.515625000      0.796875000      0.136835754       4.74720262E-02  -1.86422728E-02
  0.546875000      0.796875000      0.136922777       3.48510221E-02  -1.95989609E-02
  0.578125000      0.796875000      0.134908140       2.26303581E-02  -2.00454034E-02
  0.609375000      0.796875000      0.130793363       1.08506978E-02  -1.99765749E-02
  0.640625000      0.796875000      0.124420106      -8.34515435E-04  -1.94146894E-02
  0.671875000      0.796875000      0.115857795      -1.26093086E-02  -1.84591711E-02
  0.703125000      0.796875000      0.105380706      -2.45389044E-02  -1.70980543E-02
  0.734375000      0.796875000       9.30815116E-02  -3.72412801E-02  -1.53727401E-02
  0.765625000      0.796875000       7.90556371E-02  -5.20153381E-02  -1.33170225E-02
  0.796875000      0.796875000       6.33819625E-02  -7.15930164E-02  -1.09374337E-02
  0.828125000      0.796875000       4.60232385E-02 -0.101511300      -8.17736238E-03
  0.859375000      0.796875000       2.63995677E-02 -0.151865542      -4.86404775E-03
  0.890625000      0.796875000       1.75993564E-03 -0.237683117      -6.82577491E-04
  0.921875000      0.796875000      -2.35567726E-02 -0.359244049       6.15692791E-03
  0.953125000      0.796875000      -3.41511555E-02 -0.464177430       1.38567369E-02
  0.984375000      0.796875000      -1.67813897E-02 -0.407534838       1.80348977E-02
   1.56250000E-02  0.828125000      -1.51371770E-03   3.12223248E-02  -2.70514545E-04
   4.68750000E-02  0.828125000      -2.92672869E-03   8.00130293E-02  -6.60040023E-05
   7.81250000E-02  0.828125000       3.19381943E-05  0.113495588       6.37548801E-04
  0.109375000      0.828125000       7.62312301E-03  0.132890612       1.53260282E-03
  0.140625000      0.828125000       1.84026025E-02  0.141389430       2.33385712E-03
  0.171875000      0.828125000       3.14357430E-02  0.142603576       2.76068435E-03
  0.203125000      0.828125000       4.59034815E-02  0.139583617       2.61081802E-03
  0.234375000      0.828125000       6.10033423E-02  0.134037435       1.82740530E-03
  0.265625000      0.828125000       7.61066154E-02  0.126871452       4.50749503E-04
  0.296875000      0.828125000       9.07225311E-02  0.118565902      -1.42240920E-03
  0.328125000      0.828125000      0.104451880      0.109394915      -3.66407121E-03
  0.359375000      0.828125000      0.116959728       9.95462388E-02  -6.13024272E-03
  0.390625000      0.828125000      0.127963603       8.91815573E-02  -8.67177453E-03
  0.421875000      0.828125000      0.137230158       7.84629732E-02  -1.11432569E-02
  0.453125000      0.828125000      0.144575357       6.75597042E-02  -1.34108718E-02
  0.484375000      0.828125000      0.149864897       5.66433370E-02  -1.53590944E-02
  0.515625000      0.828125000      0.153012961       4.58770543E-02  -1.68957505E-02
  0.546875000      0.828125000      0.153978586       3.54020596E-02  -1.79550108E-02
  0.578125000      0.828125000      0.152759612       2.53207330E-02  -1.84982494E-02
  0.609375000      0.828125000      0.149376988       1.56643130E-02  -1.85126364E-02
  0.640625000      0.828125000      0.143810958       6.29643444E-03  -1.80061460E-02
  0.671875000      0.828125000      0.135932893      -3.29618435E-03  -1.70351677E-02
  0.703125000      0.828125000      0.125884965      -1.33251362E-02  -1.56513285E-02
  0.734375000      0.828125000      0.113927037      -2.41979286E-02  -1.38307726E-02
  0.765625000      0.828125000      0.100089051      -3.71970050E-02  -1.15664136E-02
  0.796875000      0.828125000       8.43995810E-02  -5.50528467E-02  -8.79758131E-03
  0.828125000      0.828125000       6.68587014E-02  -8.31591338E-02  -5.35628060E-03
  0.859375000      0.828125000       4.71813940E-02 -0.130926520      -8.75551952E-04
  0.890625000      0.828125000       2.42842343E-02 -0.211096987       5.24930097E-03
  0.921875000      0.828125000      -3.20330868E-03 -0.333039373       1.35744931E-02
  0.953125000      0.828125000      -2.31064670E-02 -0.459899664       2.49643922E-02
  0.984375000      0.828125000      -1.39902048E-02 -0.438312173       3.18132974E-02
   1.56250000E-02  0.859375000      -4.32731630E-03   3.70596126E-02  -4.92966268E-04
   4.68750000E-02  0.859375000      -1.07058212E-02   8.19588676E-02  -2.01412593E-04
   7.81250000E-02  0.859375000      -1.04653034E-02  0.108341008       9.37887817E-04
  0.109375000      0.859375000      -2.63605919E-03  0.122614719       2.39499798E-03
  0.140625000      0.859375000       1.01785809E-02  0.128061220       3.67382471E-03
  0.171875000      0.859375000       2.59173270E-02  0.127150550       4.51704254E-03
  0.203125000      0.859375000       4.33449522E-02  0.123132989       4.64878976E-03
  0.234375000      0.859375000       6.13202117E-02  0.117406391       4.02624719E-03
  0.265625000      0.859375000       7.90743157E-02  0.110640839       2.71850824E-03
  0.296875000      0.859375000       9.60785747E-02  0.103174634       8.49044067E-04
  0.328125000      0.859375000      0.111941636       9.51947272E-02  -1.43338053E-03
  0.359375000      0.859375000      0.126356214       8.68273973E-02  -3.96999856E-03
  0.390625000      0.859375000      0.139075339       7.81829208E-02  -6.60169078E-03
  0.421875000      0.859375000      0.149903119       6.93743974E-02  -9.17659886E-03
  0.453125000      0.859375000      0.158692211       6.05221502E-02  -1.15566049E-02
  0.484375000      0.859375000      0.165342867       5.17493561E-02  -1.36228502E-02
  0.515625000      0.859375000      0.169801310       4.31731492E-02  -1.52798798E-02
  0.546875000      0.859375000      0.172056571       3.48932035E-02  -1.64578669E-02
  0.578125000      0.859375000      0.172134966       2.69774310E-02  -1.71128027E-02
  0.609375000      0.859375000      0.170090646       1.94406342E-02  -1.72246657E-02
  0.640625000      0.859375000      0.165981442       1.22000501E-02  -1.67934578E-02
  0.671875000      0.859375000      0.159749761       4.91305301E-03  -1.58329681E-02
  0.703125000      0.859375000      0.151255578      -2.99116806E-03  -1.43856648E-02
  0.734375000      0.859375000      0.140710622      -1.20301098E-02  -1.24780536E-02
  0.765625000      0.859375000      0.128297552      -2.31172349E-02  -9.98834241E-03
  0.796875000      0.859375000      0.113888457      -3.90403382E-02  -6.73786085E-03
  0.828125000      0.859375000       9.73408818E-02  -6.50925264E-02  -2.36905552E-03
  0.859375000      0.859375000       7.81310126E-02 -0.110118292       3.80445365E-03
  0.890625000      0.859375000       5.48761636E-02 -0.185767800       1.28299631E-02
  0.921875000      0.859375000       2.56175064E-02 -0.301638782       2.55751181E-02
  0.953125000      0.859375000      -3.78095917E-03 -0.442017049       4.15259041E-02
  0.984375000      0.859375000      -8.39966815E-03 -0.460709035       5.32915741E-02
   1.56250000E-02  0.890625000      -9.11287963E-03   5.04954308E-02  -1.21663278E-03
   4.68750000E-02  0.890625000      -2.24781930E-02   8.82567763E-02  -6.20100007E-04
   7.81250000E-02  0.890625000      -2.44534295E-02  0.103766151       1.24534452E-03
  0.109375000      0.890625000      -1.54253431E-02  0.110319957       3.44196055E-03
  0.140625000      0.890625000       6.01371750E-04  0.111502230       5.21220639E-03
  0.171875000      0.890625000       2.03042813E-02  0.108255953       6.48206659E-03
  0.203125000      0.890625000       4.14749384E-02  0.103418246       6.83909468E-03
  0.234375000      0.890625000       6.28139526E-02   9.77975428E-02   6.30855141E-03
  0.265625000      0.890625000       8.35708901E-02   9.17316824E-02   5.00667049E-03
  0.296875000      0.890625000      0.103266791       8.53794217E-02   3.08819441E-03
  0.328125000      0.890625000      0.121567249       7.88250864E-02   7.22594385E-04
  0.359375000      0.890625000      0.138223141       7.21279532E-02  -1.91796338E-03
  0.390625000      0.890625000      0.153044343       6.53458387E-02  -4.66598384E-03
  0.421875000      0.890625000      0.165889412       5.85442744E-02  -7.36452173E-03
  0.453125000      0.890625000      0.176662326       5.17972484E-02  -9.87244025E-03
  0.484375000      0.890625000      0.185310990       4.51826230E-02  -1.20686842E-02
  0.515625000      0.890625000      0.191825539       3.87747213E-02  -1.38555756E-02
  0.546875000      0.890625000      0.196234465       3.26349661E-02  -1.51602086E-02
  0.578125000      0.890625000      0.198598102       2.68003587E-02  -1.59339868E-02
  0.609375000      0.890625000      0.198998570       2.12671272E-02  -1.61497183E-02
  0.640625000      0.890625000      0.197522521       1.59629583E-02  -1.57964714E-02
  0.671875000      0.890625000      0.194220901       1.06859561E-02  -1.48707181E-02
  0.703125000      0.890625000      0.188992456       4.95906174E-03  -1.33609390E-02
  0.734375000      0.890625000      0.181586593      -2.03164993E-03  -1.12567283E-02
  0.765625000      0.890625000      0.172117338      -1.12382583E-02  -8.53772555E-03
  0.796875000      0.890625000      0.160661340      -2.50621177E-02  -4.68096137E-03
  0.828125000      0.890625000      0.146667868      -4.85410020E-02   9.70758498E-04
  0.859375000      0.890625000      0.128783613      -8.95904005E-02   9.61252302E-03
  0.890625000      0.890625000      0.104298905     -0.158573702       2.30307225E-02
  0.921875000      0.890625000       7.00063407E-02 -0.265301019       4.28108871E-02
  0.953125000      0.890625000       2.76507866E-02 -0.406621724       6.76745027E-02
  0.984375000      0.890625000       2.63143145E-03 -0.466485292       8.77569169E-02
   1.56250000E-02  0.921875000      -1.58216394E-02   7.54251927E-02  -3.64625128E-03
   4.68750000E-02  0.921875000      -3.60105932E-02   9.68700498E-02  -1.82559481E-03
   7.81250000E-02  0.921875000      -3.60111743E-02   9.71154422E-02   1.41747249E-03
  0.109375000      0.921875000      -2.21800655E-02   9.40974653E-02   4.62812092E-03
  0.140625000      0.921875000      -3.27751972E-04   8.98309648E-02   6.97564473E-03
  0.171875000      0.921875000       2.50589438E-02   8.48232135E-02   8.59064795E-03
  0.203125000      0.921875000       5.10021187E-02   7.97238052E-02   9.07939859E-03
  0.234375000      0.921875000       7.64913335E-02   7.46519119E-02   8.56166426E-03
  0.265625000      0.921875000      0.100971632       6.96306825E-02   7.20564090E-03
  0.296875000      0.921875000      0.124095067       6.46546036E-02   5.19504864E-03
  0.328125000      0.921875000      0.145626366       5.97147346E-02   2.71648495E-03
  0.359375000      0.921875000      0.165398687       5.48097119E-02  -4.76372261E-05
  0.390625000      0.921875000      0.183293447       4.99503389E-02  -2.92393169E-03
  0.421875000      0.921875000      0.199232578       4.51598912E-02  -5.75222727E-03
  0.453125000      0.921875000      0.213175744       4.04714532E-02  -8.38971790E-03
  0.484375000      0.921875000      0.225118920       3.59233841E-02  -1.07143261E-02
  0.515625000      0.921875000      0.235091984       3.15534584E-02  -1.26271695E-02
  0.546875000      0.921875000      0.243154258       2.73919664E-02  -1.40533382E-02
  0.578125000      0.921875000      0.249386832       2.34533884E-02  -1.49406474E-02
  0.609375000      0.921875000      0.253880948       1.97246224E-02  -1.52556393E-02
  0.640625000      0.921875000      0.256720543       1.61456447E-02  -1.49764381E-02
  0.671875000      0.921875000      0.257954419       1.25729619E-02  -1.40806343E-02
  0.703125000      0.921875000      0.257551163       8.70358851E-03  -1.25249820E-02
  0.734375000      0.921875000      0.255300224       3.87789123E-03  -1.02106649E-02
  0.765625000      0.921875000      0.250851303      -3.23573477E-03  -7.02008791E-03
  0.796875000      0.921875000      0.243955612      -1.47225605E-02  -2.35020183E-03
  0.828125000      0.921875000      0.233666375      -3.46108489E-02   5.11934515E-03
  0.859375000      0.921875000      0.217191190      -6.91776574E-02   1.72783677E-02
  0.890625000      0.921875000      0.189662322     -0.126992345       3.69971693E-02
  0.921875000      0.921875000      0.145144552     -0.218093723       6.72138557E-02
  0.953125000      0.921875000       8.16281438E-02 -0.347980142      0.107358411    
  0.984375000      0.921875000       2.26813424E-02 -0.441181272      0.143299595    
   1.56250000E-02  0.953125000      -1.65788233E-02  0.107820675      -1.11783575E-02
   4.68750000E-02  0.953125000      -2.72498261E-02   9.53225791E-02  -4.17990703E-03
   7.81250000E-02  0.953125000      -7.85010774E-03   7.92495608E-02   1.58857310E-03
  0.109375000      0.953125000       2.16632374E-02   6.86039329E-02   6.01711497E-03
  0.140625000      0.953125000       5.41574061E-02   6.09620959E-02   9.07615293E-03
  0.171875000      0.953125000       8.69892091E-02   5.54576591E-02   1.08267795E-02
  0.203125000      0.953125000      0.119189762       5.09305820E-02   1.13218874E-02
  0.234375000      0.953125000      0.150155902       4.69760895E-02   1.07382592E-02
  0.265625000      0.953125000      0.179583922       4.33869138E-02   9.27913003E-03
  0.296875000      0.953125000      0.207308054       4.00425121E-02   7.14835431E-03
  0.328125000      0.953125000      0.233228445       3.68700773E-02   4.54339944E-03
  0.359375000      0.953125000      0.257281899       3.38267237E-02   1.65242318E-03
  0.390625000      0.953125000      0.279431105       3.08902785E-02  -1.34840235E-03
  0.421875000      0.953125000      0.299661577       2.80536003E-02  -4.29788651E-03
  0.453125000      0.953125000      0.317981184       2.53199451E-02  -7.05302786E-03
  0.484375000      0.953125000      0.334420204       2.26987489E-02  -9.49181058E-03
  0.515625000      0.953125000      0.349030137       2.02016104E-02  -1.15151871E-02
  0.546875000      0.953125000      0.361880183       1.78379137E-02  -1.30472444E-02
  0.578125000      0.953125000      0.373051167       1.56097207E-02  -1.40333697E-02
  0.609375000      0.953125000      0.382625222       1.35048348E-02  -1.44350156E-02
  0.640625000      0.953125000      0.390669614       1.14847664E-02  -1.42204016E-02
  0.671875000      0.953125000      0.397209585       9.46149603E-03  -1.33479200E-02
  0.703125000      0.953125000      0.402186513       7.24056410E-03  -1.17351916E-02
  0.734375000      0.953125000      0.405405641       4.36934177E-03  -9.20340046E-03
  0.765625000      0.953125000      0.406458914      -3.38406418E-04  -5.37497643E-03
  0.796875000      0.953125000      0.404289424      -8.56524426E-03   6.67858927E-04
  0.828125000      0.953125000      0.396478355      -2.26820409E-02   1.06409527E-02
  0.859375000      0.953125000      0.378539205      -4.67098393E-02   2.73307730E-02
  0.890625000      0.953125000      0.343273997      -8.66867453E-02   5.49583584E-02
  0.921875000      0.953125000      0.280807018     -0.151437566       9.86381769E-02
  0.953125000      0.953125000      0.181697384     -0.252034873      0.161108345    
  0.984375000      0.953125000       6.10024445E-02 -0.357506841      0.228503376    
   1.56250000E-02  0.984375000       6.21964857E-02   6.21984713E-02  -2.88745351E-02
   4.68750000E-02  0.984375000      0.169095516       4.47055884E-02  -3.57592548E-03
   7.81250000E-02  0.984375000      0.246672004       3.28769796E-02   5.09990053E-03
  0.109375000      0.984375000      0.305832326       2.62892619E-02   9.60025750E-03
  0.140625000      0.984375000      0.354358435       2.22426634E-02   1.22980634E-02
  0.171875000      0.984375000      0.396142602       1.95472557E-02   1.36861224E-02
  0.203125000      0.984375000      0.433227092       1.75426360E-02   1.38907023E-02
  0.234375000      0.984375000      0.466688842       1.59240309E-02   1.30700311E-02
  0.265625000      0.984375000      0.497149229       1.45404590E-02   1.14099737E-02
  0.296875000      0.984375000      0.524996579       1.33099239E-02   9.10398550E-03
  0.328125000      0.984375000      0.550489306       1.21847382E-02   6.34310953E-03
  0.359375000      0.984375000      0.573809505       1.11362990E-02   3.31125595E-03
  0.390625000      0.984375000      0.595093548       1.01476861E-02   1.81364827E-04
  0.421875000      0.984375000      0.614451885       9.20971762E-03  -2.88794166E-03
  0.453125000      0.984375000      0.631981552       8.31839349E-03  -5.75570110E-03
  0.484375000      0.984375000      0.647774696       7.47286715E-03  -8.30142200E-03
  0.515625000      0.984375000      0.661923528       6.67391112E-03  -1.04267132E-02
  0.546875000      0.984375000      0.674521923       5.92237804E-03  -1.20557193E-02
  0.578125000      0.984375000      0.685663581       5.21736173E-03  -1.31323989E-02
  0.609375000      0.984375000      0.695436478       4.55401884E-03  -1.36148734E-02
  0.640625000      0.984375000      0.703910828       3.91936395E-03  -1.34638790E-02
  0.671875000      0.984375000      0.711114645       3.28410207E-03  -1.26219541E-02
  0.703125000      0.984375000      0.716976285       2.57821055E-03  -1.09656984E-02
  0.734375000      0.984375000      0.721169114       1.61621184E-03  -8.19248427E-03
  0.765625000      0.984375000      0.722653508      -1.29173393E-04  -3.48731666E-03
  0.796875000      0.984375000      0.719279945      -3.24054318E-03   4.14011488E-03
  0.828125000      0.984375000      0.707552731      -8.48121662E-03   1.65973753E-02
  0.859375000      0.984375000      0.681815028      -1.72496848E-02   3.74339707E-02
  0.890625000      0.984375000      0.632736087      -3.18212882E-02   7.19521195E-02
  0.921875000      0.984375000      0.544892550      -5.60132563E-02  0.127238050    
  0.953125000      0.984375000      0.392695218      -9.61744487E-02  0.210508227    
  0.984375000      0.984375000      0.148257881     -0.148254633      0.322152942    
