 VARIABLES="X","Y","U","V","P"
 ZONE F=POINT, I=          32 , J=          32
   1.56250000E-02   1.56250000E-02   3.93584080E-04  -3.95435200E-04   1.56331975E-02
   4.68750000E-02   1.56250000E-02   1.27349771E-03  -4.88801394E-04   1.55943036E-02
   7.81250000E-02   1.56250000E-02   2.00239103E-03  -2.44990573E-04   1.54587999E-02
  0.109375000       1.56250000E-02   2.15696567E-03   8.56346305E-05   1.52493361E-02
  0.140625000       1.56250000E-02   1.65162073E-03   4.15099319E-04   1.49843413E-02
  0.171875000       1.56250000E-02   5.05847041E-04   7.26277067E-04   1.46758622E-02
  0.203125000       1.56250000E-02  -1.25619059E-03   1.03161833E-03   1.43294726E-02
  0.234375000       1.56250000E-02  -3.63357342E-03   1.34190975E-03   1.39525961E-02
  0.265625000       1.56250000E-02  -6.63557462E-03   1.65655091E-03   1.35592688E-02
  0.296875000       1.56250000E-02  -1.02561014E-02   1.96076836E-03   1.31704360E-02
  0.328125000       1.56250000E-02  -1.44506879E-02   2.23094132E-03   1.28149744E-02
  0.359375000       1.56250000E-02  -1.91228148E-02   2.43863137E-03   1.25287017E-02
  0.390625000       1.56250000E-02  -2.41179150E-02   2.55419710E-03   1.23523278E-02
  0.421875000       1.56250000E-02  -2.92243883E-02   2.55022082E-03   1.23284133E-02
  0.453125000       1.56250000E-02  -3.41809392E-02   2.40440294E-03   1.24975238E-02
  0.484375000       1.56250000E-02  -3.86887453E-02   2.10149074E-03   1.28936674E-02
  0.515625000       1.56250000E-02  -4.24265675E-02   1.63432735E-03   1.35391708E-02
  0.546875000       1.56250000E-02  -4.50678617E-02   1.00474793E-03   1.44390250E-02
  0.578125000       1.56250000E-02  -4.63022068E-02   2.27029494E-04   1.55748222E-02
  0.609375000       1.56250000E-02  -4.58791554E-02  -6.53090072E-04   1.68737397E-02
  0.640625000       1.56250000E-02  -4.35337573E-02  -1.69581489E-03   1.82069764E-02
  0.671875000       1.56250000E-02  -3.90625410E-02  -2.77941814E-03   1.94601603E-02
  0.703125000       1.56250000E-02  -3.25314291E-02  -3.75617552E-03   2.04973519E-02
  0.734375000       1.56250000E-02  -2.43195929E-02  -4.46050381E-03   2.11885292E-02
  0.765625000       1.56250000E-02  -1.51522160E-02  -4.71192272E-03   2.14445852E-02
  0.796875000       1.56250000E-02  -6.10961393E-03  -4.33575921E-03   2.12550685E-02
  0.828125000       1.56250000E-02   1.43295026E-03  -3.21175437E-03   2.07216516E-02
  0.859375000       1.56250000E-02   6.12463150E-03  -1.48464716E-03   2.00266317E-02
  0.890625000       1.56250000E-02   7.45023740E-03   1.54574547E-04   1.93657801E-02
  0.921875000       1.56250000E-02   6.07673964E-03   1.21466047E-03   1.88893713E-02
  0.953125000       1.56250000E-02   3.31472396E-03   1.54321699E-03   1.86462551E-02
  0.984375000       1.56250000E-02   8.84729263E-04   8.83452769E-04   1.86276175E-02
   1.56250000E-02   4.68750000E-02   4.84868069E-04  -1.27825816E-03   1.56708527E-02
   4.68750000E-02   4.68750000E-02   1.27818203E-03  -1.28919119E-03   1.56268310E-02
   7.81250000E-02   4.68750000E-02   1.24518829E-03  -1.51623317E-04   1.55011658E-02
  0.109375000       4.68750000E-02  -2.52566126E-04   1.32459705E-03   1.53166084E-02
  0.140625000       4.68750000E-02  -3.37492721E-03   2.79337470E-03   1.50829162E-02
  0.171875000       4.68750000E-02  -8.07583425E-03   4.18469030E-03   1.48060350E-02
  0.203125000       4.68750000E-02  -1.42625440E-02   5.51252998E-03   1.44883767E-02
  0.234375000       4.68750000E-02  -2.18112040E-02   6.77826349E-03   1.41348634E-02
  0.265625000       4.68750000E-02  -3.05427611E-02   7.94570334E-03   1.37564549E-02
  0.296875000       4.68750000E-02  -4.02035639E-02   8.94566718E-03   1.33717414E-02
  0.328125000       4.68750000E-02  -5.04641607E-02   9.69473459E-03   1.30077358E-02
  0.359375000       4.68750000E-02  -6.09318055E-02   1.01088723E-02   1.26993423E-02
  0.390625000       4.68750000E-02  -7.11704195E-02   1.01125948E-02   1.24875652E-02
  0.421875000       4.68750000E-02  -8.07220489E-02   9.64538474E-03   1.24164959E-02
  0.453125000       4.68750000E-02  -8.91265571E-02   8.66608135E-03   1.25292689E-02
  0.484375000       4.68750000E-02  -9.59383249E-02   7.15524424E-03   1.28632160E-02
  0.515625000       4.68750000E-02 -0.100740366       5.11610601E-03   1.34445317E-02
  0.546875000       4.68750000E-02 -0.103156105       2.57520471E-03   1.42828152E-02
  0.578125000       4.68750000E-02 -0.102857456      -4.13278467E-04   1.53666958E-02
  0.609375000       4.68750000E-02  -9.95014608E-02  -3.79834184E-03   1.65785216E-02
  0.640625000       4.68750000E-02  -9.29185748E-02  -7.48647610E-03   1.78482141E-02
  0.671875000       4.68750000E-02  -8.32431018E-02  -1.11442339E-02   1.90520845E-02
  0.703125000       4.68750000E-02  -7.08065704E-02  -1.43688433E-02   2.00546253E-02
  0.734375000       4.68750000E-02  -5.61821014E-02  -1.66948214E-02   2.07294710E-02
  0.765625000       4.68750000E-02  -4.02397439E-02  -1.75985117E-02   2.09922157E-02
  0.796875000       4.68750000E-02  -2.41977312E-02  -1.65450536E-02   2.08371282E-02
  0.828125000       4.68750000E-02  -9.62923840E-03  -1.31245218E-02   2.03616992E-02
  0.859375000       4.68750000E-02   1.58208294E-03  -7.48539716E-03   1.97567679E-02
  0.890625000       4.68750000E-02   7.57645536E-03  -1.17462082E-03   1.91978738E-02
  0.921875000       4.68750000E-02   8.12375546E-03   3.36052896E-03   1.88039280E-02
  0.953125000       4.68750000E-02   5.13987988E-03   5.13398089E-03   1.86062884E-02
  0.984375000       4.68750000E-02   1.54489744E-03   3.31002381E-03   1.86004657E-02
   1.56250000E-02   7.81250000E-02   9.66443695E-05  -1.86486216E-03   1.58139803E-02
   4.68750000E-02   7.81250000E-02  -4.59138799E-04  -9.51544847E-04   1.57419443E-02
   7.81250000E-02   7.81250000E-02  -2.83592055E-03   1.90795783E-03   1.56098977E-02
  0.109375000       7.81250000E-02  -7.37515651E-03   5.28977066E-03   1.54324668E-02
  0.140625000       7.81250000E-02  -1.40333520E-02   8.59695394E-03   1.52129754E-02
  0.171875000       7.81250000E-02  -2.26409324E-02   1.16783241E-02   1.49477385E-02
  0.203125000       7.81250000E-02  -3.29459198E-02   1.44999586E-02   1.46325231E-02
  0.234375000       7.81250000E-02  -4.46225032E-02   1.70061979E-02   1.42675936E-02
  0.265625000       7.81250000E-02  -5.72762340E-02   1.90940332E-02   1.38609838E-02
  0.296875000       7.81250000E-02  -7.04590231E-02   2.06328277E-02   1.34302303E-02
  0.328125000       7.81250000E-02  -8.36897343E-02   2.14917604E-02   1.30029507E-02
  0.359375000       7.81250000E-02  -9.64747518E-02   2.15583108E-02   1.26162712E-02
  0.390625000       7.81250000E-02 -0.108326316       2.07479708E-02   1.23148663E-02
  0.421875000       7.81250000E-02 -0.118778072       1.90087296E-02   1.21476492E-02
  0.453125000       7.81250000E-02 -0.127397507       1.63224526E-02   1.21632358E-02
  0.484375000       7.81250000E-02 -0.133795232       1.27042867E-02   1.24045871E-02
  0.515625000       7.81250000E-02 -0.137631088       8.20076931E-03   1.29031260E-02
  0.546875000       7.81250000E-02 -0.138616711       2.88726529E-03   1.36731397E-02
  0.578125000       7.81250000E-02 -0.136511832      -3.13429860E-03   1.46806501E-02
  0.609375000       7.81250000E-02 -0.131184161      -9.76743922E-03   1.58447493E-02
  0.640625000       7.81250000E-02 -0.122676447      -1.66156366E-02   1.70948151E-02
  0.671875000       7.81250000E-02 -0.111170590      -2.32053362E-02   1.83067769E-02
  0.703125000       7.81250000E-02  -9.69670117E-02  -2.89579816E-02   1.93438735E-02
  0.734375000       7.81250000E-02  -8.05310160E-02  -3.31772491E-02   2.00771298E-02
  0.765625000       7.81250000E-02  -6.25523552E-02  -3.50488275E-02   2.04163082E-02
  0.796875000       7.81250000E-02  -4.40087095E-02  -3.36923413E-02   2.03453638E-02
  0.828125000       7.81250000E-02  -2.62220055E-02  -2.83441879E-02   1.99482255E-02
  0.859375000       7.81250000E-02  -1.08728539E-02  -1.88375060E-02   1.94004811E-02
  0.890625000       7.81250000E-02   4.89638187E-05  -6.74948934E-03   1.88899189E-02
  0.921875000       7.81250000E-02   4.72889096E-03   3.69780581E-03   1.85239799E-02
  0.953125000       7.81250000E-02   3.99393449E-03   8.50543287E-03   1.83533318E-02
  0.984375000       7.81250000E-02   1.33377814E-03   6.18519541E-03   1.83469709E-02
   1.56250000E-02  0.109375000      -6.29510614E-04  -1.33722881E-03   1.60424374E-02
   4.68750000E-02  0.109375000      -3.36776255E-03   1.80313224E-03   1.59213915E-02
   7.81250000E-02  0.109375000      -8.89502000E-03   7.04448298E-03   1.57669410E-02
  0.109375000      0.109375000      -1.68598965E-02   1.26448758E-02   1.55771039E-02
  0.140625000      0.109375000      -2.69223936E-02   1.79505367E-02   1.53428726E-02
  0.171875000      0.109375000      -3.87538895E-02   2.27523968E-02   1.50516471E-02
  0.203125000      0.109375000      -5.19816838E-02   2.69479640E-02   1.46929314E-02
  0.234375000      0.109375000      -6.61739856E-02   3.04172225E-02   1.42633226E-02
  0.265625000      0.109375000      -8.08566287E-02   3.30105238E-02   1.37697756E-02
  0.296875000      0.109375000      -9.55383927E-02   3.45730968E-02   1.32312495E-02
  0.328125000      0.109375000     -0.109733000       3.49701494E-02   1.26790237E-02
  0.359375000      0.109375000     -0.122975782       3.41021344E-02   1.21555571E-02
  0.390625000      0.109375000     -0.134835944       3.19112688E-02   1.17118973E-02
  0.421875000      0.109375000     -0.144925609       2.83830762E-02   1.14036454E-02
  0.453125000      0.109375000     -0.152906060       2.35447828E-02   1.12856813E-02
  0.484375000      0.109375000     -0.158491284       1.74619649E-02   1.14061376E-02
  0.515625000      0.109375000     -0.161449015       1.02337208E-02   1.18000060E-02
  0.546875000      0.109375000     -0.161598891       1.98648637E-03   1.24830492E-02
  0.578125000      0.109375000     -0.158806145      -7.13518914E-03   1.34091377E-02
  0.609375000      0.109375000     -0.153041199      -1.68641731E-02   1.45452879E-02
  0.640625000      0.109375000     -0.144355908      -2.67180875E-02   1.58037581E-02
  0.671875000      0.109375000     -0.132834315      -3.61377709E-02   1.70661919E-02
  0.703125000      0.109375000     -0.118647560      -4.44245711E-02   1.81971565E-02
  0.734375000      0.109375000     -0.102092743      -5.07112257E-02   1.90641340E-02
  0.765625000      0.109375000      -8.36449713E-02  -5.39517738E-02   1.95657797E-02
  0.796875000      0.109375000      -6.40225187E-02  -5.29663786E-02   1.96650643E-02
  0.828125000      0.109375000      -4.42661867E-02  -4.66241017E-02   1.94159653E-02
  0.859375000      0.109375000      -2.58382075E-02  -3.43453810E-02   1.89632252E-02
  0.890625000      0.109375000      -1.07405465E-02  -1.72713995E-02   1.84918586E-02
  0.921875000      0.109375000      -1.25466730E-03   4.39260621E-05   1.81394126E-02
  0.953125000      0.109375000       1.72966870E-03   9.90018249E-03   1.79367699E-02
  0.984375000      0.109375000       8.28231568E-04   8.34382325E-03   1.78954899E-02
   1.56250000E-02  0.140625000      -1.54603494E-03   8.32880847E-04   1.63049437E-02
   4.68750000E-02  0.140625000      -6.73847320E-03   7.55155599E-03   1.61263421E-02
   7.81250000E-02  0.140625000      -1.53939435E-02   1.54655343E-02   1.59358680E-02
  0.109375000      0.140625000      -2.63894871E-02   2.31714547E-02   1.57072470E-02
  0.140625000      0.140625000      -3.91197428E-02   3.02045122E-02   1.54190920E-02
  0.171875000      0.140625000      -5.31718470E-02   3.63705382E-02   1.50523782E-02
  0.203125000      0.140625000      -6.81432188E-02   4.15184051E-02   1.45934671E-02
  0.234375000      0.140625000      -8.35986137E-02   4.54849377E-02   1.40384333E-02
  0.265625000      0.140625000      -9.90843177E-02   4.81028184E-02   1.33962631E-02
  0.296875000      0.140625000     -0.114152282       4.92234938E-02   1.26902685E-02
  0.328125000      0.140625000     -0.128379196       4.87355664E-02   1.19578298E-02
  0.359375000      0.140625000     -0.141378775       4.65746373E-02   1.12484507E-02
  0.390625000      0.140625000     -0.152809039       4.27259207E-02   1.06203547E-02
  0.421875000      0.140625000     -0.162375778       3.72225307E-02   1.01356134E-02
  0.453125000      0.140625000     -0.169832885       3.01412940E-02   9.85430740E-03
  0.484375000      0.140625000     -0.174980447       2.15970464E-02   9.82799940E-03
  0.515625000      0.140625000     -0.177661404       1.17361639E-02   1.00929802E-02
  0.546875000      0.140625000     -0.177758396       7.29456369E-04   1.06634432E-02
  0.578125000      0.140625000     -0.175194919      -1.12364357E-02   1.15127079E-02
  0.609375000      0.140625000     -0.169923782      -2.38020066E-02   1.26193734E-02
  0.640625000      0.140625000     -0.161912277      -3.64812128E-02   1.39008462E-02
  0.671875000      0.140625000     -0.151154697      -4.86592352E-02   1.52454544E-02
  0.703125000      0.140625000     -0.137698904      -5.95523976E-02   1.65214706E-02
  0.734375000      0.140625000     -0.121678777      -6.81662858E-02   1.75933056E-02
  0.765625000      0.140625000     -0.103362039      -7.32700974E-02   1.83455385E-02
  0.796875000      0.140625000      -8.32197070E-02  -7.34223574E-02   1.87124945E-02
  0.828125000      0.140625000      -6.20275289E-02  -6.71264827E-02   1.87053829E-02
  0.859375000      0.140625000      -4.10194881E-02  -5.32888845E-02   1.84221268E-02
  0.890625000      0.140625000      -2.21103281E-02  -3.23444158E-02   1.80209633E-02
  0.921875000      0.140625000      -7.98412226E-03  -8.50462355E-03   1.76494885E-02
  0.953125000      0.140625000      -9.56244243E-04   8.42721947E-03   1.73902214E-02
  0.984375000      0.140625000       2.92658166E-04   9.46149323E-03   1.72864534E-02
   1.56250000E-02  0.171875000      -2.43608141E-03   4.80934419E-03   1.65247992E-02
   4.68750000E-02  0.171875000      -9.85416584E-03   1.61729958E-02   1.62880756E-02
   7.81250000E-02  0.171875000      -2.11010743E-02   2.67328024E-02   1.60484109E-02
  0.109375000      0.171875000      -3.43885161E-02   3.61741111E-02   1.57526974E-02
  0.140625000      0.171875000      -4.89456877E-02   4.44770008E-02   1.53698493E-02
  0.171875000      0.171875000      -6.43405169E-02   5.15336543E-02   1.48784220E-02
  0.203125000      0.171875000      -8.01965743E-02   5.71725294E-02   1.42656956E-02
  0.234375000      0.171875000      -9.61278081E-02   6.12085722E-02   1.35308551E-02
  0.265625000      0.171875000     -0.111745909       6.34756088E-02   1.26878191E-02
  0.296875000      0.171875000     -0.126679793       6.38467371E-02   1.17662735E-02
  0.328125000      0.171875000     -0.140590221       6.22454062E-02   1.08107645E-02
  0.359375000      0.171875000     -0.153177679       5.86490780E-02   9.87798534E-03
  0.390625000      0.171875000     -0.164184839       5.30874804E-02   9.03265271E-03
  0.421875000      0.171875000     -0.173394948       4.56375144E-02   8.34215432E-03
  0.453125000      0.171875000     -0.180627719       3.64166871E-02   7.87042174E-03
  0.484375000      0.171875000     -0.185733899       2.55763792E-02   7.67130312E-03
  0.515625000      0.171875000     -0.188590765       1.32957501E-02   7.78190978E-03
  0.546875000      0.171875000     -0.189100266      -2.22730567E-04   8.21592193E-03
  0.578125000      0.171875000     -0.187191755      -1.47559168E-02   8.97397287E-03
  0.609375000      0.171875000     -0.182793573      -2.99524143E-02   1.00433985E-02
  0.640625000      0.171875000     -0.175819993      -4.53176051E-02   1.13521283E-02
  0.671875000      0.171875000     -0.166191593      -6.02118373E-02   1.27984555E-02
  0.703125000      0.171875000     -0.153846115      -7.38054737E-02   1.42571963E-02
  0.734375000      0.171875000     -0.138762802      -8.50224122E-02   1.55913439E-02
  0.765625000      0.171875000     -0.121007517      -9.24929380E-02   1.66706908E-02
  0.796875000      0.171875000     -0.100808129      -9.45490897E-02   1.73965022E-02
  0.828125000      0.171875000      -7.86757022E-02  -8.93328562E-02   1.77280754E-02
  0.859375000      0.171875000      -5.56005165E-02  -7.51745850E-02   1.77019499E-02
  0.890625000      0.171875000      -3.33648622E-02  -5.16124703E-02   1.74301136E-02
  0.921875000      0.171875000      -1.49078397E-02  -2.18286812E-02   1.70626566E-02
  0.953125000      0.171875000      -3.72825563E-03   3.53505928E-03   1.67242456E-02
  0.984375000      0.171875000      -1.90996245E-04   9.56014171E-03   1.65331848E-02
   1.56250000E-02  0.203125000      -3.14349937E-03   1.03831012E-02   1.66055299E-02
   4.68750000E-02  0.203125000      -1.22453887E-02   2.71062292E-02   1.63176879E-02
   7.81250000E-02  0.203125000      -2.53262371E-02   4.01133522E-02   1.60184335E-02
  0.109375000      0.203125000      -4.01202962E-02   5.08618876E-02   1.56318080E-02
  0.140625000      0.203125000      -5.57589829E-02   5.99729493E-02   1.51212588E-02
  0.171875000      0.203125000      -7.18192905E-02   6.74819648E-02   1.44667346E-02
  0.203125000      0.203125000      -8.79714713E-02   7.32230172E-02   1.36597883E-02
  0.234375000      0.203125000     -0.103895642       7.70056918E-02   1.27054276E-02
  0.265625000      0.203125000     -0.119280428       7.86753893E-02   1.16243856E-02
  0.296875000      0.203125000     -0.133835942       7.81321973E-02   1.04536144E-02
  0.328125000      0.203125000     -0.147303224       7.53353164E-02   9.24480706E-03
  0.359375000      0.203125000     -0.159457803       7.03005344E-02   8.06116126E-03
  0.390625000      0.203125000     -0.170108080       6.30942881E-02   6.97287451E-03
  0.421875000      0.203125000     -0.179090962       5.38257509E-02   6.05160603E-03
  0.453125000      0.203125000     -0.186266124       4.26393114E-02   5.36448136E-03
  0.484375000      0.203125000     -0.191511154       2.97084749E-02   4.96764109E-03
  0.515625000      0.203125000     -0.194719464       1.52324773E-02   4.89994604E-03
  0.546875000      0.203125000     -0.195801824      -5.64113026E-04   5.17659634E-03
  0.578125000      0.203125000     -0.194692582      -1.74293667E-02   5.82271023E-03
  0.609375000      0.203125000     -0.191317737      -3.50499153E-02   6.84043951E-03
  0.640625000      0.203125000     -0.185568482      -5.29419668E-02   8.16991180E-03
  0.671875000      0.203125000     -0.177309334      -7.04754293E-02   9.72196925E-03
  0.703125000      0.203125000     -0.166379914      -8.68186280E-02   1.13810655E-02
  0.734375000      0.203125000     -0.152612984     -0.100862853       1.30119175E-02
  0.765625000      0.203125000     -0.135877699     -0.111147806       1.44716073E-02
  0.796875000      0.203125000     -0.116160229     -0.115817010       1.56281125E-02
  0.828125000      0.203125000      -9.37005579E-02 -0.112663969       1.63845327E-02
  0.859375000      0.203125000      -6.92194030E-02  -9.94074568E-02   1.67055037E-02
  0.890625000      0.203125000      -4.42943200E-02  -7.45483711E-02   1.66387483E-02
  0.921875000      0.203125000      -2.19194293E-02  -3.97328511E-02   1.63171440E-02
  0.953125000      0.203125000      -6.55976171E-03  -5.10811852E-03   1.59156844E-02
  0.984375000      0.203125000      -6.33429445E-04   8.73293541E-03   1.56147927E-02
   1.56250000E-02  0.234375000      -3.58035299E-03   1.71010643E-02   1.64583195E-02
   4.68750000E-02  0.234375000      -1.36973606E-02   3.95940617E-02   1.61300190E-02
   7.81250000E-02  0.234375000      -2.78328657E-02   5.48278689E-02   1.57656372E-02
  0.109375000      0.234375000      -4.34165448E-02   6.65121078E-02   1.52733102E-02
  0.140625000      0.234375000      -5.95140941E-02   7.60472640E-02   1.46150216E-02
  0.171875000      0.234375000      -7.57159591E-02   8.36596936E-02   1.37747154E-02
  0.203125000      0.234375000      -9.17395353E-02   8.92127007E-02   1.27501655E-02
  0.234375000      0.234375000     -0.107328780       9.25230682E-02   1.15536759E-02
  0.265625000      0.234375000     -0.122243002       9.34527293E-02   1.02135632E-02
  0.296875000      0.234375000     -0.136262819       9.19280052E-02   8.77413712E-03
  0.328125000      0.234375000     -0.149194747       8.79385769E-02   7.29375798E-03
  0.359375000      0.234375000     -0.160871238       8.15300345E-02   5.84141212E-03
  0.390625000      0.234375000     -0.171147555       7.27947056E-02   4.49203700E-03
  0.421875000      0.234375000     -0.179897189       6.18624613E-02   3.32121761E-03
  0.453125000      0.234375000     -0.187007904       4.88940105E-02   2.39935820E-03
  0.484375000      0.234375000     -0.192379832       3.40768397E-02   1.78567134E-03
  0.515625000      0.234375000     -0.195926189       1.76250376E-02   1.52210984E-03
  0.546875000      0.234375000     -0.197576672      -2.17754859E-04   1.62739423E-03
  0.578125000      0.234375000     -0.197283268      -1.91727951E-02   2.14164495E-03
  0.609375000      0.234375000     -0.194988012      -3.89718711E-02   3.08902073E-03
  0.640625000      0.234375000     -0.190580428      -5.91732413E-02   4.42219619E-03
  0.671875000      0.234375000     -0.183885455      -7.91960657E-02   6.06643455E-03
  0.703125000      0.234375000     -0.174657881      -9.82542261E-02   7.91919790E-03
  0.734375000      0.234375000     -0.162594363     -0.115258530       9.85151343E-03
  0.765625000      0.234375000     -0.147374451     -0.128709704       1.17129646E-02
  0.796875000      0.234375000     -0.128744647     -0.136606246       1.33427139E-02
  0.828125000      0.234375000     -0.106665954     -0.136418283       1.45889455E-02
  0.859375000      0.234375000      -8.15620869E-02 -0.125244379       1.53390002E-02
  0.890625000      0.234375000      -5.47361821E-02 -0.100469336       1.55602051E-02
  0.921875000      0.234375000      -2.90593803E-02  -6.18708283E-02   1.53419347E-02
  0.953125000      0.234375000      -9.67530720E-03  -1.77211668E-02   1.48926796E-02
  0.984375000      0.234375000      -1.17939012E-03   6.91761076E-03   1.44803431E-02
   1.56250000E-02  0.265625000      -3.72494105E-03   2.44005769E-02   1.60203222E-02
   4.68750000E-02  0.265625000      -1.41867064E-02   5.28604910E-02   1.56643149E-02
   7.81250000E-02  0.265625000      -2.86605023E-02   7.01571330E-02   1.52351130E-02
  0.109375000      0.265625000      -4.44106236E-02   8.25042129E-02   1.46324914E-02
  0.140625000      0.265625000      -6.04473129E-02   9.21785086E-02   1.38200233E-02
  0.171875000      0.265625000      -7.63670728E-02   9.96410549E-02   1.27869137E-02
  0.203125000      0.265625000      -9.19252038E-02  0.104806133       1.15378890E-02
  0.234375000      0.265625000     -0.106918216      0.107507259       1.00928629E-02
  0.265625000      0.265625000     -0.121162124      0.107624382       8.48771818E-03
  0.296875000      0.265625000     -0.134492069      0.105106175       6.77379873E-03
  0.328125000      0.265625000     -0.146763057       9.99655798E-02   5.01570804E-03
  0.359375000      0.265625000     -0.157848537       9.22692269E-02   3.28772003E-03
  0.390625000      0.265625000     -0.167637765       8.21269155E-02   1.66937150E-03
  0.421875000      0.265625000     -0.176033631       6.96828961E-02   2.40245296E-04
  0.453125000      0.265625000     -0.182951942       5.51106818E-02  -9.25473869E-04
  0.484375000      0.265625000     -0.188322425       3.86111736E-02  -1.76476652E-03
  0.515625000      0.265625000     -0.192090571       2.04139370E-02  -2.23147846E-03
  0.546875000      0.265625000     -0.194219306       7.81083712E-04  -2.30204547E-03
  0.578125000      0.265625000     -0.194689721      -1.99866444E-02  -1.93376769E-03
  0.609375000      0.265625000     -0.193472862      -4.16630059E-02  -1.07623846E-03
  0.640625000      0.265625000     -0.190474346      -6.38822168E-02   2.35197585E-04
  0.671875000      0.265625000     -0.185496897      -8.61548632E-02   1.94133958E-03
  0.703125000      0.265625000     -0.178226590     -0.107790112       3.95604316E-03
  0.734375000      0.265625000     -0.168237835     -0.127773315       6.16245298E-03
  0.765625000      0.265625000     -0.155030638     -0.144622087       8.41066986E-03
  0.796875000      0.265625000     -0.138115048     -0.156241000       1.05198938E-02
  0.828125000      0.265625000     -0.117165506     -0.159815028       1.22905597E-02
  0.859375000      0.265625000      -9.22838077E-02 -0.151837766       1.35334162E-02
  0.890625000      0.265625000      -6.44437596E-02 -0.128547475       1.41239651E-02
  0.921875000      0.265625000      -3.62597480E-02  -8.76596570E-02   1.40820164E-02
  0.953125000      0.265625000      -1.31405666E-02  -3.44418921E-02   1.36273671E-02
  0.984375000      0.265625000      -1.86975650E-03   3.86628346E-03   1.31003968E-02
   1.56250000E-02  0.296875000      -3.59851192E-03   3.17185484E-02   1.52658373E-02
   4.68750000E-02  0.296875000      -1.37996338E-02   6.61932528E-02   1.48956086E-02
   7.81250000E-02  0.296875000      -2.79864892E-02   8.54722410E-02   1.44070694E-02
  0.109375000      0.296875000      -4.33713794E-02   9.83126760E-02   1.36983898E-02
  0.140625000      0.296875000      -5.89094125E-02  0.107935086       1.27367731E-02
  0.171875000      0.296875000      -7.41906315E-02  0.115077890       1.15170330E-02
  0.203125000      0.296875000      -8.89953971E-02  0.119726986       1.00506153E-02
  0.234375000      0.296875000     -0.103158712      0.121740066       8.36464576E-03
  0.265625000      0.296875000     -0.116538107      0.121014766       6.50210818E-03
  0.296875000      0.296875000     -0.129007623      0.117517620       4.52094665E-03
  0.328125000      0.296875000     -0.140456349      0.111278519       2.49163993E-03
  0.359375000      0.296875000     -0.150787190      0.102379292       4.93709114E-04
  0.390625000      0.296875000     -0.159916520       9.09437165E-02  -1.38868531E-03
  0.421875000      0.296875000     -0.167775393       7.71303549E-02  -3.07164388E-03
  0.453125000      0.296875000     -0.174312204       6.11287244E-02  -4.47687320E-03
  0.484375000      0.296875000     -0.179495573       4.31578346E-02  -5.53717837E-03
  0.515625000      0.296875000     -0.183315456       2.34661810E-02  -6.20185211E-03
  0.546875000      0.296875000     -0.185780287       2.33299844E-03  -6.44190889E-03
  0.578125000      0.296875000     -0.186910510      -1.99279413E-02  -6.22436963E-03
  0.609375000      0.296875000     -0.186717242      -4.31227386E-02  -5.47318999E-03
  0.640625000      0.296875000     -0.185137957      -6.69923127E-02  -4.21345048E-03
  0.671875000      0.296875000     -0.181972846      -9.11806077E-02  -2.48855748E-03
  0.703125000      0.296875000     -0.176859409     -0.115142815      -3.65423359E-04
  0.734375000      0.296875000     -0.169268355     -0.137996703       2.05748691E-03
  0.765625000      0.296875000     -0.158533752     -0.158338457       4.64062905E-03
  0.796875000      0.296875000     -0.143934608     -0.174039021       7.19586853E-03
  0.828125000      0.296875000     -0.124852106     -0.182050392       9.48831998E-03
  0.859375000      0.296875000     -0.101042025     -0.178297043       1.12594310E-02
  0.890625000      0.296875000      -7.30992928E-02 -0.157875061       1.22873476E-02
  0.921875000      0.296875000      -4.32782844E-02 -0.116341978       1.24975704E-02
  0.953125000      0.296875000      -1.69392116E-02  -5.52230179E-02   1.20858978E-02
  0.984375000      0.296875000      -2.78087961E-03  -7.86167453E-04   1.14577729E-02
   1.56250000E-02  0.328125000      -3.24468687E-03   3.85567322E-02   1.42076537E-02
   4.68750000E-02  0.328125000      -1.26742944E-02   7.89747313E-02   1.38362274E-02
   7.81250000E-02  0.328125000      -2.60453727E-02  0.100237191       1.32975047E-02
  0.109375000      0.328125000      -4.06171978E-02  0.113494374       1.24934688E-02
  0.140625000      0.328125000      -5.52873798E-02  0.122953430       1.13962488E-02
  0.171875000      0.328125000      -6.96256608E-02  0.129673183       1.00060375E-02
  0.203125000      0.328125000      -8.34242925E-02  0.133731768       8.34026933E-03
  0.234375000      0.328125000      -9.65437666E-02  0.135017455       6.43248111E-03
  0.265625000      0.328125000     -0.108869903      0.133444980       4.33209073E-03
  0.296875000      0.328125000     -0.120303296      0.128994972       2.10314058E-03
  0.328125000      0.328125000     -0.130756676      0.121710211      -1.78181755E-04
  0.359375000      0.328125000     -0.140154928      0.111685604      -2.42713466E-03
  0.390625000      0.328125000     -0.148437560       9.90598872E-02  -4.55469359E-03
  0.421875000      0.328125000     -0.155563518       8.40106308E-02  -6.47253357E-03
  0.453125000      0.328125000     -0.161516935       6.67509809E-02  -8.09829123E-03
  0.484375000      0.328125000     -0.166311443       4.75260876E-02  -9.36090294E-03
  0.515625000      0.328125000     -0.169989526       2.66084392E-02  -1.02056684E-02
  0.546875000      0.328125000     -0.172614664       4.29281779E-03  -1.05986511E-02
  0.578125000      0.328125000     -0.174255818      -1.91049427E-02  -1.05245207E-02
  0.609375000      0.328125000     -0.174974114      -4.34101932E-02  -9.88946110E-03
  0.640625000      0.328125000     -0.174754739      -6.84941113E-02  -8.71069450E-03
  0.671875000      0.328125000     -0.173417643      -9.41727832E-02  -7.01683108E-03
  0.703125000      0.328125000     -0.170577109     -0.120097667      -4.85378411E-03
  0.734375000      0.328125000     -0.165624827     -0.145579755      -2.29596510E-03
  0.765625000      0.328125000     -0.157748327     -0.169362664       5.37818298E-04
  0.796875000      0.328125000     -0.146005020     -0.189355046       3.46684828E-03
  0.828125000      0.328125000     -0.129478231     -0.202343181       6.23789104E-03
  0.859375000      0.328125000     -0.107555479     -0.203738227       8.53654556E-03
  0.890625000      0.328125000      -8.04075152E-02 -0.187527090       1.00451959E-02
  0.921875000      0.328125000      -4.98442575E-02 -0.147077709       1.05746295E-02
  0.953125000      0.328125000      -2.09506303E-02  -7.97239393E-02   1.02542173E-02
  0.984375000      0.328125000      -3.91459651E-03  -7.48306792E-03   9.53841303E-03
   1.56250000E-02  0.359375000      -2.71697645E-03   4.45139855E-02   1.28910616E-02
   4.68750000E-02  0.359375000      -1.09690269E-02   9.06894505E-02   1.25302076E-02
   7.81250000E-02  0.359375000      -2.30886713E-02  0.114003241       1.19526926E-02
  0.109375000      0.359375000      -3.64758112E-02  0.127678841       1.10682501E-02
  0.140625000      0.359375000      -4.99703847E-02  0.136927292       9.85474419E-03
  0.171875000      0.359375000      -6.31085858E-02  0.143171787       8.31727032E-03
  0.203125000      0.359375000      -7.56827220E-02  0.146604568       6.47835759E-03
  0.234375000      0.359375000      -8.75683352E-02  0.147151187       4.37696557E-03
  0.265625000      0.359375000      -9.86701101E-02  0.144743353       2.06813775E-03
  0.296875000      0.359375000     -0.108906910      0.139373556      -3.78448138E-04
  0.328125000      0.359375000     -0.118208528      0.131095678      -2.88114278E-03
  0.359375000      0.359375000     -0.126517132      0.120017931      -5.34994388E-03
  0.390625000      0.359375000     -0.133792192      0.106297627      -7.69092701E-03
  0.421875000      0.359375000     -0.140018344       9.01383162E-02  -9.81141068E-03
  0.453125000      0.359375000     -0.145214036       7.17862099E-02  -1.16254129E-02
  0.484375000      0.359375000     -0.149437517       5.15227243E-02  -1.30589530E-02
  0.515625000      0.359375000     -0.152785584       2.96516027E-02  -1.40546747E-02
  0.546875000      0.359375000     -0.155381322       6.48356974E-03  -1.45752635E-02
  0.578125000      0.359375000     -0.157349586      -1.76739711E-02  -1.46248890E-02
  0.609375000      0.359375000     -0.158810988      -4.26501334E-02  -1.41062429E-02
  0.640625000      0.359375000     -0.159813464      -6.84607849E-02  -1.30317658E-02
  0.671875000      0.359375000     -0.160221517      -9.51259732E-02  -1.14175230E-02
  0.703125000      0.359375000     -0.159658700     -0.122539818      -9.28853266E-03
  0.734375000      0.359375000     -0.157471791     -0.150270060      -6.69135153E-03
  0.765625000      0.359375000     -0.152729779     -0.177285537      -3.71479685E-03
  0.796875000      0.359375000     -0.144284219     -0.201617271      -5.16809232E-04
  0.828125000      0.359375000     -0.130920291     -0.219969586       2.65072077E-03
  0.859375000      0.359375000     -0.111638859     -0.227315575       5.43690566E-03
  0.890625000      0.359375000      -8.61473531E-02 -0.216590241       7.43826712E-03
  0.921875000      0.359375000      -5.57450429E-02 -0.178982228       8.33952613E-03
  0.953125000      0.359375000      -2.50900816E-02 -0.107370734       8.16512760E-03
  0.984375000      0.359375000      -5.28308703E-03  -1.66817885E-02   7.39866029E-03
   1.56250000E-02  0.390625000      -2.07281346E-03   4.93000522E-02   1.13839824E-02
   4.68750000E-02  0.390625000      -8.84788297E-03  0.100922361       1.10440040E-02
   7.81250000E-02  0.390625000      -1.93673912E-02  0.126401260       1.04404595E-02
  0.109375000      0.390625000      -3.12671959E-02  0.140561074       9.49324109E-03
  0.140625000      0.390625000      -4.33353335E-02  0.149603143       8.18644091E-03
  0.171875000      0.390625000      -5.50627150E-02  0.155359358       6.52963389E-03
  0.203125000      0.390625000      -6.62315637E-02  0.158160567       4.54947352E-03
  0.234375000      0.390625000      -7.67250583E-02  0.157977700       2.28935271E-03
  0.265625000      0.390625000      -8.64610523E-02  0.154760733      -1.90935389E-04
  0.296875000      0.390625000      -9.53726023E-02  0.148513168      -2.81672133E-03
  0.328125000      0.390625000     -0.103403673      0.139299601      -5.50122838E-03
  0.359375000      0.390625000     -0.110511325      0.127242818      -8.14931560E-03
  0.390625000      0.390625000     -0.116672069      0.112522349      -1.06622865E-02
  0.421875000      0.390625000     -0.121891782       9.53739882E-02  -1.29434103E-02
  0.453125000      0.390625000     -0.126216635       7.60858804E-02  -1.49037857E-02
  0.484375000      0.390625000     -0.129741728       5.49862571E-02  -1.64678153E-02
  0.515625000      0.390625000     -0.132611305       3.24199125E-02  -1.75774246E-02
  0.546875000      0.390625000     -0.135004312       8.71745870E-03  -1.81942265E-02
  0.578125000      0.390625000     -0.137101874      -1.58294365E-02  -1.83376037E-02
  0.609375000      0.390625000     -0.139091492      -4.10320275E-02  -1.79252941E-02
  0.640625000      0.390625000     -0.141098246      -6.70590699E-02  -1.69679560E-02
  0.671875000      0.390625000     -0.143056512      -9.41518024E-02  -1.54726282E-02
  0.703125000      0.390625000     -0.144640625     -0.122484133      -1.34460581E-02
  0.734375000      0.390625000     -0.145200178     -0.151945651      -1.09062130E-02
  0.765625000      0.390625000     -0.143726587     -0.181819320      -7.90542737E-03
  0.796875000      0.390625000     -0.138890699     -0.210360050      -4.56505129E-03
  0.828125000      0.390625000     -0.129185215     -0.234292850      -1.11482956E-03
  0.859375000      0.390625000     -0.113209575     -0.248247579       2.08189944E-03
  0.890625000      0.390625000      -9.01721269E-02 -0.244186848       4.55439650E-03
  0.921875000      0.390625000      -6.07992932E-02 -0.211161613       5.86147513E-03
  0.953125000      0.390625000      -2.91935317E-02 -0.137453660       5.89075824E-03
  0.984375000      0.390625000      -6.81771245E-03  -2.87832674E-02   5.11741359E-03
   1.56250000E-02  0.421875000      -1.37194921E-03   5.27418032E-02   9.76593513E-03
   4.68750000E-02  0.421875000      -6.47616480E-03  0.109353349       9.45615582E-03
   7.81250000E-02  0.421875000      -1.51257524E-02  0.137132928       8.84050317E-03
  0.109375000      0.421875000      -2.52967924E-02  0.151895344       7.84991682E-03
  0.140625000      0.421875000      -3.57402414E-02  0.160777614       6.47509564E-03
  0.171875000      0.421875000      -4.58916575E-02  0.166063324       4.72976640E-03
  0.203125000      0.421875000      -5.55141345E-02  0.168250293       2.64389953E-03
  0.234375000      0.421875000      -6.44933134E-02  0.167365789       2.64248345E-04
  0.265625000      0.421875000      -7.27579296E-02  0.163381070      -2.34563765E-03
  0.296875000      0.421875000      -8.02546591E-02  0.156311333      -5.10692550E-03
  0.328125000      0.421875000      -8.69421288E-02  0.146232247      -7.92826898E-03
  0.359375000      0.421875000      -9.27924812E-02  0.133282006      -1.07098399E-02
  0.390625000      0.421875000      -9.77977663E-02  0.117664054      -1.33484751E-02
  0.421875000      0.421875000     -0.101979867       9.96494293E-02  -1.57437585E-02
  0.453125000      0.421875000     -0.105402738       7.95735121E-02  -1.78045705E-02
  0.484375000      0.421875000     -0.108183913       5.78198507E-02  -1.94550343E-02
  0.515625000      0.421875000     -0.110499784       3.47860307E-02  -2.06385031E-02
  0.546875000      0.421875000     -0.112573832       1.08317845E-02  -2.13182103E-02
  0.578125000      0.421875000     -0.114627957      -1.37796383E-02  -2.15182956E-02
  0.609375000      0.421875000     -0.116914839      -3.87938470E-02  -2.11937353E-02
  0.640625000      0.421875000     -0.119646654      -6.45481944E-02  -2.03534141E-02
  0.671875000      0.421875000     -0.122848600      -9.14929062E-02  -1.90001018E-02
  0.703125000      0.421875000     -0.126298413     -0.120100416      -1.71277933E-02
  0.734375000      0.421875000     -0.129414514     -0.150645971      -1.47292390E-02
  0.765625000      0.421875000     -0.131170630     -0.182829753      -1.18181854E-02
  0.796875000      0.421875000     -0.130096376     -0.215254128      -8.46903212E-03
  0.828125000      0.421875000     -0.124405339     -0.244790986      -4.86974744E-03
  0.859375000      0.421875000     -0.112283871     -0.265843689      -1.36944954E-03
  0.890625000      0.421875000      -9.24063623E-02 -0.269504249       1.52026815E-03
  0.921875000      0.421875000      -6.48633242E-02 -0.242759854       3.24407779E-03
  0.953125000      0.421875000      -3.30800898E-02 -0.169244990       3.53060896E-03
  0.984375000      0.421875000      -8.42364598E-03  -4.40249927E-02   2.79620197E-03
   1.56250000E-02  0.453125000      -6.78297889E-04   5.47897294E-02   8.11754353E-03
   4.68750000E-02  0.453125000      -4.02187183E-03  0.115748212       7.84806162E-03
   7.81250000E-02  0.453125000      -1.05996095E-02  0.145960629       7.23556150E-03
  0.109375000      0.453125000      -1.88528821E-02  0.161488682       6.22222666E-03
  0.140625000      0.453125000      -2.75208727E-02  0.170294464       4.80594579E-03
  0.171875000      0.453125000      -3.59744504E-02  0.175152659       3.00445780E-03
  0.203125000      0.453125000      -4.39484045E-02  0.176761270       8.50312761E-04
  0.234375000      0.453125000      -5.13267219E-02  0.175218910      -1.60747627E-03
  0.265625000      0.453125000      -5.80487810E-02  0.170523822      -4.30283137E-03
  0.296875000      0.453125000      -6.40770346E-02  0.162705079      -7.15384446E-03
  0.328125000      0.453125000      -6.93880469E-02  0.151850343      -1.00655621E-02
  0.359375000      0.453125000      -7.39722624E-02  0.138113201      -1.29341502E-02
  0.390625000      0.453125000      -7.78384954E-02  0.121719897      -1.56525038E-02
  0.421875000      0.453125000      -8.10216814E-02  0.102974668      -1.81169398E-02
  0.453125000      0.453125000      -8.35932642E-02   8.22582766E-02  -2.02345420E-02
  0.484375000      0.453125000      -8.56728107E-02   6.00107685E-02  -2.19299197E-02
  0.515625000      0.453125000      -8.74388367E-02   3.66910659E-02  -2.31498815E-02
  0.546875000      0.453125000      -8.91340449E-02   1.27090830E-02  -2.38646977E-02
  0.578125000      0.453125000      -9.10598114E-02  -1.16649978E-02  -2.40764506E-02
  0.609375000      0.453125000      -9.34914351E-02  -3.61789353E-02  -2.38208845E-02
  0.640625000      0.453125000      -9.66555178E-02  -6.12570643E-02  -2.30849069E-02
  0.671875000      0.453125000     -0.100710019      -8.75183046E-02  -2.18761489E-02
  0.703125000      0.453125000     -0.105601147     -0.115725592      -2.01847963E-02
  0.734375000      0.453125000     -0.110902458     -0.146595731      -1.79862455E-02
  0.765625000      0.453125000     -0.115655303     -0.180364221      -1.52588962E-02
  0.796875000      0.453125000     -0.118309520     -0.216133773      -1.20252063E-02
  0.828125000      0.453125000     -0.116825521     -0.251081526      -8.41531251E-03
  0.859375000      0.453125000     -0.108968727     -0.279527783      -4.73740650E-03
  0.890625000      0.453125000      -9.28442925E-02 -0.291819751      -1.51228951E-03
  0.921875000      0.453125000      -6.78423643E-02 -0.272988200       6.13115961E-04
  0.953125000      0.453125000      -3.65949795E-02 -0.202047020       1.19816698E-03
  0.984375000      0.453125000      -1.00128893E-02  -6.24616444E-02   5.45879710E-04
   1.56250000E-02  0.484375000      -6.06622489E-05   5.55269718E-02   6.51050685E-03
   4.68750000E-02  0.484375000      -1.65595382E-03  0.119946189       6.29824726E-03
   7.81250000E-02  0.484375000      -6.01542369E-03  0.152696550       5.70441876E-03
  0.109375000      0.484375000      -1.22058447E-02  0.169194549       4.68929065E-03
  0.140625000      0.484375000      -1.89897213E-02  0.178040534       3.25874751E-03
  0.171875000      0.484375000      -2.56628674E-02  0.182535797       1.43403234E-03
  0.203125000      0.484375000      -3.19217853E-02  0.183616102      -7.50378415E-04
  0.234375000      0.484375000      -3.76439057E-02  0.181472242      -3.24449316E-03
  0.265625000      0.484375000      -4.27797064E-02  0.176138565      -5.98118361E-03
  0.296875000      0.484375000      -4.73109297E-02  0.167662188      -8.87691975E-03
  0.328125000      0.484375000      -5.12370691E-02  0.156144470      -1.18344147E-02
  0.359375000      0.484375000      -5.45725487E-02  0.141754061      -1.47469342E-02
  0.390625000      0.484375000      -5.73482737E-02  0.124736905      -1.75041649E-02
  0.421875000      0.484375000      -5.96158281E-02  0.105424374      -1.99995451E-02
  0.453125000      0.484375000      -6.14540055E-02   8.42338651E-02  -2.21383441E-02
  0.484375000      0.484375000      -6.29775003E-02   6.16529956E-02  -2.38452982E-02
  0.515625000      0.484375000      -6.43478408E-02   3.81989479E-02  -2.50701644E-02
  0.546875000      0.484375000      -6.57849535E-02   1.43461842E-02  -2.57893056E-02
  0.578125000      0.484375000      -6.75730258E-02  -9.57669131E-03  -2.60020941E-02
  0.609375000      0.484375000      -6.99945688E-02  -3.34035084E-02  -2.57860627E-02
  0.640625000      0.484375000      -7.33192489E-02  -5.75340539E-02  -2.51286738E-02
  0.671875000      0.484375000      -7.78129697E-02  -8.26842338E-02  -2.40458101E-02
  0.703125000      0.484375000      -8.36259872E-02 -0.109847397      -2.25329958E-02
  0.734375000      0.484375000      -9.05802101E-02 -0.140210971      -2.05595009E-02
  0.765625000      0.484375000      -9.78989005E-02 -0.174670726      -1.80772282E-02
  0.796875000      0.484375000     -0.104047820     -0.213018179      -1.50582697E-02
  0.828125000      0.484375000     -0.106783099     -0.252940834      -1.15648285E-02
  0.859375000      0.484375000     -0.103448972     -0.288855433      -7.84048531E-03
  0.890625000      0.484375000      -9.15457532E-02 -0.310516894      -4.38142940E-03
  0.921875000      0.484375000      -6.96976334E-02 -0.301139355      -1.89511152E-03
  0.953125000      0.484375000      -3.96326035E-02 -0.235207424      -9.88290645E-04
  0.984375000      0.484375000      -1.15205841E-02  -8.39950517E-02  -1.52120308E-03
   1.56250000E-02  0.515625000       4.74163360E-04   5.51122539E-02   5.01660025E-03
   4.68750000E-02  0.515625000       4.99685644E-04  0.121928141       4.85914107E-03
   7.81250000E-02  0.515625000      -1.60970422E-03  0.157181323       4.31640353E-03
  0.109375000      0.515625000      -5.61507512E-03  0.174904764       3.31922527E-03
  0.140625000      0.515625000      -1.04390103E-02  0.183939248       1.90220715E-03
  0.171875000      0.515625000      -1.52819743E-02  0.188156605       8.71523007E-05
  0.203125000      0.515625000      -1.97899602E-02  0.188768089      -2.08976213E-03
  0.234375000      0.515625000      -2.38253418E-02  0.186086223      -4.57913149E-03
  0.265625000      0.515625000      -2.73493752E-02  0.180195302      -7.31461588E-03
  0.296875000      0.515625000      -3.03664692E-02  0.171166688      -1.02128200E-02
  0.328125000      0.515625000      -3.29041407E-02  0.159118310      -1.31757427E-02
  0.359375000      0.515625000      -3.50068063E-02  0.144233972      -1.60950925E-02
  0.390625000      0.515625000      -3.67341936E-02  0.126776189      -1.88584104E-02
  0.421875000      0.515625000      -3.81616801E-02  0.107096128      -2.13567726E-02
  0.453125000      0.515625000      -3.93817052E-02   8.56357440E-02  -2.34934911E-02
  0.484375000      0.515625000      -4.05061096E-02   6.29135445E-02  -2.51925550E-02
  0.515625000      0.515625000      -4.16694134E-02   3.94854732E-02  -2.64050663E-02
  0.546875000      0.515625000      -4.30342555E-02   1.58738513E-02  -2.71115601E-02
  0.578125000      0.515625000      -4.48022038E-02  -7.53720943E-03  -2.73182839E-02
  0.609375000      0.515625000      -4.72222865E-02  -3.05912234E-02  -2.71180645E-02
  0.640625000      0.515625000      -5.05800173E-02  -5.36546856E-02  -2.65089869E-02
  0.671875000      0.515625000      -5.51971346E-02  -7.74443001E-02  -2.55179480E-02
  0.703125000      0.515625000      -6.14236370E-02 -0.103040054      -2.41550636E-02
  0.734375000      0.515625000      -6.94081858E-02 -0.132072449      -2.23964527E-02
  0.765625000      0.515625000      -7.86921382E-02 -0.166200176      -2.01808326E-02
  0.796875000      0.515625000      -8.79018456E-02 -0.206124395      -1.74389072E-02
  0.828125000      0.515625000      -9.46801603E-02 -0.250316083      -1.41626466E-02
  0.859375000      0.515625000      -9.59673673E-02 -0.293523014      -1.05131147E-02
  0.890625000      0.515625000      -8.86249691E-02 -0.325091898      -6.92940084E-03
  0.921875000      0.515625000      -7.04437494E-02 -0.326591671      -4.14271606E-03
  0.953125000      0.515625000      -4.21401933E-02 -0.268122554      -2.91006453E-03
  0.984375000      0.515625000      -1.29080564E-02 -0.108423516      -3.29384324E-03
   1.56250000E-02  0.546875000       9.62235790E-04   5.36750033E-02   3.70470015E-03
   4.68750000E-02  0.546875000       2.43760599E-03  0.121862747       3.58184124E-03
   7.81250000E-02  0.546875000       2.41947919E-03  0.159372896       3.09214229E-03
  0.109375000      0.546875000       6.25993125E-04  0.178511977       2.16322113E-03
  0.140625000      0.546875000      -2.15359475E-03  0.187937289       7.90538208E-04
  0.171875000      0.546875000      -5.13651222E-03  0.191988379      -9.82798752E-04
  0.203125000      0.546875000      -7.88064115E-03  0.192194805      -3.11478414E-03
  0.234375000      0.546875000      -1.02156876E-02  0.189038754      -5.55954594E-03
  0.265625000      0.546875000      -1.21117486E-02  0.182673991      -8.25372431E-03
  0.296875000      0.546875000      -1.35977687E-02  0.173204243      -1.11159179E-02
  0.328125000      0.546875000      -1.47326263E-02  0.160767943      -1.40491743E-02
  0.359375000      0.546875000      -1.55950952E-02  0.145565078      -1.69452056E-02
  0.390625000      0.546875000      -1.62790380E-02  0.127872407      -1.96905676E-02
  0.421875000      0.546875000      -1.68900825E-02  0.108054310      -2.21746359E-02
  0.453125000      0.546875000      -1.75423641E-02   8.65651369E-02  -2.42986754E-02
  0.484375000      0.546875000      -1.83542296E-02   6.39347211E-02  -2.59848051E-02
  0.515625000      0.546875000      -1.94420330E-02   4.07285504E-02  -2.71831676E-02
  0.546875000      0.546875000      -2.09124684E-02   1.74779780E-02  -2.78751589E-02
  0.578125000      0.546875000      -2.28661299E-02  -5.40892873E-03  -2.80716177E-02
  0.609375000      0.546875000      -2.54600495E-02  -2.76957098E-02  -2.78743543E-02
  0.640625000      0.546875000      -2.89255865E-02  -4.97180000E-02  -2.72871759E-02
  0.671875000      0.546875000      -3.35599817E-02  -7.21213222E-02  -2.63472926E-02
  0.703125000      0.546875000      -3.98470238E-02  -9.58420485E-02  -2.50889529E-02
  0.734375000      0.546875000      -4.82765138E-02 -0.122849688      -2.35061366E-02
  0.765625000      0.546875000      -5.88288642E-02 -0.155580610      -2.15390436E-02
  0.796875000      0.546875000      -7.04900771E-02 -0.195867658      -1.90935414E-02
  0.828125000      0.546875000      -8.09493959E-02 -0.243330494      -1.60976332E-02
  0.859375000      0.546875000      -8.67973939E-02 -0.293369502      -1.26199294E-02
  0.890625000      0.546875000      -8.42301548E-02 -0.335152090      -9.01434198E-03
  0.921875000      0.546875000      -7.01350495E-02 -0.348805755      -5.99729037E-03
  0.953125000      0.546875000      -4.41083685E-02 -0.300237417      -4.44958359E-03
  0.984375000      0.546875000      -1.41585488E-02 -0.135489926      -4.66143712E-03
   1.56250000E-02  0.578125000       1.36408629E-03   5.13480306E-02   2.60160142E-03
   4.68750000E-02  0.578125000       4.10129875E-03  0.119975835       2.52151280E-03
   7.81250000E-02  0.578125000       5.99258859E-03  0.159385771       2.08531343E-03
  0.109375000      0.578125000       6.29990734E-03  0.179985523       1.22535392E-03
  0.140625000      0.578125000       5.54788718E-03  0.189997271      -6.04886009E-05
  0.171875000      0.578125000       4.45638970E-03  0.194006830      -1.74329500E-03
  0.203125000      0.578125000       3.49944504E-03  0.193883792      -3.78910080E-03
  0.234375000      0.578125000       2.87614018E-03  0.190316886      -6.15030807E-03
  0.265625000      0.578125000       2.62248144E-03  0.183556587      -8.76575522E-03
  0.296875000      0.578125000       2.69019557E-03  0.173752904      -1.15574878E-02
  0.328125000      0.578125000       2.98802531E-03  0.161070779      -1.44312605E-02
  0.359375000      0.578125000       3.40004964E-03  0.145728111      -1.72803067E-02
  0.390625000      0.578125000       3.79493972E-03  0.128014237      -1.99914314E-02
  0.421875000      0.578125000       4.03286610E-03  0.108301297      -2.24529915E-02
  0.453125000      0.578125000       3.97273898E-03   8.70456547E-02  -2.45640948E-02
  0.484375000      0.578125000       3.48125352E-03   6.47716671E-02  -2.62437798E-02
  0.515625000      0.578125000       2.44371593E-03   4.20299023E-02  -2.74386220E-02
  0.546875000      0.578125000       7.75275752E-04   1.93272643E-02  -2.81264558E-02
  0.578125000      0.578125000      -1.55563827E-03  -2.96301558E-03  -2.83180550E-02
  0.609375000      0.578125000      -4.55829455E-03  -2.45354436E-02  -2.81216949E-02
  0.640625000      0.578125000      -8.33892729E-03  -4.56233546E-02  -2.75397375E-02
  0.671875000      0.578125000      -1.31176431E-02  -6.67949021E-02  -2.66097710E-02
  0.703125000      0.578125000      -1.93919390E-02  -8.85999203E-02  -2.54076403E-02
  0.734375000      0.578125000      -2.78742574E-02 -0.113173559      -2.39460226E-02
  0.765625000      0.578125000      -3.90221365E-02 -0.143550828      -2.21760347E-02
  0.796875000      0.578125000      -5.24084494E-02 -0.182844967      -2.00046599E-02
  0.828125000      0.578125000      -6.60165027E-02 -0.232281610      -1.73093714E-02
  0.859375000      0.578125000      -7.62102008E-02 -0.288373232      -1.40651073E-02
  0.890625000      0.578125000      -7.85151199E-02 -0.340407997      -1.05194487E-02
  0.921875000      0.578125000      -6.88426793E-02 -0.367315590      -7.33722094E-03
  0.953125000      0.578125000      -4.55533601E-02 -0.331042588      -5.49077522E-03
  0.984375000      0.578125000      -1.52695654E-02 -0.164917931      -5.51190553E-03
   1.56250000E-02  0.609375000       1.66319555E-03   4.83201593E-02   1.71629759E-03
   4.68750000E-02  0.609375000       5.43570658E-03  0.116492808       1.68119301E-03
   7.81250000E-02  0.609375000       9.01145395E-03  0.157400936       1.31196028E-03
  0.109375000      0.609375000       1.12606483E-02  0.179414034       5.42775728E-04
  0.140625000      0.609375000       1.24616139E-02  0.190121576      -6.33663498E-04
  0.171875000      0.609375000       1.32428939E-02  0.194196492      -2.19758740E-03
  0.203125000      0.609375000       1.40794609E-02  0.193820506      -4.12056968E-03
  0.234375000      0.609375000       1.51883960E-02  0.189902857      -6.36281911E-03
  0.265625000      0.609375000       1.66039746E-02  0.182819217      -8.86894576E-03
  0.296875000      0.609375000       1.82553604E-02  0.172783643      -1.15649812E-02
  0.328125000      0.609375000       2.00164877E-02  0.159995109      -1.43589182E-02
  0.359375000      0.609375000       2.17322148E-02  0.144691080      -1.71445683E-02
  0.390625000      0.609375000       2.32327152E-02  0.127171382      -1.98079534E-02
  0.421875000      0.609375000       2.43440755E-02  0.107810304      -2.22356655E-02
  0.453125000      0.609375000       2.48991884E-02   8.70565400E-02  -2.43243948E-02
  0.484375000      0.609375000       2.47507580E-02   6.54146671E-02  -2.59904284E-02
  0.515625000      0.609375000       2.37866621E-02   4.34014164E-02  -2.71775350E-02
  0.546875000      0.609375000       2.19472200E-02   2.14753356E-02  -2.78614145E-02
  0.578125000      0.609375000       1.92325339E-02  -5.49262040E-05  -2.80498676E-02
  0.609375000      0.609375000       1.57516748E-02  -2.09504664E-02  -2.78481953E-02
  0.640625000      0.609375000       1.15519632E-02  -4.12193313E-02  -2.72684991E-02
  0.671875000      0.609375000       6.38333382E-03  -6.12437464E-02  -2.63775364E-02
  0.703125000      0.609375000      -1.39367534E-04  -8.13470632E-02  -2.51983218E-02
  0.734375000      0.609375000      -8.57935939E-03 -0.103497952      -2.38058828E-02
  0.765625000      0.609375000      -1.98100731E-02 -0.130842537      -2.21555419E-02
  0.796875000      0.609375000      -3.41781154E-02 -0.167794436      -2.02028677E-02
  0.828125000      0.609375000      -5.02637029E-02 -0.217634887      -1.77872404E-02
  0.859375000      0.609375000      -6.44398928E-02 -0.278647274      -1.47965569E-02
  0.890625000      0.609375000      -7.16050416E-02 -0.340661883      -1.13585126E-02
  0.921875000      0.609375000      -6.66244477E-02 -0.381713510      -8.05505179E-03
  0.953125000      0.609375000      -4.64942604E-02 -0.360063702      -5.91788627E-03
  0.984375000      0.609375000      -1.62436627E-02 -0.196431249      -5.72782941E-03
   1.56250000E-02  0.640625000       1.84951595E-03   4.48067933E-02   1.04365963E-03
   4.68750000E-02  0.640625000       6.39355695E-03  0.111688264       1.05259544E-03
   7.81250000E-02  0.640625000       1.13747241E-02  0.153647482       7.62848649E-04
  0.109375000      0.640625000       1.53581705E-02  0.176934659       1.09135101E-04
  0.140625000      0.640625000       1.83983687E-02  0.188361034      -9.27001936E-04
  0.171875000      0.640625000       2.10109465E-02  0.192566305      -2.33881129E-03
  0.203125000      0.640625000       2.36394089E-02  0.191990942      -4.10806574E-03
  0.234375000      0.640625000       2.64977887E-02  0.187772632      -6.20361092E-03
  0.265625000      0.640625000       2.96083838E-02  0.180432990      -8.57660547E-03
  0.296875000      0.640625000       3.28733586E-02  0.170265198      -1.11574214E-02
  0.328125000      0.640625000       3.61301005E-02  0.157508954      -1.38563346E-02
  0.359375000      0.640625000       3.91843878E-02  0.142421633      -1.65676288E-02
  0.390625000      0.640625000       4.18300480E-02  0.125309676      -1.91764534E-02
  0.421875000      0.640625000       4.38632891E-02  0.106542438      -2.15676073E-02
  0.453125000      0.640625000       4.50964570E-02   8.65507126E-02  -2.36353353E-02
  0.484375000      0.640625000       4.53725606E-02   6.58066273E-02  -2.52929330E-02
  0.515625000      0.640625000       4.45787162E-02   4.47801910E-02  -2.64804550E-02
  0.546875000      0.640625000       4.26545963E-02   2.38718037E-02  -2.71686986E-02
  0.578125000      0.640625000       3.96006107E-02   3.32785584E-03  -2.73582004E-02
  0.609375000      0.640625000       3.55510004E-02  -1.67932324E-02  -2.71567106E-02
  0.640625000      0.640625000       3.06247734E-02  -3.62420119E-02  -2.65630726E-02
  0.671875000      0.640625000       2.47742552E-02  -5.51941916E-02  -2.56411601E-02
  0.703125000      0.640625000       1.79101862E-02  -7.40030408E-02  -2.44554095E-02
  0.734375000      0.640625000       9.58518684E-03  -9.40711349E-02  -2.30909102E-02
  0.765625000      0.640625000      -1.45375403E-03 -0.117994875      -2.15576999E-02
  0.796875000      0.640625000      -1.61988344E-02 -0.151525170      -1.97538864E-02
  0.828125000      0.640625000      -3.39998975E-02 -0.200014666      -1.75630040E-02
  0.859375000      0.640625000      -5.16499355E-02 -0.264439344      -1.48042692E-02
  0.890625000      0.640625000      -6.35576546E-02 -0.335795909      -1.14777749E-02
  0.921875000      0.640625000      -6.34882003E-02 -0.391629308      -8.05799942E-03
  0.953125000      0.640625000      -4.69260998E-02 -0.386840582      -5.61129721E-03
  0.984375000      0.640625000      -1.70782395E-02 -0.229753524      -5.17862290E-03
   1.56250000E-02  0.671875000       1.91423518E-03   4.10422049E-02   5.66984876E-04
   4.68750000E-02  0.671875000       6.92574354E-03  0.105895497       6.16384437E-04
   7.81250000E-02  0.671875000       1.29693663E-02  0.148413777       4.18018259E-04
  0.109375000      0.671875000       1.84219107E-02  0.172731459      -9.21154206E-05
  0.140625000      0.671875000       2.31484286E-02  0.184797883      -9.50385991E-04
  0.171875000      0.671875000       2.75344569E-02  0.189132959      -2.17114203E-03
  0.203125000      0.671875000       3.19552459E-02  0.188379198      -3.75230750E-03
  0.234375000      0.671875000       3.65910009E-02  0.183896601      -5.67376614E-03
  0.265625000      0.671875000       4.14348841E-02  0.176363096      -7.89362006E-03
  0.296875000      0.671875000       4.63546887E-02  0.166160882      -1.03460271E-02
  0.328125000      0.671875000       5.11496216E-02  0.153573871      -1.29425731E-02
  0.359375000      0.671875000       5.55882975E-02  0.138877273      -1.55770816E-02
  0.390625000      0.671875000       5.94325848E-02  0.122378334      -1.81330461E-02
  0.421875000      0.671875000       6.24549538E-02  0.104432657      -2.04928480E-02
  0.453125000      0.671875000       6.44536614E-02   8.54428262E-02  -2.25478001E-02
  0.484375000      0.671875000       6.52668402E-02   6.58388138E-02  -2.42076088E-02
  0.515625000      0.671875000       6.47818595E-02   4.60395217E-02  -2.54078750E-02
  0.546875000      0.671875000       6.29333854E-02   2.63967142E-02  -2.61136293E-02
  0.578125000      0.671875000       5.96939847E-02   7.10690394E-03  -2.63169706E-02
  0.609375000      0.671875000       5.51978275E-02  -1.20169623E-02  -2.61135064E-02
  0.640625000      0.671875000       4.95799333E-02  -3.04655880E-02  -2.55110320E-02
  0.671875000      0.671875000       4.28604558E-02  -4.83930446E-02  -2.45643947E-02
  0.703125000      0.671875000       3.50736603E-02  -6.61467612E-02  -2.33436115E-02
  0.734375000      0.671875000       2.61016786E-02  -8.46250057E-02  -2.19251812E-02
  0.765625000      0.671875000       1.54529875E-02 -0.105749145      -2.03686319E-02
  0.796875000      0.671875000       1.26753841E-03 -0.134837344      -1.87222101E-02
  0.828125000      0.671875000      -1.74392946E-02 -0.180192769      -1.66987181E-02
  0.859375000      0.671875000      -3.79043669E-02 -0.246145368      -1.41135287E-02
  0.890625000      0.671875000      -5.43202534E-02 -0.325766474      -1.08526871E-02
  0.921875000      0.671875000      -5.93464673E-02 -0.396703005      -7.26313004E-03
  0.953125000      0.671875000      -4.67863828E-02 -0.410890758      -4.43667732E-03
  0.984375000      0.671875000      -1.77534167E-02 -0.264586031      -3.70479096E-03
   1.56250000E-02  0.703125000       1.84436701E-03   3.72824967E-02   2.60161876E-04
   4.68750000E-02  0.703125000       6.96696434E-03   9.95186418E-02   3.43910884E-04
   7.81250000E-02  0.703125000       1.36534767E-02  0.142057970       2.49417208E-04
  0.109375000      0.703125000       2.02486534E-02  0.167037621      -8.41654983E-05
  0.140625000      0.703125000       2.64755003E-02  0.179537550      -7.20215845E-04
  0.171875000      0.703125000       3.25718783E-02  0.183911651      -1.70553615E-03
  0.203125000      0.703125000       3.88004035E-02  0.182953864      -3.06209200E-03
  0.234375000      0.703125000       4.52658311E-02  0.178225592      -4.78392094E-03
  0.265625000      0.703125000       5.19062206E-02  0.170556873      -6.83586812E-03
  0.296875000      0.703125000       5.85433766E-02  0.160419255      -9.15416703E-03
  0.328125000      0.703125000       6.49360418E-02  0.148138821      -1.16496356E-02
  0.359375000      0.703125000       7.08186701E-02  0.134003356      -1.42137203E-02
  0.390625000      0.703125000       7.59270936E-02  0.118312828      -1.67267323E-02
  0.421875000      0.703125000       8.00167993E-02  0.101399809      -1.90675538E-02
  0.453125000      0.703125000       8.28780681E-02   8.36293548E-02  -2.11236626E-02
  0.484375000      0.703125000       8.43486190E-02   6.53817803E-02  -2.28005517E-02
  0.515625000      0.703125000       8.43219310E-02   4.70206812E-02  -2.40289681E-02
  0.546875000      0.703125000       8.27492774E-02   2.88481805E-02  -2.47691199E-02
  0.578125000      0.703125000       7.96290785E-02   1.10255033E-02  -2.50113867E-02
  0.609375000      0.703125000       7.48925954E-02  -6.69347122E-03  -2.47778110E-02
  0.640625000      0.703125000       6.86154887E-02  -2.38856561E-02  -2.41848081E-02
  0.671875000      0.703125000       6.10139295E-02  -4.06445935E-02  -2.32199803E-02
  0.703125000      0.703125000       5.21862879E-02  -5.72745949E-02  -2.19564661E-02
  0.734375000      0.703125000       4.21517268E-02  -7.44857490E-02  -2.04705074E-02
  0.765625000      0.703125000       3.07558924E-02  -9.38403830E-02  -1.88324116E-02
  0.796875000      0.703125000       1.72686614E-02 -0.119071364      -1.70934871E-02
  0.828125000      0.703125000      -8.00894573E-04 -0.159181714      -1.52542945E-02
  0.859375000      0.703125000      -2.31448859E-02 -0.224348009      -1.27717853E-02
  0.890625000      0.703125000      -4.36788052E-02 -0.310615778      -9.47867800E-03
  0.921875000      0.703125000      -5.39558642E-02 -0.396553099      -5.58440294E-03
  0.953125000      0.703125000      -4.59102988E-02 -0.431649625      -2.22186930E-03
  0.984375000      0.703125000      -1.82163790E-02 -0.300557226      -1.08653505E-03
   1.56250000E-02  0.734375000       1.60906487E-03   3.38276029E-02   8.91997915E-05
   4.68750000E-02  0.734375000       6.40257262E-03   9.30541530E-02   1.99233662E-04
   7.81250000E-02  0.734375000       1.32211857E-02  0.135013819       2.25013733E-04
  0.109375000      0.734375000       2.05788203E-02  0.160125867       1.08720546E-04
  0.140625000      0.734375000       2.81069465E-02  0.172692120      -2.53322243E-04
  0.171875000      0.734375000       3.58668640E-02  0.176899925      -9.54699470E-04
  0.203125000      0.734375000       4.39516976E-02  0.175653130      -2.05046358E-03
  0.234375000      0.734375000       5.23376092E-02  0.170677960      -3.55161005E-03
  0.265625000      0.734375000       6.08732142E-02  0.162933677      -5.42841572E-03
  0.296875000      0.734375000       6.93185776E-02  0.152967289      -7.61605147E-03
  0.328125000      0.734375000       7.73891360E-02  0.141136900      -1.00211911E-02
  0.359375000      0.734375000       8.47894400E-02  0.127733275      -1.25301052E-02
  0.390625000      0.734375000       9.12363306E-02  0.113039687      -1.50178904E-02
  0.421875000      0.734375000       9.64755714E-02   9.73567516E-02  -1.73584707E-02
  0.453125000      0.734375000      0.100294746       8.10048878E-02  -1.94345675E-02
  0.484375000      0.734375000      0.102532700       6.43104315E-02  -2.11466663E-02
  0.515625000      0.734375000      0.103083633       4.75798585E-02  -2.24198345E-02
  0.546875000      0.734375000      0.101891890       3.10646277E-02  -2.32075043E-02
  0.578125000      0.734375000       9.89250839E-02   1.49063058E-02  -2.34914273E-02
  0.609375000      0.734375000       9.40856338E-02  -9.89145017E-04  -2.32764892E-02
  0.640625000      0.734375000       8.74528289E-02  -1.66719556E-02  -2.26839390E-02
  0.671875000      0.734375000       7.92346001E-02  -3.20315547E-02  -2.17016991E-02
  0.703125000      0.734375000       6.95305467E-02  -4.73503396E-02  -2.03907508E-02
  0.734375000      0.734375000       5.84308431E-02  -6.32716268E-02  -1.88218057E-02
  0.765625000      0.734375000       4.59552556E-02  -8.11805725E-02  -1.70640908E-02
  0.796875000      0.734375000       3.18630449E-02 -0.104150936      -1.51702408E-02
  0.828125000      0.734375000       1.49505213E-02 -0.139120981      -1.31446235E-02
  0.859375000      0.734375000      -7.19857775E-03 -0.199918151      -1.08465813E-02
  0.890625000      0.734375000      -3.11923996E-02 -0.290521681      -7.35367741E-03
  0.921875000      0.734375000      -4.68267202E-02 -0.390740573      -2.90556927E-03
  0.953125000      0.734375000      -4.39631939E-02 -0.448376715       1.28703599E-03
  0.984375000      0.734375000      -1.83582660E-02 -0.337134063       3.01431771E-03
   1.56250000E-02  0.765625000       1.12282287E-03   3.10938526E-02   1.13562764E-05
   4.68750000E-02  0.765625000       4.99234861E-03   8.71206522E-02   1.42251753E-04
   7.81250000E-02  0.765625000       1.13381101E-02  0.127778262       3.15309851E-04
  0.109375000      0.765625000       1.90623440E-02  0.152275100       4.69036226E-04
  0.140625000      0.765625000       2.77262032E-02  0.164347053       4.39745898E-04
  0.171875000      0.765625000       3.71567905E-02  0.168051720       7.15775823E-05
  0.203125000      0.765625000       4.72050086E-02  0.166367128      -7.32033048E-04
  0.234375000      0.765625000       5.76550961E-02  0.161128789      -2.00021244E-03
  0.265625000      0.765625000       6.82267845E-02  0.153378606      -3.70533974E-03
  0.296875000      0.765625000       7.86017179E-02  0.143707365      -5.77668706E-03
  0.328125000      0.765625000       8.84504765E-02  0.132484898      -8.11238214E-03
  0.359375000      0.765625000       9.74538699E-02  0.119990796      -1.05901072E-02
  0.390625000      0.765625000      0.105318636      0.106481135      -1.30774546E-02
  0.421875000      0.765625000      0.111789130       9.22170877E-02  -1.54420221E-02
  0.453125000      0.765625000      0.116656281       7.74701685E-02  -1.75609980E-02
  0.484375000      0.765625000      0.119763121       6.25122860E-02  -1.93294995E-02
  0.515625000      0.765625000      0.121004850       4.75968346E-02  -2.06667408E-02
  0.546875000      0.765625000      0.120320037       3.29350010E-02  -2.15193424E-02
  0.578125000      0.765625000      0.117665805       1.86668225E-02  -2.18610577E-02
  0.609375000      0.765625000      0.112972096       4.79229586E-03  -2.16874704E-02
  0.640625000      0.765625000      0.106267378      -9.10824351E-03  -2.10994668E-02
  0.671875000      0.765625000       9.76936221E-02  -2.27969754E-02  -2.01097466E-02
  0.703125000      0.765625000       8.73745680E-02  -3.65569741E-02  -1.87521633E-02
  0.734375000      0.765625000       7.54257962E-02  -5.10133654E-02  -1.70877781E-02
  0.765625000      0.765625000       6.19451851E-02  -6.74813241E-02  -1.51750892E-02
  0.796875000      0.765625000       4.69452515E-02  -8.87587294E-02  -1.30558629E-02
  0.828125000      0.765625000       3.00705768E-02 -0.120728754      -1.07294442E-02
  0.859375000      0.765625000       9.20059811E-03 -0.175295979      -8.11819732E-03
  0.890625000      0.765625000      -1.60619393E-02 -0.265893787      -4.42947866E-03
  0.921875000      0.765625000      -3.70745026E-02 -0.378729045       9.72542621E-04
  0.953125000      0.765625000      -4.03306894E-02 -0.460003793       6.50443230E-03
  0.984375000      0.765625000      -1.79772638E-02 -0.373472750       9.15921759E-03
   1.56250000E-02  0.796875000       1.78123650E-04   2.97906101E-02  -3.57912431E-05
   4.68750000E-02  0.796875000       2.23301887E-03   8.24942291E-02   1.35997499E-04
   7.81250000E-02  0.796875000       7.44177494E-03  0.120844200       5.04671829E-04
  0.109375000      0.796875000       1.52287045E-02  0.143692046       9.95665672E-04
  0.140625000      0.796875000       2.49837078E-02  0.154505640       1.36012270E-03
  0.171875000      0.796875000       3.62015143E-02  0.157239914       1.36875955E-03
  0.203125000      0.796875000       4.84105088E-02  0.154918253       8.76953010E-04
  0.234375000      0.796875000       6.11337386E-02  0.149402738      -1.60425348E-04
  0.265625000      0.796875000       7.39251524E-02  0.141742140      -1.71167753E-03
  0.296875000      0.796875000       8.63769948E-02  0.132519990      -3.69373057E-03
  0.328125000      0.796875000       9.81187671E-02  0.122086987      -5.99104818E-03
  0.359375000      0.796875000      0.108817682      0.110693648      -8.46935529E-03
  0.390625000      0.796875000      0.118181810       9.85583067E-02  -1.09867426E-02
  0.421875000      0.796875000      0.125964403       8.58969539E-02  -1.34035246E-02
  0.453125000      0.796875000      0.131967962       7.29303956E-02  -1.55910579E-02
  0.484375000      0.796875000      0.136046320       5.98778427E-02  -1.74392462E-02
  0.515625000      0.796875000      0.138103217       4.69433516E-02  -1.88620053E-02
  0.546875000      0.796875000      0.138086766       3.42998952E-02  -1.98003724E-02
  0.578125000      0.796875000      0.135980844       2.20713839E-02  -2.02232730E-02
  0.609375000      0.796875000      0.131787479       1.02829831E-02  -2.01269854E-02
  0.640625000      0.796875000      0.125344619      -1.44440390E-03  -1.95348598E-02
  0.671875000      0.796875000      0.116715364      -1.32523011E-02  -1.85481384E-02
  0.703125000      0.796875000      0.106170818      -2.52341703E-02  -1.71505753E-02
  0.734375000      0.796875000       9.38005745E-02  -3.80151570E-02  -1.53841414E-02
  0.765625000      0.796875000       7.96956345E-02  -5.28940856E-02  -1.32826529E-02
  0.796875000      0.796875000       6.39342740E-02  -7.25870654E-02  -1.08529544E-02
  0.828125000      0.796875000       4.64880243E-02 -0.102584310      -8.03950988E-03
  0.859375000      0.796875000       2.68034618E-02 -0.152893037      -4.67251288E-03
  0.890625000      0.796875000       2.16999324E-03 -0.238409817      -4.45949845E-04
  0.921875000      0.796875000      -2.31869891E-02 -0.359853983       6.41707424E-03
  0.953125000      0.796875000      -3.39307114E-02 -0.464890301       1.41311064E-02
  0.984375000      0.796875000      -1.67130884E-02 -0.408167362       1.83157753E-02
   1.56250000E-02  0.828125000      -1.45960366E-03   3.10693216E-02  -1.17706411E-04
   4.68750000E-02  0.828125000      -2.67270859E-03   8.03673789E-02   9.68184904E-05
   7.81250000E-02  0.828125000       5.98355313E-04  0.114483915       8.09338002E-04
  0.109375000      0.828125000       8.49596132E-03  0.134360224       1.71121408E-03
  0.140625000      0.828125000       1.95596311E-02  0.143011183       2.51888018E-03
  0.171875000      0.828125000       3.28627937E-02  0.144206256       2.93396716E-03
  0.203125000      0.828125000       4.75584641E-02  0.141041204       2.75372388E-03
  0.234375000      0.828125000       6.28374666E-02  0.135273278       1.92437530E-03
  0.265625000      0.828125000       7.80685395E-02  0.127847090       4.91806364E-04
  0.296875000      0.828125000       9.27612334E-02  0.119270921      -1.44090538E-03
  0.328125000      0.828125000      0.106519222      0.109839201      -3.73979658E-03
  0.359375000      0.828125000      0.119012758       9.97541621E-02  -6.25605881E-03
  0.390625000      0.828125000      0.129966423       8.91870856E-02  -8.83718859E-03
  0.421875000      0.828125000      0.139155269       7.83052519E-02  -1.13359783E-02
  0.453125000      0.828125000      0.146404356       6.72788918E-02  -1.36182904E-02
  0.484375000      0.828125000      0.151588321       5.62768802E-02  -1.55694317E-02
  0.515625000      0.828125000      0.154629171       4.54563424E-02  -1.70987956E-02
  0.546875000      0.828125000      0.155491859       3.49500328E-02  -1.81424059E-02
  0.578125000      0.828125000      0.154177234       2.48503648E-02  -1.86633095E-02
  0.609375000      0.828125000      0.150704920       1.51770897E-02  -1.86499003E-02
  0.640625000      0.828125000      0.145041496       5.77391544E-03  -1.81103200E-02
  0.671875000      0.828125000      0.137072876      -3.86814354E-03  -1.71071440E-02
  0.703125000      0.828125000      0.126946092      -1.39441798E-02  -1.56828947E-02
  0.734375000      0.828125000      0.114897951      -2.48859748E-02  -1.38160409E-02
  0.765625000      0.828125000      0.100955650      -3.79775986E-02  -1.14992373E-02
  0.796875000      0.828125000       8.51475000E-02  -5.59382364E-02  -8.67199898E-03
  0.828125000      0.828125000       6.74776733E-02  -8.41240585E-02  -5.16742002E-03
  0.859375000      0.828125000       4.76752296E-02 -0.131876096      -6.21480052E-04
  0.890625000      0.828125000       2.47123633E-02 -0.211842686       5.56499558E-03
  0.921875000      0.828125000      -2.82804901E-03 -0.333537817       1.39200594E-02
  0.953125000      0.828125000      -2.28667185E-02 -0.460439205       2.53239069E-02
  0.984375000      0.828125000      -1.39150275E-02 -0.438801020       3.21776830E-02
   1.56250000E-02  0.859375000      -4.28581145E-03   3.68114524E-02  -3.12279153E-04
   4.68750000E-02  0.859375000      -1.05059687E-02   8.20509642E-02  -1.17126110E-05
   7.81250000E-02  0.859375000      -9.98678990E-03  0.109001279       1.14510907E-03
  0.109375000      0.859375000      -1.81708462E-03  0.123766154       2.62016593E-03
  0.140625000      0.859375000       1.13318898E-02  0.129382804       3.91586637E-03
  0.171875000      0.859375000       2.73736753E-02  0.128480017       4.75333026E-03
  0.203125000      0.859375000       4.50749137E-02  0.124361753       4.85764397E-03
  0.234375000      0.859375000       6.32762462E-02  0.118465282       4.18877648E-03
  0.265625000      0.859375000       8.12016800E-02  0.111493744       2.82212929E-03
  0.296875000      0.859375000       9.83211845E-02  0.103809841       8.88366485E-04
  0.328125000      0.859375000      0.114246018       9.56179351E-02  -1.45709200E-03
  0.359375000      0.859375000      0.128674373       8.70565400E-02  -4.05010860E-03
  0.390625000      0.859375000      0.141366690       7.82438815E-02  -6.72780816E-03
  0.421875000      0.859375000      0.152135819       6.92973286E-02  -9.33620427E-03
  0.453125000      0.859375000      0.160843536       6.03380427E-02  -1.17365690E-02
  0.484375000      0.859375000      0.167398751       5.14871925E-02  -1.38106309E-02
  0.515625000      0.859375000      0.171755284       4.28574458E-02  -1.54642630E-02
  0.546875000      0.859375000      0.173907727       3.45422849E-02  -1.66293196E-02
  0.578125000      0.859375000      0.173885658       2.66025607E-02  -1.72633901E-02
  0.609375000      0.859375000      0.171743721       1.90458037E-02  -1.73477642E-02
  0.640625000      0.859375000      0.167536676       1.17809847E-02  -1.68832373E-02
  0.671875000      0.859375000      0.161190227       4.44354489E-03  -1.58842169E-02
  0.703125000      0.859375000      0.152582407      -3.51951248E-03  -1.43979294E-02
  0.734375000      0.859375000      0.141929746      -1.26102604E-02  -1.24389306E-02
  0.765625000      0.859375000      0.129387528      -2.37718187E-02  -9.88956261E-03
  0.796875000      0.859375000      0.114829324      -3.97836715E-02  -6.57117600E-03
  0.828125000      0.859375000       9.81164277E-02  -6.59051389E-02  -2.12752540E-03
  0.859375000      0.859375000       7.87350237E-02 -0.110923707       4.12368588E-03
  0.890625000      0.859375000       5.53278141E-02 -0.186440587       1.32211465E-02
  0.921875000      0.859375000       2.59801354E-02 -0.302069634       2.60206554E-02
  0.953125000      0.859375000      -3.53256799E-03 -0.442375064       4.19751890E-02
  0.984375000      0.859375000      -8.32156464E-03 -0.461044550       5.37453517E-02
   1.56250000E-02  0.890625000      -9.10109282E-03   5.01945242E-02  -1.00229704E-03
   4.68750000E-02  0.890625000      -2.23756321E-02   8.81537199E-02  -3.96142481E-04
   7.81250000E-02  0.890625000      -2.41221897E-02  0.104115419       1.49440602E-03
  0.109375000      0.890625000      -1.47504192E-02  0.111099146       3.71775869E-03
  0.140625000      0.890625000       1.65039627E-03  0.112487853       5.51467063E-03
  0.171875000      0.890625000       2.17049886E-02  0.109266251       6.78457972E-03
  0.203125000      0.890625000       4.31974232E-02  0.104370236       7.11514940E-03
  0.234375000      0.890625000       6.48088604E-02   9.86340642E-02   6.53616805E-03
  0.265625000      0.890625000       8.57797712E-02   9.24210176E-02   5.17126033E-03
  0.296875000      0.890625000      0.105628923       8.59090984E-02   3.18316789E-03
  0.328125000      0.890625000      0.124024354       7.91965127E-02   7.48575432E-04
  0.359375000      0.890625000      0.140722543       7.23522753E-02  -1.95455109E-03
  0.390625000      0.890625000      0.155541003       6.54406324E-02  -4.75464761E-03
  0.421875000      0.890625000      0.168347120       5.85305840E-02  -7.49245333E-03
  0.453125000      0.890625000      0.179053783       5.16970605E-02  -1.00259781E-02
  0.484375000      0.890625000      0.187617481       4.50167395E-02  -1.22345956E-02
  0.515625000      0.890625000      0.194035560       3.85610797E-02  -1.40217897E-02
  0.546875000      0.890625000      0.198341995       3.23873796E-02  -1.53162135E-02
  0.578125000      0.890625000      0.200600579       2.65279319E-02  -1.60707850E-02
  0.609375000      0.890625000      0.200894713       2.09741648E-02  -1.62596479E-02
  0.640625000      0.890625000      0.199310169       1.56487711E-02  -1.58727057E-02
  0.671875000      0.890625000      0.195892975       1.03422655E-02  -1.49067426E-02
  0.703125000      0.890625000      0.190523505       4.55988385E-03  -1.33494865E-02
  0.734375000      0.890625000      0.182975337      -2.49038474E-03  -1.11988597E-02
  0.765625000      0.890625000      0.173365444      -1.17439758E-02  -8.41241702E-03
  0.796875000      0.890625000      0.161740243      -2.56357752E-02  -4.47699660E-03
  0.828125000      0.890625000      0.147555634      -4.91668880E-02   1.26211485E-03
  0.859375000      0.890625000      0.129467621      -9.02077109E-02   9.99466144E-03
  0.890625000      0.890625000      0.104790062     -0.159090459       2.34952439E-02
  0.921875000      0.890625000       7.03439265E-02 -0.265647233       4.33334894E-02
  0.953125000      0.890625000       2.78653614E-02 -0.406829000       6.82190880E-02
  0.984375000      0.890625000       2.70911120E-03 -0.466665328       8.82988125E-02
   1.56250000E-02  0.921875000      -1.58632547E-02   7.51545131E-02  -3.39532248E-03
   4.68750000E-02  0.921875000      -3.60708646E-02   9.66657251E-02  -1.56414881E-03
   7.81250000E-02  0.921875000      -3.59362550E-02   9.72032100E-02   1.71289954E-03
  0.109375000      0.921875000      -2.18140539E-02   9.45039615E-02   4.96049458E-03
  0.140625000      0.921875000       4.24615573E-04   9.04289931E-02   7.33496714E-03
  0.171875000      0.921875000       2.62058154E-02   8.54743496E-02   8.95870384E-03
  0.203125000      0.921875000       5.25025055E-02   8.03586766E-02   9.41886567E-03
  0.234375000      0.921875000       7.82973096E-02   7.52267241E-02   8.84884410E-03
  0.265625000      0.921875000      0.103025094       7.01195076E-02   7.42484303E-03
  0.296875000      0.921875000      0.126334488       6.50448650E-02   5.33909723E-03
  0.328125000      0.921875000      0.147991985       6.00037426E-02   2.78581912E-03
  0.359375000      0.921875000      0.167835847       5.50019555E-02  -4.65347111E-05
  0.390625000      0.921875000      0.185754746       5.00551909E-02  -2.98034772E-03
  0.421875000      0.921875000      0.201678872       4.51895632E-02  -5.85300103E-03
  0.453125000      0.921875000      0.215576395       4.04393002E-02  -8.52072984E-03
  0.484375000      0.921875000      0.227451220       3.58424336E-02  -1.08617395E-02
  0.515625000      0.921875000      0.237340122       3.14352997E-02  -1.27782449E-02
  0.546875000      0.921875000      0.245307803       2.72458997E-02  -1.41967814E-02
  0.578125000      0.921875000      0.251438975       2.32859664E-02  -1.50666283E-02
  0.609375000      0.921875000      0.255826801       1.95394773E-02  -1.53556028E-02
  0.640625000      0.921875000      0.258555293       1.59434602E-02  -1.50426049E-02
  0.671875000      0.921875000      0.259671390       1.23508256E-02  -1.41053749E-02
  0.703125000      0.921875000      0.259138346       8.45388602E-03  -1.24999387E-02
  0.734375000      0.921875000      0.256723464       3.57621396E-03  -1.01252934E-02
  0.765625000      0.921875000      0.252100587      -3.58332181E-03  -6.87798206E-03
  0.796875000      0.921875000      0.245036542      -1.51163228E-02  -2.11600587E-03
  0.828125000      0.921875000      0.234553903      -3.50322947E-02   5.45226363E-03
  0.859375000      0.921875000      0.217864990      -6.95827603E-02   1.77122559E-02
  0.890625000      0.921875000      0.190127701     -0.127321750       3.75208445E-02
  0.921875000      0.921875000      0.145436928     -0.218303129       6.77985847E-02
  0.953125000      0.921875000       8.17923546E-02 -0.348075688      0.107965901    
  0.984375000      0.921875000       2.27365438E-02 -0.441228986      0.143904835    
   1.56250000E-02  0.953125000      -1.66585594E-02  0.107671604      -1.09081138E-02
   4.68750000E-02  0.953125000      -2.74643786E-02   9.51509923E-02  -3.89727857E-03
   7.81250000E-02  0.953125000      -8.09436012E-03   7.91998804E-02   1.91687141E-03
  0.109375000      0.953125000       2.15597395E-02   6.87159300E-02   6.39395649E-03
  0.140625000      0.953125000       5.43297864E-02   6.11917824E-02   9.49066505E-03
  0.171875000      0.953125000       8.74927938E-02   5.57501987E-02   1.12464745E-02
  0.203125000      0.953125000      0.120023593       5.12387380E-02   1.17118564E-02
  0.234375000      0.953125000      0.151289046       4.72715050E-02   1.10725397E-02
  0.265625000      0.953125000      0.180972427       4.36512753E-02   9.54115763E-03
  0.296875000      0.953125000      0.208902135       4.02648710E-02   7.33064115E-03
  0.328125000      0.953125000      0.234977245       3.70453298E-02   4.64632828E-03
  0.359375000      0.953125000      0.259136975       3.39542031E-02   1.68256473E-03
  0.390625000      0.953125000      0.281348646       3.09726112E-02  -1.38013298E-03
  0.421875000      0.953125000      0.301603675       2.80955769E-02  -4.37804963E-03
  0.453125000      0.953125000      0.319916546       2.53273509E-02  -7.16716051E-03
  0.484375000      0.953125000      0.336323977       2.26777811E-02  -9.62567795E-03
  0.515625000      0.953125000      0.350883186       2.01580394E-02  -1.16555505E-02
  0.546875000      0.953125000      0.363668352       1.77766103E-02  -1.31822526E-02
  0.578125000      0.953125000      0.374763846       1.55343898E-02  -1.41525194E-02
  0.609375000      0.953125000      0.384254187       1.34177823E-02  -1.45290541E-02
  0.640625000      0.953125000      0.392207444       1.13869337E-02  -1.42808687E-02
  0.671875000      0.953125000      0.398648441       9.35191382E-03  -1.33661982E-02
  0.703125000      0.953125000      0.403517216       7.11656269E-03  -1.17020058E-02
  0.734375000      0.953125000      0.406617224       4.22528526E-03  -9.10819136E-03
  0.765625000      0.953125000      0.407528430      -5.27142663E-04  -5.20558283E-03
  0.796875000      0.953125000      0.405186653      -8.77697766E-03   9.26589419E-04
  0.828125000      0.953125000      0.397181720      -2.28985455E-02   1.10003464E-02
  0.859375000      0.953125000      0.379040956      -4.69056964E-02   2.77922191E-02
  0.890625000      0.953125000      0.343589902      -8.68332386E-02   5.55083677E-02
  0.921875000      0.953125000      0.280977607     -0.151514232       9.92457643E-02
  0.953125000      0.953125000      0.181774557     -0.252044201      0.161733851    
  0.984375000      0.953125000       6.10242486E-02 -0.357477933      0.229120746    
   1.56250000E-02  0.984375000       6.21623024E-02   6.21638745E-02  -2.86170803E-02
   4.68750000E-02  0.984375000      0.168969721       4.46474925E-02  -3.30557651E-03
   7.81250000E-02  0.984375000      0.246451557       3.28394622E-02   5.42605203E-03
  0.109375000      0.984375000      0.305572718       2.62874644E-02   9.99089517E-03
  0.140625000      0.984375000      0.354130864       2.22770330E-02   1.27334753E-02
  0.171875000      0.984375000      0.396009207       1.96079332E-02   1.41302207E-02
  0.203125000      0.984375000      0.433227420       1.76167414E-02   1.43069811E-02
  0.234375000      0.984375000      0.466840088       1.60016958E-02   1.34307798E-02
  0.265625000      0.984375000      0.497451633       1.46147069E-02   1.16973929E-02
  0.296875000      0.984375000      0.525438607       1.33760236E-02   9.30981711E-03
  0.328125000      0.984375000      0.551051974       1.22398948E-02   6.46730326E-03
  0.359375000      0.984375000      0.574469805       1.11792050E-02   3.36009823E-03
  0.390625000      0.984375000      0.595827103       1.01782801E-02   1.65603822E-04
  0.421875000      0.984375000      0.615234792       9.22882464E-03  -2.95487139E-03
  0.453125000      0.984375000      0.632792115       8.32721684E-03  -5.85920131E-03
  0.484375000      0.984375000      0.648594022       7.47296494E-03  -8.42703879E-03
  0.515625000      0.984375000      0.662735760       6.66681677E-03  -1.05609782E-02
  0.546875000      0.984375000      0.675314009       5.90944197E-03  -1.21863214E-02
  0.578125000      0.984375000      0.686425090       5.19970525E-03  -1.32485032E-02
  0.609375000      0.984375000      0.696158767       4.53239726E-03  -1.37066739E-02
  0.640625000      0.984375000      0.704586387       3.89417121E-03  -1.35225486E-02
  0.671875000      0.984375000      0.711736202       3.25512257E-03  -1.26380865E-02
  0.703125000      0.984375000      0.717535496       2.54455884E-03  -1.09292977E-02
  0.734375000      0.984375000      0.721654177       1.57549989E-03  -8.09073821E-03
  0.765625000      0.984375000      0.723043382      -1.83745287E-04  -3.30100604E-03
  0.796875000      0.984375000      0.719555557      -3.30011081E-03   4.40704264E-03
  0.828125000      0.984375000      0.707711041      -8.53891484E-03   1.69588290E-02
  0.859375000      0.984375000      0.681867480      -1.72976665E-02   3.78909707E-02
  0.890625000      0.984375000      0.632709503      -3.18520851E-02   7.24905059E-02
  0.921875000      0.984375000      0.544826210      -5.60220182E-02  0.127827957    
  0.953125000      0.984375000      0.392631888      -9.61625576E-02  0.211112186    
  0.984375000      0.984375000      0.148232207     -0.148229301      0.322742224    
