 VARIABLES="X","Y","U","V","P"
 ZONE F=POINT, I=          32 , J=          32
   1.56250000E-02   1.56250000E-02   1.88189078E-04  -1.90293489E-04   1.28237680E-02
   4.68750000E-02   1.56250000E-02   4.98549838E-04  -1.24842292E-04   1.27875963E-02
   7.81250000E-02   1.56250000E-02   5.60660032E-04   5.74421501E-05   1.27031934E-02
  0.109375000       1.56250000E-02   2.61501991E-04   2.36497450E-04   1.25857675E-02
  0.140625000       1.56250000E-02  -3.79294914E-04   3.99145531E-04   1.24438535E-02
  0.171875000       1.56250000E-02  -1.34672690E-03   5.63223148E-04   1.22815706E-02
  0.203125000       1.56250000E-02  -2.65822140E-03   7.43327197E-04   1.21030742E-02
  0.234375000       1.56250000E-02  -4.34866734E-03   9.42364917E-04   1.19146165E-02
  0.265625000       1.56250000E-02  -6.44955365E-03   1.15402683E-03   1.17258430E-02
  0.296875000       1.56250000E-02  -8.97380151E-03   1.36604684E-03   1.15504237E-02
  0.328125000       1.56250000E-02  -1.19055659E-02   1.56191515E-03   1.14063267E-02
  0.359375000       1.56250000E-02  -1.51925497E-02   1.72166270E-03   1.13157090E-02
  0.390625000       1.56250000E-02  -1.87400971E-02   1.82286324E-03   1.13041531E-02
  0.421875000       1.56250000E-02  -2.24079974E-02   1.84234860E-03   1.13990456E-02
  0.453125000       1.56250000E-02  -2.60112546E-02   1.75848010E-03   1.16270762E-02
  0.484375000       1.56250000E-02  -2.93254927E-02   1.55350170E-03   1.20108789E-02
  0.515625000       1.56250000E-02  -3.20967287E-02   1.21555082E-03   1.25649916E-02
  0.546875000       1.56250000E-02  -3.40549201E-02   7.40459014E-04   1.32912379E-02
  0.578125000       1.56250000E-02  -3.49336788E-02   1.36086353E-04   1.41735841E-02
  0.609375000       1.56250000E-02  -3.45168076E-02  -5.55077218E-04   1.51534099E-02
  0.640625000       1.56250000E-02  -3.26058455E-02  -1.35786401E-03   1.61409769E-02
  0.671875000       1.56250000E-02  -2.90672556E-02  -2.18260963E-03   1.70521718E-02
  0.703125000       1.56250000E-02  -2.39756927E-02  -2.91072018E-03   1.77901965E-02
  0.734375000       1.56250000E-02  -1.76604129E-02  -3.40626878E-03   1.82663724E-02
  0.765625000       1.56250000E-02  -1.07279653E-02  -3.52798821E-03   1.84255093E-02
  0.796875000       1.56250000E-02  -4.04412672E-03  -3.15804034E-03   1.82706080E-02
  0.828125000       1.56250000E-02   1.36285904E-03  -2.25183484E-03   1.78809147E-02
  0.859375000       1.56250000E-02   4.60973056E-03  -9.98792588E-04   1.73838958E-02
  0.890625000       1.56250000E-02   5.45410952E-03   1.49886473E-04   1.69136785E-02
  0.921875000       1.56250000E-02   4.40441119E-03   8.94821365E-04   1.65701956E-02
  0.953125000       1.56250000E-02   2.38554855E-03   1.11892214E-03   1.63923223E-02
  0.984375000       1.56250000E-02   6.32033625E-04   6.30568771E-04   1.63777191E-02
   1.56250000E-02   4.68750000E-02   9.71201807E-05  -4.80721646E-04   1.28599107E-02
   4.68750000E-02   4.68750000E-02  -2.45655974E-05  -3.44658474E-05   1.28205037E-02
   7.81250000E-02   4.68750000E-02  -8.97435762E-04   7.65434408E-04   1.27445860E-02
  0.109375000       4.68750000E-02  -2.63281958E-03   1.55091530E-03   1.26412874E-02
  0.140625000       4.68750000E-02  -5.20896260E-03   2.28988519E-03   1.25152860E-02
  0.171875000       4.68750000E-02  -8.62003490E-03   3.03966925E-03   1.23693421E-02
  0.203125000       4.68750000E-02  -1.28893005E-02   3.83689697E-03   1.22067500E-02
  0.234375000       4.68750000E-02  -1.80332959E-02   4.67324210E-03   1.20327147E-02
  0.265625000       4.68750000E-02  -2.40245163E-02   5.50616346E-03   1.18552838E-02
  0.296875000       4.68750000E-02  -3.07680126E-02   6.27357885E-03   1.16861546E-02
  0.328125000       4.68750000E-02  -3.80927026E-02   6.90382672E-03   1.15413312E-02
  0.359375000       4.68750000E-02  -4.57539409E-02   7.32199103E-03   1.14414198E-02
  0.390625000       4.68750000E-02  -5.34440540E-02   7.45513709E-03   1.14111789E-02
  0.421875000       4.68750000E-02  -6.08080849E-02   7.23768771E-03   1.14781000E-02
  0.453125000       4.68750000E-02  -6.74623102E-02   6.61680847E-03   1.16699580E-02
  0.484375000       4.68750000E-02  -7.30135441E-02   5.55712916E-03   1.20113846E-02
  0.515625000       4.68750000E-02  -7.70782828E-02   4.04442754E-03   1.25196660E-02
  0.546875000       4.68750000E-02  -7.93004930E-02   2.08840170E-03   1.32003622E-02
  0.578125000       4.68750000E-02  -7.93633014E-02  -2.73945159E-04   1.40440883E-02
  0.609375000       4.68750000E-02  -7.69711807E-02  -2.95771891E-03   1.49666490E-02
  0.640625000       4.68750000E-02  -7.19578862E-02  -5.88327879E-03   1.59090143E-02
  0.671875000       4.68750000E-02  -6.43820167E-02  -8.77554808E-03   1.67838410E-02
  0.703125000       4.68750000E-02  -5.45087047E-02  -1.12866769E-02   1.74956787E-02
  0.734375000       4.68750000E-02  -4.28432003E-02  -1.30153764E-02   1.79587118E-02
  0.765625000       4.68750000E-02  -3.01669221E-02  -1.35324448E-02   1.81211066E-02
  0.796875000       4.68750000E-02  -1.75608471E-02  -1.24494070E-02   1.79892574E-02
  0.828125000       4.68750000E-02  -6.37277495E-03  -9.56307538E-03   1.76396556E-02
  0.859375000       4.68750000E-02   1.88530493E-03  -5.20183751E-03   1.72064696E-02
  0.890625000       4.68750000E-02   6.03239331E-03  -6.49207446E-04   1.68040991E-02
  0.921875000       4.68750000E-02   6.19847421E-03   2.56632688E-03   1.65144932E-02
  0.953125000       4.68750000E-02   3.85527499E-03   3.79836303E-03   1.63650159E-02
  0.984375000       4.68750000E-02   1.14591094E-03   2.40522204E-03   1.63588133E-02
   1.56250000E-02   7.81250000E-02  -2.30463760E-04  -3.53437936E-04   1.29481135E-02
   4.68750000E-02   7.81250000E-02  -1.37069111E-03   1.08685589E-03   1.28906267E-02
   7.81250000E-02   7.81250000E-02  -3.84096382E-03   2.97290459E-03   1.28126033E-02
  0.109375000       7.81250000E-02  -7.55579583E-03   4.77972860E-03   1.27153415E-02
  0.140625000       7.81250000E-02  -1.24340700E-02   6.50223996E-03   1.25976503E-02
  0.171875000       7.81250000E-02  -1.84456632E-02   8.23764969E-03   1.24585479E-02
  0.203125000       7.81250000E-02  -2.55654752E-02   1.00167980E-02   1.22986492E-02
  0.234375000       7.81250000E-02  -3.37201208E-02   1.17821302E-02   1.21208541E-02
  0.265625000       7.81250000E-02  -4.27581817E-02   1.34181920E-02   1.19310655E-02
  0.296875000       7.81250000E-02  -5.24445921E-02   1.47846416E-02   1.17392018E-02
  0.328125000       7.81250000E-02  -6.24707676E-02   1.57382954E-02   1.15602789E-02
  0.359375000       7.81250000E-02  -7.24724829E-02   1.61464717E-02   1.14150103E-02
  0.390625000       7.81250000E-02  -8.20505321E-02   1.58958845E-02   1.13295391E-02
  0.421875000       7.81250000E-02  -9.07910764E-02   1.48993870E-02   1.13340151E-02
  0.453125000       7.81250000E-02  -9.82844681E-02   1.31010935E-02   1.14599019E-02
  0.484375000       7.81250000E-02 -0.104141630       1.04798470E-02   1.17362291E-02
  0.515625000       7.81250000E-02 -0.108008020       7.05141714E-03   1.21848918E-02
  0.546875000       7.81250000E-02 -0.109575897       2.86994153E-03   1.28154326E-02
  0.578125000       7.81250000E-02 -0.108600706      -1.96963572E-03   1.36177773E-02
  0.609375000       7.81250000E-02 -0.104892217      -7.36486772E-03   1.45086013E-02
  0.640625000       7.81250000E-02  -9.83904302E-02  -1.29939774E-02   1.54406773E-02
  0.671875000       7.81250000E-02  -8.92114788E-02  -1.84228979E-02   1.63245164E-02
  0.703125000       7.81250000E-02  -7.76119381E-02  -2.31159329E-02   1.70623623E-02
  0.734375000       7.81250000E-02  -6.40246868E-02  -2.64433362E-02   1.75647549E-02
  0.765625000       7.81250000E-02  -4.91051823E-02  -2.77057067E-02   1.77740604E-02
  0.796875000       7.81250000E-02  -3.37803736E-02  -2.62138844E-02   1.76890008E-02
  0.828125000       7.81250000E-02  -1.92856025E-02  -2.14901865E-02   1.73788443E-02
  0.859375000       7.81250000E-02  -7.13462569E-03  -1.36944829E-02   1.69709753E-02
  0.890625000       7.81250000E-02   1.01126754E-03  -4.46155481E-03   1.65925380E-02
  0.921875000       7.81250000E-02   4.13322635E-03   3.07823974E-03   1.63178071E-02
  0.953125000       7.81250000E-02   3.26447980E-03   6.48640189E-03   1.61818527E-02
  0.984375000       7.81250000E-02   1.06704165E-03   4.61451802E-03   1.61751807E-02
   1.56250000E-02  0.109375000      -6.80784229E-04   5.51782665E-04   1.30634774E-02
   4.68750000E-02  0.109375000      -3.13437264E-03   3.76206543E-03   1.29791293E-02
   7.81250000E-02  0.109375000      -7.50285340E-03   7.12190568E-03   1.28916260E-02
  0.109375000      0.109375000      -1.33728329E-02   1.02015538E-02   1.27913663E-02
  0.140625000      0.109375000      -2.05438547E-02   1.31166615E-02   1.26698595E-02
  0.171875000      0.109375000      -2.89220512E-02   1.60012469E-02   1.25212334E-02
  0.203125000      0.109375000      -3.84060815E-02   1.88468359E-02   1.23424856E-02
  0.234375000      0.109375000      -4.88274358E-02   2.15196274E-02   1.21336831E-02
  0.265625000      0.109375000      -5.99377975E-02   2.38224845E-02   1.18987290E-02
  0.296875000      0.109375000      -7.14209676E-02   2.55450998E-02   1.16466880E-02
  0.328125000      0.109375000      -8.29132497E-02   2.64930744E-02   1.13931689E-02
  0.359375000      0.109375000      -9.40246210E-02   2.65029445E-02   1.11610480E-02
  0.390625000      0.109375000     -0.104358166       2.54502445E-02   1.09800817E-02
  0.421875000      0.109375000     -0.113526829       2.32542790E-02   1.08851288E-02
  0.453125000      0.109375000     -0.121167317       1.98806189E-02   1.09129893E-02
  0.484375000      0.109375000     -0.126951039       1.53419431E-02   1.10981688E-02
  0.515625000      0.109375000     -0.130592018       9.69741959E-03   1.14677362E-02
  0.546875000      0.109375000     -0.131850511       3.05098156E-03   1.20365266E-02
  0.578125000      0.109375000     -0.130526274      -4.44993842E-03   1.27808461E-02
  0.609375000      0.109375000     -0.126508042      -1.26119349E-02   1.36560053E-02
  0.640625000      0.109375000     -0.119774342      -2.09836513E-02   1.46003561E-02
  0.671875000      0.109375000     -0.110369086      -2.90192850E-02   1.55275092E-02
  0.703125000      0.109375000      -9.84458029E-02  -3.60448733E-02   1.63382944E-02
  0.734375000      0.109375000      -8.42990428E-02  -4.12516929E-02   1.69374309E-02
  0.765625000      0.109375000      -6.84088990E-02  -4.37112600E-02   1.72559246E-02
  0.796875000      0.109375000      -5.14997654E-02  -4.24478874E-02   1.72754638E-02
  0.828125000      0.109375000      -3.46134156E-02  -3.66446637E-02   1.70455147E-02
  0.859375000      0.109375000      -1.91863663E-02  -2.61273701E-02   1.66784711E-02
  0.890625000      0.109375000      -7.05728307E-03  -1.23146158E-02   1.63086765E-02
  0.921875000      0.109375000      -2.50441954E-05   7.65429460E-04   1.60242766E-02
  0.953125000      0.109375000       1.76104810E-03   7.87034910E-03   1.58670470E-02
  0.984375000      0.109375000       7.50920619E-04   6.42878748E-03   1.58360694E-02
   1.56250000E-02  0.140625000      -1.17685215E-03   2.40363576E-03   1.31712947E-02
   4.68750000E-02  0.140625000      -5.01598790E-03   8.18983372E-03   1.30567048E-02
   7.81250000E-02  0.140625000      -1.12763597E-02   1.33085977E-02   1.29539212E-02
  0.109375000      0.140625000      -1.91642046E-02   1.77590512E-02   1.28399218E-02
  0.140625000      0.140625000      -2.83388589E-02   2.18924247E-02   1.26983412E-02
  0.171875000      0.140625000      -3.86342257E-02   2.58882437E-02   1.25182588E-02
  0.203125000      0.140625000      -4.98853810E-02   2.96861157E-02   1.22930603E-02
  0.234375000      0.140625000      -6.18661828E-02   3.30756046E-02   1.20203113E-02
  0.265625000      0.140625000      -7.42871016E-02   3.57929245E-02   1.17028030E-02
  0.296875000      0.140625000      -8.68138373E-02   3.75816077E-02   1.13501558E-02
  0.328125000      0.140625000      -9.90883410E-02   3.82220373E-02   1.09803118E-02
  0.359375000      0.140625000     -0.110746995       3.75440605E-02   1.06200725E-02
  0.390625000      0.140625000     -0.121435158       3.54319662E-02   1.03043215E-02
  0.421875000      0.140625000     -0.130818203       3.18262205E-02   1.00736618E-02
  0.453125000      0.140625000     -0.138589680       2.67230608E-02   9.97076929E-03
  0.484375000      0.140625000     -0.144476637       2.01727767E-02   1.00355111E-02
  0.515625000      0.140625000     -0.148242891       1.22763552E-02   1.02992589E-02
  0.546875000      0.140625000     -0.149690568       3.18061467E-03   1.07792299E-02
  0.578125000      0.140625000     -0.148662657      -6.93008490E-03   1.14616156E-02
  0.609375000      0.140625000     -0.145043194      -1.77688543E-02   1.23159727E-02
  0.640625000      0.140625000     -0.138753459      -2.88502276E-02   1.32836048E-02
  0.671875000      0.140625000     -0.129765406      -3.95468101E-02   1.42812058E-02
  0.703125000      0.140625000     -0.118128717      -4.90788594E-02   1.52091254E-02
  0.734375000      0.140625000     -0.103999265      -5.64962327E-02   1.59654282E-02
  0.765625000      0.140625000      -8.76821056E-02  -6.06771857E-02   1.64659228E-02
  0.796875000      0.140625000      -6.96973801E-02  -6.03800565E-02   1.66674145E-02
  0.828125000      0.140625000      -5.08789383E-02  -5.44228628E-02   1.65876187E-02
  0.859375000      0.140625000      -3.25166099E-02  -4.21457663E-02   1.63101889E-02
  0.890625000      0.140625000      -1.65138543E-02  -2.44369358E-02   1.59605276E-02
  0.921875000      0.140625000      -5.24285622E-03  -5.42549463E-03   1.56496353E-02
  0.953125000      0.140625000      -1.72546657E-04   7.19439425E-03   1.54404361E-02
  0.984375000      0.140625000       3.78652127E-04   7.55464844E-03   1.53629500E-02
   1.56250000E-02  0.171875000      -1.65311922E-03   5.22827683E-03   1.32279545E-02
   4.68750000E-02  0.171875000      -6.77125622E-03   1.43100861E-02   1.30837038E-02
   7.81250000E-02  0.171875000      -1.46947000E-02   2.13584248E-02   1.29604954E-02
  0.109375000      0.171875000      -2.42693424E-02   2.71589477E-02   1.28208539E-02
  0.140625000      0.171875000      -3.50270085E-02   3.24135348E-02   1.26409102E-02
  0.171875000      0.171875000      -4.67437059E-02   3.73697169E-02   1.24052884E-02
  0.203125000      0.171875000      -5.92188239E-02   4.19234894E-02   1.21044023E-02
  0.234375000      0.171875000      -7.22081065E-02   4.58030179E-02   1.17341904E-02
  0.265625000      0.171875000      -8.54234695E-02   4.86985818E-02   1.12974895E-02
  0.296875000      0.171875000      -9.85505879E-02   5.03284857E-02   1.08057726E-02
  0.328125000      0.171875000     -0.111266315       5.04656956E-02   1.02805607E-02
  0.359375000      0.171875000     -0.123251885       4.89462614E-02   9.75355413E-03
  0.390625000      0.171875000     -0.134201914       4.56706807E-02   9.26539674E-03
  0.421875000      0.171875000     -0.143830329       4.06024829E-02   8.86277761E-03
  0.453125000      0.171875000     -0.151873529       3.37654762E-02   8.59436579E-03
  0.484375000      0.171875000     -0.158092350       2.52403095E-02   8.50535650E-03
  0.515625000      0.171875000     -0.162273496       1.51602961E-02   8.63154419E-03
  0.546875000      0.171875000     -0.164232373       3.70699214E-03   8.99306592E-03
  0.578125000      0.171875000     -0.163818553      -8.89534689E-03   9.59174335E-03
  0.609375000      0.171875000     -0.160900742      -2.23391280E-02   1.04133002E-02
  0.640625000      0.171875000     -0.155359745      -3.61097343E-02   1.14065632E-02
  0.671875000      0.171875000     -0.147107646      -4.95273620E-02   1.24937482E-02
  0.703125000      0.171875000     -0.136102006      -6.17413074E-02   1.35764275E-02
  0.734375000      0.171875000     -0.122367226      -7.16994330E-02   1.45464437E-02
  0.765625000      0.171875000     -0.106035531      -7.81249702E-02   1.53023433E-02
  0.796875000      0.171875000      -8.74190181E-02  -7.95363560E-02   1.57703683E-02
  0.828125000      0.171875000      -6.71282411E-02  -7.43795037E-02   1.59262717E-02
  0.859375000      0.171875000      -4.62599844E-02  -6.14245459E-02   1.58102233E-02
  0.890625000      0.171875000      -2.66681612E-02  -4.07588929E-02   1.55226979E-02
  0.921875000      0.171875000      -1.11430343E-02  -1.59072708E-02   1.51882712E-02
  0.953125000      0.171875000      -2.40905769E-03   3.86304175E-03   1.49048064E-02
  0.984375000      0.171875000      -6.11168798E-06   7.92356487E-03   1.47607112E-02
   1.56250000E-02  0.203125000      -2.05265917E-03   8.92931968E-03   1.31863412E-02
   4.68750000E-02  0.203125000      -8.21231678E-03   2.18755510E-02   1.30154630E-02
   7.81250000E-02  0.203125000      -1.74391996E-02   3.09306681E-02   1.28670987E-02
  0.109375000      0.203125000      -2.82820761E-02   3.79927643E-02   1.26900952E-02
  0.140625000      0.203125000      -4.01710421E-02   4.42164689E-02   1.24541596E-02
  0.171875000      0.203125000      -5.28433360E-02   4.99478132E-02   1.21403486E-02
  0.203125000      0.203125000      -6.60866499E-02   5.50579578E-02   1.17369443E-02
  0.234375000      0.203125000      -7.96648785E-02   5.92323318E-02   1.12391785E-02
  0.265625000      0.203125000      -9.33142453E-02   6.21323101E-02   1.06508238E-02
  0.296875000      0.203125000     -0.106756419       6.34641945E-02   9.98602901E-03
  0.328125000      0.203125000     -0.119710833       6.30018711E-02   9.27042682E-03
  0.359375000      0.203125000     -0.131902948       6.05908148E-02   8.54096375E-03
  0.390625000      0.203125000     -0.143068731       5.61460927E-02   7.84421153E-03
  0.421875000      0.203125000     -0.152956903       4.96485606E-02   7.23312330E-03
  0.453125000      0.203125000     -0.161329865       4.11409810E-02   6.76263263E-03
  0.484375000      0.203125000     -0.167965144       3.07244547E-02   6.48396090E-03
  0.515625000      0.203125000     -0.172658235       1.85557734E-02   6.43841363E-03
  0.546875000      0.203125000     -0.175228417       4.84548602E-03   6.65068207E-03
  0.578125000      0.203125000     -0.175528318      -1.01438863E-02   7.13611022E-03
  0.609375000      0.203125000     -0.173427820      -2.61061639E-02   7.90592656E-03
  0.640625000      0.203125000     -0.168794364      -4.25153673E-02   8.91827233E-03
  0.671875000      0.203125000     -0.161497384      -5.86699173E-02   1.01031093E-02
  0.703125000      0.203125000     -0.151414141      -7.36876130E-02   1.13655943E-02
  0.734375000      0.203125000     -0.138443977      -8.64587873E-02   1.25931986E-02
  0.765625000      0.203125000     -0.122547142      -9.55954269E-02   1.36676114E-02
  0.796875000      0.203125000     -0.103821665      -9.94096398E-02   1.44820586E-02
  0.828125000      0.203125000      -8.26366916E-02  -9.59841534E-02   1.49633400E-02
  0.859375000      0.203125000      -5.98526634E-02  -8.34749117E-02   1.50950495E-02
  0.890625000      0.203125000      -3.71696874E-02  -6.09869175E-02   1.49343926E-02
  0.921875000      0.203125000      -1.75615046E-02  -3.08174491E-02   1.46055855E-02
  0.953125000      0.203125000      -4.87903785E-03  -2.64981808E-03   1.42533816E-02
  0.984375000      0.203125000      -3.83384235E-04   7.53067946E-03   1.40163926E-02
   1.56250000E-02  0.234375000      -2.33396771E-03   1.33118527E-02   1.30026788E-02
   4.68750000E-02  0.234375000      -9.21651442E-03   3.05252336E-02   1.28097823E-02
   7.81250000E-02  0.234375000      -1.93266924E-02   4.16068360E-02   1.26323886E-02
  0.109375000      0.234375000      -3.09962556E-02   4.98191193E-02   1.24079483E-02
  0.140625000      0.234375000      -4.35778201E-02   5.68523556E-02   1.21011892E-02
  0.171875000      0.234375000      -5.67840338E-02   6.31840676E-02   1.16905048E-02
  0.203125000      0.234375000      -7.04053938E-02   6.86820894E-02   1.11627374E-02
  0.234375000      0.234375000      -8.42267275E-02   7.30055571E-02   1.05130011E-02
  0.265625000      0.234375000      -9.80167836E-02   7.57982656E-02   9.74649191E-03
  0.296875000      0.234375000     -0.111535504       7.67606795E-02   8.88030324E-03
  0.328125000      0.234375000     -0.124541610       7.56690055E-02   7.94427935E-03
  0.359375000      0.234375000     -0.136796921       7.23754913E-02   6.98065571E-03
  0.390625000      0.234375000     -0.148068219       6.68039843E-02   6.04202226E-03
  0.421875000      0.234375000     -0.158128291       5.89451417E-02   5.18796220E-03
  0.453125000      0.234375000     -0.166757196       4.88529503E-02   4.48036706E-03
  0.484375000      0.234375000     -0.173745304       3.66426259E-02   3.97769082E-03
  0.515625000      0.234375000     -0.178898573       2.24904902E-02   3.72837624E-03
  0.546875000      0.234375000     -0.182046577       6.63480721E-03   3.76389688E-03
  0.578125000      0.234375000     -0.183053017      -1.06221186E-02   4.10596980E-03
  0.609375000      0.234375000     -0.181807876      -2.89699100E-02   4.80087753E-03
  0.640625000      0.234375000     -0.178188995      -4.79013994E-02   5.81696071E-03
  0.671875000      0.234375000     -0.172039241      -6.67290762E-02   7.09390966E-03
  0.703125000      0.234375000     -0.163167268      -8.45831335E-02   8.54327809E-03
  0.734375000      0.234375000     -0.151355088     -0.100345865       1.00516323E-02
  0.765625000      0.234375000     -0.136393219     -0.112567805       1.14870910E-02
  0.796875000      0.234375000     -0.118159980     -0.119397059       1.27114989E-02
  0.828125000      0.234375000      -9.67655480E-02 -0.118577316       1.36001613E-02
  0.859375000      0.234375000      -7.27942809E-02 -0.107638262       1.40704643E-02
  0.890625000      0.234375000      -4.77027446E-02  -8.45996514E-02   1.41173732E-02
  0.921875000      0.234375000      -2.44296975E-02  -5.00885062E-02   1.38412733E-02
  0.953125000      0.234375000      -7.72259617E-03  -1.27726477E-02   1.34248417E-02
  0.984375000      0.234375000      -8.57364328E-04   6.28690561E-03   1.30862119E-02
   1.56250000E-02  0.265625000      -2.47375551E-03   1.81160830E-02   1.26434956E-02
   4.68750000E-02  0.265625000      -9.72272921E-03   3.98438647E-02   1.24342265E-02
   7.81250000E-02  0.265625000      -2.02808026E-02   5.29467762E-02   1.22253243E-02
  0.109375000      0.265625000      -3.23444828E-02   6.22041300E-02   1.19460411E-02
  0.140625000      0.265625000      -4.52064201E-02   6.99041933E-02   1.15576964E-02
  0.171875000      0.265625000      -5.85615560E-02   7.66888410E-02   1.10367574E-02
  0.203125000      0.265625000      -7.22091049E-02   8.24435204E-02   1.03690326E-02
  0.234375000      0.265625000      -8.59583765E-02   8.68140310E-02   9.54978913E-03
  0.265625000      0.265625000      -9.96103436E-02   8.94330069E-02   8.58572777E-03
  0.296875000      0.265625000     -0.112959266       8.99965316E-02   7.49681704E-03
  0.328125000      0.265625000     -0.125796378       8.82808194E-02   6.31706184E-03
  0.359375000      0.265625000     -0.137911990       8.41403157E-02   5.09395124E-03
  0.390625000      0.265625000     -0.149096832       7.75020570E-02   3.88634810E-03
  0.421875000      0.265625000     -0.159143746       6.83615655E-02   2.76098633E-03
  0.453125000      0.265625000     -0.167851210       5.67807518E-02   1.78762991E-03
  0.484375000      0.265625000     -0.175028503       4.28880751E-02   1.03318156E-03
  0.515625000      0.265625000     -0.180502594       2.68799681E-02   5.54766331E-04
  0.546875000      0.265625000     -0.184125066       9.02258232E-03   3.92846297E-04
  0.578125000      0.265625000     -0.185776502      -1.03464704E-02   5.68460731E-04
  0.609375000      0.265625000     -0.185382515      -3.08802463E-02   1.16444577E-03
  0.640625000      0.265625000     -0.182853758      -5.21353558E-02   2.16159108E-03
  0.671875000      0.265625000     -0.178021073      -7.34754130E-02   3.51082650E-03
  0.703125000      0.265625000     -0.170639038      -9.40898061E-02   5.13318554E-03
  0.734375000      0.265625000     -0.160383105     -0.112907186       6.91916049E-03
  0.765625000      0.265625000     -0.146878868     -0.128473088       8.72947834E-03
  0.796875000      0.265625000     -0.129781261     -0.138823435       1.04005523E-02
  0.828125000      0.265625000     -0.108925804     -0.141401559       1.17589552E-02
  0.859375000      0.265625000      -8.45872387E-02 -0.133124292       1.26513774E-02
  0.890625000      0.265625000      -5.79111688E-02 -0.110881522       1.29945595E-02
  0.921875000      0.265625000      -3.16354372E-02  -7.33562410E-02   1.28386132E-02
  0.953125000      0.265625000      -1.09875724E-02  -2.68621631E-02   1.23903845E-02
  0.984375000      0.265625000      -1.45377498E-03   3.97321442E-03   1.19384471E-02
   1.56250000E-02  0.296875000      -2.46565905E-03   2.30525248E-02   1.20907947E-02
   4.68750000E-02  0.296875000      -9.72043443E-03   4.94037606E-02   1.18713966E-02
   7.81250000E-02  0.296875000      -2.03031190E-02   6.45194799E-02   1.16302241E-02
  0.109375000      0.296875000      -3.23525071E-02   7.47378021E-02   1.12918690E-02
  0.140625000      0.296875000      -4.51123342E-02   8.29872414E-02   1.08157434E-02
  0.171875000      0.296875000      -5.82606122E-02   9.01060551E-02   1.01769855E-02
  0.203125000      0.296875000      -7.16052353E-02   9.60173011E-02   9.36059281E-03
  0.234375000      0.296875000      -8.49784464E-02  0.100363471       8.36196449E-03
  0.265625000      0.296875000      -9.82096642E-02  0.102769360       7.18917279E-03
  0.296875000      0.296875000     -0.111121975      0.102925703       5.86487539E-03
  0.328125000      0.296875000     -0.123533070      0.100605592       4.42714151E-03
  0.359375000      0.296875000     -0.135256663       9.56617296E-02   2.92875292E-03
  0.390625000      0.296875000     -0.146104604       8.80213976E-02   1.43517985E-03
  0.421875000      0.296875000     -0.155890644       7.76838511E-02   2.08501187E-05
  0.453125000      0.296875000     -0.164436221       6.47204518E-02  -1.23580534E-03
  0.484375000      0.296875000     -0.171577945       4.92763035E-02  -2.25865887E-03
  0.515625000      0.296875000     -0.177175358       3.15717570E-02  -2.98112328E-03
  0.546875000      0.296875000     -0.181116670       1.19023286E-02  -3.35354777E-03
  0.578125000      0.296875000     -0.183321089      -9.36404057E-03  -3.35028186E-03
  0.609375000      0.296875000     -0.183751941      -3.18206809E-02  -2.87617161E-03
  0.640625000      0.296875000     -0.182354033      -5.51173910E-02  -1.92521943E-03
  0.671875000      0.296875000     -0.178970858      -7.87063465E-02  -5.35857573E-04
  0.703125000      0.296875000     -0.173323870     -0.101886354       1.22484704E-03
  0.734375000      0.296875000     -0.164997742     -0.123692252       3.25696706E-03
  0.765625000      0.296875000     -0.153461486     -0.142728865       5.42232255E-03
  0.796875000      0.296875000     -0.138145417     -0.156982064       7.54185207E-03
  0.828125000      0.296875000     -0.118596762     -0.163647652       9.40186158E-03
  0.859375000      0.296875000      -9.47500989E-02 -0.159063667       1.07800737E-02
  0.890625000      0.296875000      -6.73835054E-02 -0.138984576       1.15039889E-02
  0.921875000      0.296875000      -3.89095247E-02 -0.100002669       1.15461498E-02
  0.953125000      0.296875000      -1.46640213E-02  -4.51098457E-02   1.11089852E-02
  0.984375000      0.296875000      -2.24854797E-03   2.69001815E-04   1.05467997E-02
   1.56250000E-02  0.328125000      -2.31721695E-03   2.78328545E-02   1.13444924E-02
   4.68750000E-02  0.328125000      -9.23795719E-03   5.87926582E-02   1.11214435E-02
   7.81250000E-02  0.328125000      -1.94512308E-02   7.59198368E-02   1.08490307E-02
  0.109375000      0.328125000      -3.11107449E-02   8.70411843E-02   1.04506612E-02
  0.140625000      0.328125000      -4.34183367E-02   9.57477689E-02   9.88524314E-03
  0.171875000      0.328125000      -5.60318194E-02  0.103105634       9.12709534E-03
  0.203125000      0.328125000      -6.87643364E-02  0.109095134       8.16049986E-03
  0.234375000      0.328125000      -8.14674497E-02  0.113364100       6.98086806E-03
  0.265625000      0.328125000      -9.39949006E-02  0.115531340       5.59745869E-03
  0.296875000      0.328125000     -0.106194161      0.115280844       4.03544027E-03
  0.328125000      0.328125000     -0.117905691      0.112380043       2.33678590E-03
  0.359375000      0.328125000     -0.128964528      0.106677890       5.59725915E-04
  0.390625000      0.328125000     -0.139203832       9.81016010E-02  -1.22347020E-03
  0.421875000      0.328125000     -0.148460835       8.66563916E-02  -2.93019111E-03
  0.453125000      0.328125000     -0.156585068       7.24276900E-02  -4.47294023E-03
  0.484375000      0.328125000     -0.163447827       5.55834249E-02  -5.76604065E-03
  0.515625000      0.328125000     -0.168950438       3.63740399E-02  -6.73337281E-03
  0.546875000      0.328125000     -0.173028827       1.51284086E-02  -7.31627084E-03
  0.578125000      0.328125000     -0.175652906      -7.75443204E-03  -7.48115126E-03
  0.609375000      0.328125000     -0.176829338      -3.18169519E-02  -7.14297127E-03
  0.640625000      0.328125000     -0.176547468      -5.67956567E-02  -6.26455061E-03
  0.671875000      0.328125000     -0.174686790      -8.22681636E-02  -4.87489579E-03
  0.703125000      0.328125000     -0.170959964     -0.107696116      -3.02744261E-03
  0.734375000      0.328125000     -0.164881468     -0.132286251      -8.06995435E-04
  0.765625000      0.328125000     -0.155776978     -0.154775783       1.65926875E-03
  0.796875000      0.328125000     -0.142854646     -0.173174322       4.18999931E-03
  0.828125000      0.328125000     -0.125362247     -0.184497297       6.54481817E-03
  0.859375000      0.328125000     -0.102866538     -0.184556827       8.44106171E-03
  0.890625000      0.328125000      -7.57277235E-02 -0.167996585       9.61253885E-03
  0.921875000      0.328125000      -4.59363796E-02 -0.129255340       9.92935244E-03
  0.953125000      0.328125000      -1.86541248E-02  -6.73847497E-02   9.54980310E-03
  0.984375000      0.328125000      -3.27314786E-03  -5.25400694E-03   8.88401363E-03
   1.56250000E-02  0.359375000      -2.04669684E-03   3.21945660E-02   1.04220677E-02
   4.68750000E-02  0.359375000      -8.33282061E-03   6.76325634E-02   1.02017578E-02
   7.81250000E-02  0.359375000      -1.78237632E-02   8.67788345E-02   9.90091823E-03
  0.109375000      0.359375000      -2.87571773E-02   9.87713635E-02   9.44482349E-03
  0.140625000      0.359375000      -4.02990021E-02  0.107864946       8.79319757E-03
  0.171875000      0.359375000      -5.20814359E-02  0.115384154       7.92003609E-03
  0.203125000      0.359375000      -6.39179051E-02  0.121387258       6.80901855E-03
  0.234375000      0.359375000      -7.56754577E-02  0.125536129       5.45546878E-03
  0.265625000      0.359375000      -8.72290283E-02  0.127445549       3.86959547E-03
  0.296875000      0.359375000      -9.84482020E-02  0.126791880       2.07887404E-03
  0.328125000      0.359375000     -0.109195083      0.123335600       1.29097054E-04
  0.359375000      0.359375000     -0.119326234      0.116921633      -1.91610539E-03
  0.390625000      0.359375000     -0.128697485      0.107478589      -3.97744868E-03
  0.421875000      0.359375000     -0.137171730       9.50213820E-02  -5.96408732E-03
  0.453125000      0.359375000     -0.144629225       7.96553716E-02  -7.77942874E-03
  0.484375000      0.359375000     -0.150978893       6.15789145E-02  -9.32844821E-03
  0.515625000      0.359375000     -0.156167850       4.10804041E-02  -1.05260368E-02
  0.546875000      0.359375000     -0.160185739       1.85279511E-02  -1.13053098E-02
  0.578125000      0.359375000     -0.163060039      -5.64730261E-03  -1.16248978E-02
  0.609375000      0.359375000     -0.164849147      -3.09512168E-02  -1.14238374E-02
  0.640625000      0.359375000     -0.165601969      -5.71838841E-02  -1.06379390E-02
  0.671875000      0.359375000     -0.165258050      -8.40795934E-02  -9.28903464E-03
  0.703125000      0.359375000     -0.163550347     -0.111316055      -7.41661992E-03
  0.734375000      0.359375000     -0.159950793     -0.138342887      -5.08577190E-03
  0.765625000      0.359375000     -0.153661817     -0.164112508      -2.40281248E-03
  0.796875000      0.359375000     -0.143677473     -0.186745077       4.63634962E-04
  0.828125000      0.359375000     -0.128939271     -0.203158259       3.26434174E-03
  0.859375000      0.359375000     -0.108622648     -0.208709031       5.67151047E-03
  0.890625000      0.359375000      -8.26266855E-02 -0.196979269       7.32928887E-03
  0.921875000      0.359375000      -5.24465144E-02 -0.160243571       7.98769016E-03
  0.953125000      0.359375000      -2.28807237E-02  -9.32439640E-02   7.71989860E-03
  0.984375000      0.359375000      -4.56459075E-03  -1.30925979E-02   6.97932113E-03
   1.56250000E-02  0.390625000      -1.68034248E-03   3.59196998E-02   9.35582630E-03
   4.68750000E-02  0.390625000      -7.08423974E-03   7.55931437E-02   9.14432295E-03
   7.81250000E-02  0.390625000      -1.55499298E-02   9.67708975E-02   8.81962758E-03
  0.109375000      0.390625000      -2.54659243E-02  0.109626308       8.31128843E-03
  0.140625000      0.390625000      -3.59701253E-02  0.119055308       7.58099742E-03
  0.171875000      0.390625000      -4.66632396E-02  0.126670465       6.60300907E-03
  0.203125000      0.390625000      -5.73533513E-02  0.132630527       5.36055770E-03
  0.234375000      0.390625000      -6.79196343E-02  0.136621505       3.84882977E-03
  0.265625000      0.390625000      -7.82566369E-02  0.138257191       2.07876437E-03
  0.296875000      0.390625000      -8.82559717E-02  0.137206689       7.98876790E-05
  0.328125000      0.390625000      -9.78024751E-02  0.133223459      -2.09839642E-03
  0.359375000      0.390625000     -0.106776074      0.126148909      -4.38721478E-03
  0.390625000      0.390625000     -0.115057290      0.115914941      -6.70048408E-03
  0.421875000      0.390625000     -0.122535735      0.102549389      -8.93926620E-03
  0.453125000      0.390625000     -0.129121721       8.61826539E-02  -1.09982220E-02
  0.484375000      0.390625000     -0.134759352       6.70505762E-02  -1.27736703E-02
  0.515625000      0.390625000     -0.139438659       4.54883352E-02  -1.41726658E-02
  0.546875000      0.390625000     -0.143202096       2.19120961E-02  -1.51215643E-02
  0.578125000      0.390625000     -0.146138728      -3.21084075E-03  -1.55729838E-02
  0.609375000      0.390625000     -0.148364991      -2.93633807E-02  -1.54961348E-02
  0.640625000      0.390625000     -0.150002331      -5.63734099E-02  -1.48121780E-02
  0.671875000      0.390625000     -0.151076600      -8.41533542E-02  -1.35393459E-02
  0.703125000      0.390625000     -0.151376516     -0.112645745      -1.17049180E-02
  0.734375000      0.390625000     -0.150369525     -0.141617417      -9.35189147E-03
  0.765625000      0.390625000     -0.147165835     -0.170330018      -6.55746646E-03
  0.796875000      0.390625000     -0.140561774     -0.197116613      -3.46254488E-03
  0.828125000      0.390625000     -0.129191577     -0.218896419      -3.04658519E-04
  0.859375000      0.390625000     -0.111820243     -0.230660170       2.56466819E-03
  0.890625000      0.390625000      -8.78472626E-02 -0.224997789       4.71342728E-03
  0.921875000      0.390625000      -5.82078174E-02 -0.192044467       5.76465018E-03
  0.953125000      0.390625000      -2.71932092E-02 -0.122022867       5.66945598E-03
  0.984375000      0.390625000      -6.08278206E-03  -2.37403419E-02   4.89561446E-03
   1.56250000E-02  0.421875000      -1.25020766E-03   3.88485789E-02   8.18856247E-03
   4.68750000E-02  0.421875000      -5.58739621E-03   8.24018717E-02   7.99156260E-03
   7.81250000E-02  0.421875000      -1.27815995E-02  0.105619274       7.64934625E-03
  0.109375000      0.421875000      -2.14380845E-02  0.119349271       7.09736533E-03
  0.140625000      0.421875000      -3.06790415E-02  0.129078060       6.30022166E-03
  0.171875000      0.421875000      -4.00685407E-02  0.136732683       5.23306243E-03
  0.203125000      0.421875000      -4.94034216E-02  0.142597482       3.87896365E-03
  0.234375000      0.421875000      -5.85720502E-02  0.146395385       2.23291945E-03
  0.265625000      0.421875000      -6.74882829E-02  0.147744089       3.06366012E-04
  0.296875000      0.421875000      -7.60673359E-02  0.146307170      -1.86948385E-03
  0.328125000      0.421875000      -8.42196643E-02  0.141832024      -4.24209284E-03
  0.359375000      0.421875000      -9.18521583E-02  0.134157687      -6.73778262E-03
  0.390625000      0.421875000      -9.88730341E-02  0.123220295      -9.26416274E-03
  0.421875000      0.421875000     -0.105199948      0.109061919      -1.17147565E-02
  0.453125000      0.421875000     -0.110771082       9.18399766E-02  -1.39761046E-02
  0.484375000      0.421875000     -0.115559161       7.18316734E-02  -1.59368068E-02
  0.515625000      0.421875000     -0.119586572       4.94264588E-02  -1.74973477E-02
  0.546875000      0.421875000     -0.122937500       2.51004398E-02  -1.85794644E-02
  0.578125000      0.421875000     -0.125758842      -6.29791990E-04  -1.91330276E-02
  0.609375000      0.421875000     -0.128224909      -2.72412281E-02  -1.91544779E-02
  0.640625000      0.421875000     -0.130537137      -5.45360744E-02  -1.85688920E-02
  0.671875000      0.421875000     -0.132832915      -8.26127380E-02  -1.73954014E-02
  0.703125000      0.421875000     -0.134999201     -0.111714512      -1.56531893E-02
  0.734375000      0.421875000     -0.136551455     -0.141999990      -1.33641874E-02
  0.765625000      0.421875000     -0.136554718     -0.173146516      -1.05715198E-02
  0.796875000      0.421875000     -0.133636922     -0.203822255      -7.37537118E-03
  0.828125000      0.421875000     -0.126131326     -0.231067851      -3.98059562E-03
  0.859375000      0.421875000     -0.112377182     -0.249615878      -7.36413174E-04
  0.890625000      0.421875000      -9.12381038E-02 -0.251155436       1.87173183E-03
  0.921875000      0.421875000      -6.30256385E-02 -0.223739102       3.34542384E-03
  0.953125000      0.421875000      -3.13943475E-02 -0.152973756       3.48475249E-03
  0.984375000      0.421875000      -7.73540977E-03  -3.75585854E-02   2.72537745E-03
   1.56250000E-02  0.453125000      -7.92711042E-04   4.08900380E-02   6.96835062E-03
   4.68750000E-02  0.453125000      -3.94913275E-03   8.78513008E-02   6.79133553E-03
   7.81250000E-02  0.453125000      -9.68654454E-03  0.113099769       6.43981714E-03
  0.109375000      0.453125000      -1.68931894E-02  0.127731860       5.85579267E-03
  0.140625000      0.453125000      -2.46945024E-02  0.137739420       5.00759203E-03
  0.171875000      0.453125000      -3.26143354E-02  0.145384103       3.87187907E-03
  0.203125000      0.453125000      -4.04320434E-02  0.151103824       2.43193470E-03
  0.234375000      0.453125000      -4.80420403E-02  0.154674545       6.82501413E-04
  0.265625000      0.453125000      -5.53776920E-02  0.155725241      -1.36480923E-03
  0.296875000      0.453125000      -6.23803511E-02  0.153917536      -3.67769157E-03
  0.328125000      0.453125000      -6.89902157E-02  0.148994863      -6.20118901E-03
  0.359375000      0.453125000      -7.51460493E-02  0.140795171      -8.85773636E-03
  0.390625000      0.453125000      -8.07886571E-02  0.129259065      -1.15494877E-02
  0.421875000      0.453125000      -8.58670846E-02  0.114441767      -1.41633861E-02
  0.453125000      0.453125000      -9.03475508E-02   9.65253562E-02  -1.65787823E-02
  0.484375000      0.453125000      -9.42256600E-02   7.58262724E-02  -1.86773799E-02
  0.515625000      0.453125000      -9.75420177E-02   5.27893901E-02  -2.03542281E-02
  0.546875000      0.453125000     -0.100399218       2.79592276E-02  -2.15279125E-02
  0.578125000      0.453125000     -0.102973089       1.91955408E-03  -2.21474189E-02
  0.609375000      0.453125000     -0.105494261      -2.47908793E-02  -2.22360566E-02
  0.640625000      0.453125000     -0.108246192      -5.19106910E-02  -2.17333920E-02
  0.671875000      0.453125000     -0.111483291      -7.96958283E-02  -2.06661820E-02
  0.703125000      0.453125000     -0.115239516     -0.108701959      -1.90526657E-02
  0.734375000      0.453125000     -0.119148672     -0.139546677      -1.68988705E-02
  0.765625000      0.453125000     -0.122301176     -0.172441870      -1.42137120E-02
  0.796875000      0.453125000     -0.123205811     -0.206539840      -1.10480823E-02
  0.828125000      0.453125000     -0.119912483     -0.239150286      -7.55510293E-03
  0.859375000      0.453125000     -0.110323071     -0.264878780      -4.05371375E-03
  0.890625000      0.453125000      -9.27291512E-02 -0.274627298      -1.05259311E-03
  0.921875000      0.453125000      -6.67536408E-02 -0.254456252       8.46036943E-04
  0.953125000      0.453125000      -3.52913961E-02 -0.185350209       1.27357268E-03
  0.984375000      0.453125000      -9.41914879E-03  -5.47130555E-02   5.76741062E-04
   1.56250000E-02  0.484375000      -3.48467845E-04   4.20299582E-02   5.74300159E-03
   4.68750000E-02  0.484375000      -2.28496199E-03   9.18022320E-02   5.59214409E-03
   7.81250000E-02  0.484375000      -6.44195918E-03  0.119042493       5.24139637E-03
  0.109375000      0.484375000      -1.20608993E-02  0.134615630       4.63975081E-03
  0.140625000      0.484375000      -1.82964429E-02  0.144895077       3.75976413E-03
  0.171875000      0.484375000      -2.46308073E-02  0.152486935       2.58037681E-03
  0.203125000      0.484375000      -3.08188628E-02  0.158012748       1.08532514E-03
  0.234375000      0.484375000      -3.67572159E-02  0.161321580      -7.30962784E-04
  0.265625000      0.484375000      -4.23984341E-02  0.162064180      -2.85720848E-03
  0.296875000      0.484375000      -4.77124602E-02  0.159905732      -5.26084192E-03
  0.328125000      0.484375000      -5.26734516E-02  0.154589146      -7.88556132E-03
  0.359375000      0.484375000      -5.72573692E-02  0.145953178      -1.06511740E-02
  0.390625000      0.484375000      -6.14436492E-02  0.133943215      -1.34558594E-02
  0.421875000      0.484375000      -6.52187616E-02  0.118625030      -1.61813404E-02
  0.453125000      0.484375000      -6.85815141E-02  0.100199640      -1.87009871E-02
  0.484375000      0.484375000      -7.15507418E-02   7.90140182E-02  -2.08905507E-02
  0.515625000      0.484375000      -7.41767436E-02   5.55589646E-02  -2.26403065E-02
  0.546875000      0.484375000      -7.65576214E-02   3.04427464E-02  -2.38665547E-02
  0.578125000      0.484375000      -7.88595378E-02   4.32614051E-03  -2.45194491E-02
  0.609375000      0.484375000      -8.13298225E-02  -2.21921802E-02  -2.46410165E-02
  0.640625000      0.484375000      -8.43093246E-02  -4.87651005E-02  -2.41960213E-02
  0.671875000      0.484375000      -8.81685019E-02  -7.57346377E-02  -2.32245717E-02
  0.703125000      0.484375000      -9.31272209E-02 -0.103940308      -2.17525177E-02
  0.734375000      0.484375000      -9.90194231E-02 -0.134501696      -1.97790321E-02
  0.765625000      0.484375000     -0.105062202     -0.168288663      -1.72845218E-02
  0.796875000      0.484375000     -0.109726928     -0.205122814      -1.42683191E-02
  0.828125000      0.484375000     -0.110816911     -0.242771342      -1.08176600E-02
  0.859375000      0.484375000     -0.105790928     -0.275874853      -7.19438493E-03
  0.890625000      0.484375000      -9.23315585E-02 -0.294686586      -3.89576564E-03
  0.921875000      0.484375000      -6.93069473E-02 -0.283398688      -1.59960194E-03
  0.953125000      0.484375000      -3.87355536E-02 -0.218442082      -8.47241725E-04
  0.984375000      0.484375000      -1.10484269E-02  -7.51805604E-02  -1.43794797E-03
   1.56250000E-02  0.515625000       4.02956175E-05   4.23368812E-02   4.55409195E-03
   4.68750000E-02  0.515625000      -7.13240646E-04   9.41838473E-02   4.44010179E-03
   7.81250000E-02  0.515625000      -3.22754588E-03  0.123332359       4.10093041E-03
  0.109375000      0.515625000      -7.17308046E-03  0.139891922       3.49825714E-03
  0.140625000      0.515625000      -1.17664551E-02  0.150451034       2.60855793E-03
  0.171875000      0.515625000      -1.64495297E-02  0.157953396       1.41369225E-03
  0.203125000      0.515625000      -2.09449083E-02  0.163236320      -1.02045175E-04
  0.234375000      0.515625000      -2.51463093E-02  0.166245908      -1.94477150E-03
  0.265625000      0.515625000      -2.90240198E-02  0.166668385      -4.10420727E-03
  0.296875000      0.515625000      -3.25778276E-02  0.164180204      -6.54855091E-03
  0.328125000      0.515625000      -3.58188748E-02  0.158528611      -9.22159012E-03
  0.359375000      0.515625000      -3.87646221E-02  0.149556160      -1.20422058E-02
  0.390625000      0.515625000      -4.14384529E-02  0.137213841      -1.49064446E-02
  0.421875000      0.515625000      -4.38707098E-02  0.121575892      -1.76926889E-02
  0.453125000      0.515625000      -4.61004339E-02  0.102855921      -2.02700309E-02
  0.484375000      0.515625000      -4.81780544E-02   8.14197958E-02  -2.25093979E-02
  0.515625000      0.515625000      -5.01699373E-02   5.77868298E-02  -2.42966861E-02
  0.546875000      0.515625000      -5.21658920E-02   3.26077454E-02  -2.55454704E-02
  0.578125000      0.515625000      -5.42919636E-02   6.60474924E-03  -2.62066983E-02
  0.609375000      0.515625000      -5.67414612E-02  -1.95360724E-02  -2.63335481E-02
  0.640625000      0.515625000      -5.98471090E-02  -4.53226268E-02  -2.59179343E-02
  0.671875000      0.515625000      -6.40631467E-02  -7.10910112E-02  -2.50183139E-02
  0.703125000      0.515625000      -6.98004961E-02  -9.78796482E-02  -2.36765649E-02
  0.734375000      0.515625000      -7.71670640E-02 -0.127297938      -2.18963623E-02
  0.765625000      0.515625000      -8.56397003E-02 -0.160973668      -1.96411330E-02
  0.796875000      0.515625000      -9.37848091E-02 -0.199626625      -1.68642960E-02
  0.828125000      0.515625000      -9.92312878E-02 -0.241731375      -1.35805244E-02
  0.859375000      0.515625000      -9.90014598E-02 -0.282172203      -9.97224450E-03
  0.890625000      0.515625000      -9.01314169E-02 -0.310720921      -6.48997864E-03
  0.921875000      0.515625000      -7.06668347E-02 -0.309855759      -3.85082141E-03
  0.953125000      0.515625000      -4.16383930E-02 -0.251586288      -2.75868550E-03
  0.984375000      0.515625000      -1.25666717E-02  -9.87957045E-02  -3.20721325E-03
   1.56250000E-02  0.546875000       3.87992273E-04   4.19073999E-02   3.44694499E-03
   4.68750000E-02  0.546875000       6.93364651E-04   9.50601250E-02   3.35980067E-03
   7.81250000E-02  0.546875000      -2.35509477E-04  0.125899866       3.05795204E-03
  0.109375000      0.546875000      -2.46183318E-03  0.143498763       2.47259159E-03
  0.140625000      0.546875000      -5.38169779E-03  0.154361457       1.59695488E-03
  0.171875000      0.546875000      -8.39407276E-03  0.161743850       4.17338626E-04
  0.203125000      0.546875000      -1.11800786E-02  0.166734263      -1.08228973E-03
  0.234375000      0.546875000      -1.36244204E-02  0.169402197      -2.90892227E-03
  0.265625000      0.546875000      -1.57115329E-02  0.169486761      -5.05403336E-03
  0.296875000      0.546875000      -1.74704529E-02  0.166685581      -7.48785678E-03
  0.328125000      0.546875000      -1.89505070E-02  0.160756320      -1.01558939E-02
  0.359375000      0.546875000      -2.02127136E-02  0.151549160      -1.29779996E-02
  0.390625000      0.546875000      -2.13271845E-02  0.139022529      -1.58502795E-02
  0.421875000      0.546875000      -2.23720726E-02  0.123258308      -1.86500438E-02
  0.453125000      0.546875000      -2.34326925E-02  0.104478374      -2.12441757E-02
  0.484375000      0.546875000      -2.46008672E-02   8.30582976E-02  -2.35004090E-02
  0.515625000      0.546875000      -2.59754006E-02   5.95305935E-02  -2.53008679E-02
  0.546875000      0.546875000      -2.76629403E-02   3.45637724E-02  -2.65555680E-02
  0.578125000      0.546875000      -2.97695771E-02   8.89753271E-03  -2.72130109E-02
  0.609375000      0.546875000      -3.23744155E-02  -1.67593323E-02  -2.73294244E-02
  0.640625000      0.546875000      -3.56919430E-02  -4.16630283E-02  -2.69204751E-02
  0.671875000      0.546875000      -4.01707664E-02  -6.60453737E-02  -2.60643698E-02
  0.703125000      0.546875000      -4.63525131E-02  -9.09984633E-02  -2.48246677E-02
  0.734375000      0.546875000      -5.46420515E-02 -0.118517697      -2.32198648E-02
  0.765625000      0.546875000      -6.49207383E-02 -0.150999382      -2.12122835E-02
  0.796875000      0.546875000      -7.60487467E-02 -0.190326393      -1.87239964E-02
  0.828125000      0.546875000      -8.56141150E-02 -0.236019880      -1.56996865E-02
  0.859375000      0.546875000      -9.02372301E-02 -0.283491850      -1.22276582E-02
  0.890625000      0.546875000      -8.62724930E-02 -0.322238445      -8.67895223E-03
  0.921875000      0.546875000      -7.08717704E-02 -0.333206236      -5.76937851E-03
  0.953125000      0.546875000      -4.39681374E-02 -0.284170091      -4.34244238E-03
  0.984375000      0.546875000      -1.39451344E-02 -0.125307769      -4.62095765E-03
   1.56250000E-02  0.578125000       6.88336790E-04   4.08300348E-02   2.45728949E-03
   4.68750000E-02  0.578125000       1.92477205E-03   9.45944339E-02   2.39428366E-03
   7.81250000E-02  0.578125000       2.41698651E-03  0.126802951       2.12025200E-03
  0.109375000      0.578125000       1.82354334E-03  0.145418122       1.58339576E-03
  0.140625000      0.578125000       5.76385064E-04  0.156613320       7.55972578E-04
  0.171875000      0.578125000      -7.73758919E-04  0.163860232      -3.75262520E-04
  0.203125000      0.578125000      -1.87157711E-03  0.168508947      -1.82104821E-03
  0.234375000      0.578125000      -2.57712952E-03  0.170786053      -3.58862197E-03
  0.265625000      0.578125000      -2.88260728E-03  0.170505449      -5.67219406E-03
  0.296875000      0.578125000      -2.84419442E-03  0.167398512      -8.04535672E-03
  0.328125000      0.578125000      -2.54911208E-03  0.161240399      -1.06569910E-02
  0.359375000      0.578125000      -2.10232218E-03  0.151893198      -1.34299360E-02
  0.390625000      0.578125000      -1.62131060E-03  0.139325142      -1.62625685E-02
  0.421875000      0.578125000      -1.23327039E-03  0.123626128      -1.90335400E-02
  0.453125000      0.578125000      -1.07244786E-03  0.105024323      -2.16098502E-02
  0.484375000      0.578125000      -1.27716328E-03   8.38996917E-02  -2.38580517E-02
  0.515625000      0.578125000      -1.98702351E-03   6.07885495E-02  -2.56577246E-02
  0.546875000      0.578125000      -3.34227015E-03   3.63639146E-02  -2.69153956E-02
  0.578125000      0.578125000      -5.48179774E-03   1.13606490E-02  -2.75749229E-02
  0.609375000      0.578125000      -8.45224410E-03  -1.36331152E-02  -2.76757162E-02
  0.640625000      0.578125000      -1.22561902E-02  -3.76582593E-02  -2.72643454E-02
  0.671875000      0.578125000      -1.71407554E-02  -6.06780536E-02  -2.64298506E-02
  0.703125000      0.578125000      -2.36511789E-02  -8.36670697E-02  -2.52593551E-02
  0.734375000      0.578125000      -3.24073061E-02 -0.108799055      -2.37900205E-02
  0.765625000      0.578125000      -4.37945426E-02 -0.139049560      -2.20000148E-02
  0.796875000      0.578125000      -5.72205484E-02 -0.177721143      -1.98040791E-02
  0.828125000      0.578125000      -7.04549924E-02 -0.225825518      -1.70889404E-02
  0.859375000      0.578125000      -7.98078030E-02 -0.279711694      -1.38430391E-02
  0.890625000      0.578125000      -8.09273422E-02 -0.328866243      -1.03312973E-02
  0.921875000      0.578125000      -6.99955076E-02 -0.352913976      -7.22714933E-03
  0.953125000      0.578125000      -4.57330234E-02 -0.315631330      -5.48188109E-03
  0.984375000      0.578125000      -1.51754739E-02 -0.154428929      -5.56862215E-03
   1.56250000E-02  0.609375000       9.17097728E-04   3.92235294E-02   1.59998587E-03
   4.68750000E-02  0.609375000       2.91550765E-03   9.29650292E-02   1.56416115E-03
   7.81250000E-02  0.609375000       4.64426633E-03  0.126212254       1.32879103E-03
  0.109375000      0.609375000       5.53189218E-03  0.145717025       8.47008661E-04
  0.140625000      0.609375000       5.86051308E-03  0.157236934       9.19394515E-05
  0.171875000      0.609375000       6.12133369E-03  0.164331645      -9.53481940E-04
  0.203125000      0.609375000       6.67600101E-03  0.168587849      -2.30427645E-03
  0.234375000      0.609375000       7.67987780E-03  0.170417368      -3.97105329E-03
  0.265625000      0.609375000       9.13490541E-03  0.169734418      -5.95181901E-03
  0.296875000      0.609375000       1.09570716E-02  0.166319832      -8.22431874E-03
  0.328125000      0.609375000       1.30181406E-02  0.159974575      -1.07411006E-02
  0.359375000      0.609375000       1.51656829E-02  0.150576890      -1.34278433E-02
  0.390625000      0.609375000       1.72319319E-02  0.138106674      -1.61848702E-02
  0.421875000      0.609375000       1.90388486E-02  0.122662246      -1.88918635E-02
  0.453125000      0.609375000       2.04027183E-02  0.104476243      -2.14161798E-02
  0.484375000      0.609375000       2.11400799E-02   8.39280337E-02  -2.36241538E-02
  0.515625000      0.609375000       2.10767779E-02   6.15465045E-02  -2.53948569E-02
  0.546875000      0.609375000       2.00629197E-02   3.79883274E-02  -2.66348403E-02
  0.578125000      0.609375000       1.79944765E-02   1.39589384E-02  -2.72913892E-02
  0.609375000      0.609375000       1.47657357E-02  -1.00206798E-02  -2.73614973E-02
  0.640625000      0.609375000       1.03468578E-02  -3.30399722E-02  -2.70008259E-02
  0.671875000      0.609375000       4.76847077E-03  -5.48258387E-02  -2.62093656E-02
  0.703125000      0.609375000      -2.20709085E-03  -7.60280341E-02  -2.50845458E-02
  0.734375000      0.609375000      -1.11859795E-02  -9.87000391E-02  -2.37015765E-02
  0.765625000      0.609375000      -2.30463557E-02 -0.125899762      -2.20680833E-02
  0.796875000      0.609375000      -3.79751623E-02 -0.162515938      -2.01266669E-02
  0.828125000      0.609375000      -5.42308763E-02 -0.211541340      -1.77243408E-02
  0.859375000      0.609375000      -6.80086538E-02 -0.270867050      -1.47522669E-02
  0.890625000      0.609375000      -7.42591843E-02 -0.330343634      -1.13501577E-02
  0.921875000      0.609375000      -6.81141838E-02 -0.368517101      -8.11176747E-03
  0.953125000      0.609375000      -4.69562486E-02 -0.345452517      -6.06182870E-03
  0.984375000      0.609375000      -1.62595045E-02 -0.185864806      -5.93564892E-03
   1.56250000E-02  0.640625000       1.06097735E-03   3.72442603E-02   8.78714956E-04
   4.68750000E-02  0.640625000       3.61272576E-03   9.03928578E-02   8.69778451E-04
   7.81250000E-02  0.640625000       6.34037703E-03  0.124328658       6.83642807E-04
  0.109375000      0.640625000       8.51176772E-03  0.144543827       2.78287742E-04
  0.140625000      0.640625000       1.02830939E-02  0.156313896      -3.77056596E-04
  0.171875000      0.640625000       1.20762968E-02  0.163205802      -1.30634918E-03
  0.203125000      0.640625000       1.42338201E-02  0.167008102      -2.53068330E-03
  0.234375000      0.640625000       1.69081111E-02  0.168326899      -4.06557834E-03
  0.265625000      0.640625000       2.00877301E-02  0.167199373      -5.91353094E-03
  0.296875000      0.640625000       2.36583184E-02  0.163472235      -8.05649348E-03
  0.328125000      0.640625000       2.74491124E-02  0.156981111      -1.04506295E-02
  0.359375000      0.640625000       3.12590003E-02  0.147624135      -1.30244456E-02
  0.390625000      0.640625000       3.48696485E-02  0.135393858      -1.56802647E-02
  0.421875000      0.640625000       3.80529612E-02  0.120396145      -1.82992835E-02
  0.453125000      0.640625000       4.05774936E-02  0.102865227      -2.07499005E-02
  0.484375000      0.640625000       4.22166809E-02   8.31738114E-02  -2.28991956E-02
  0.515625000      0.640625000       4.27602232E-02   6.18318170E-02  -2.46266350E-02
  0.546875000      0.640625000       4.20289114E-02   3.94594073E-02  -2.58384403E-02
  0.578125000      0.640625000       3.98872457E-02   1.67085417E-02  -2.64796503E-02
  0.609375000      0.640625000       3.62566300E-02  -5.90148242E-03  -2.65391190E-02
  0.640625000      0.640625000       3.12263444E-02  -2.77016964E-02  -2.61758175E-02
  0.671875000      0.640625000       2.50058323E-02  -4.83590066E-02  -2.53960900E-02
  0.703125000      0.640625000       1.76603682E-02  -6.81701601E-02  -2.43005566E-02
  0.734375000      0.640625000       8.67023785E-03  -8.85872543E-02  -2.30008774E-02
  0.765625000      0.640625000      -3.23046301E-03 -0.112251572      -2.15190686E-02
  0.796875000      0.640625000      -1.88987684E-02 -0.145568073      -1.97651386E-02
  0.828125000      0.640625000      -3.73666734E-02 -0.193767324      -1.76395401E-02
  0.859375000      0.640625000      -5.50790392E-02 -0.257153511      -1.49430595E-02
  0.890625000      0.640625000      -6.63762987E-02 -0.326512933      -1.16786221E-02
  0.921875000      0.640625000      -6.52647242E-02 -0.379608870      -8.32965784E-03
  0.953125000      0.640625000      -4.76452112E-02 -0.373143196      -5.96565381E-03
  0.984375000      0.640625000      -1.71971433E-02 -0.219322875      -5.59664331E-03
   1.56250000E-02  0.671875000       1.10761193E-03   3.50742340E-02   2.87702715E-04
   4.68750000E-02  0.671875000       3.96072306E-03   8.71562138E-02   3.03105597E-04
   7.81250000E-02  0.671875000       7.38905556E-03  0.121409319       1.76521193E-04
  0.109375000      0.671875000       1.05970409E-02  0.142085284      -1.29031585E-04
  0.140625000      0.671875000       1.36459731E-02  0.153955117      -6.53369760E-04
  0.171875000      0.671875000       1.68769415E-02  0.160544708      -1.43286178E-03
  0.203125000      0.671875000       2.05834061E-02  0.163810849      -2.49842880E-03
  0.234375000      0.671875000       2.48895399E-02  0.164550692      -3.87241039E-03
  0.265625000      0.671875000       2.97565553E-02  0.162937090      -5.56236925E-03
  0.296875000      0.671875000       3.50341164E-02  0.158895463      -7.55414460E-03
  0.328125000      0.671875000       4.05075103E-02  0.152303457      -9.80696268E-03
  0.359375000      0.671875000       4.59277257E-02  0.143081829      -1.22516220E-02
  0.390625000      0.671875000       5.10281995E-02  0.131235331      -1.47922393E-02
  0.421875000      0.671875000       5.55348843E-02  0.116874933      -1.73115134E-02
  0.453125000      0.671875000       5.91748059E-02  0.100232124      -1.96792334E-02
  0.484375000      0.671875000       6.16863333E-02   8.16662312E-02  -2.17638053E-02
  0.515625000      0.671875000       6.28328025E-02   6.16592541E-02  -2.34457012E-02
  0.546875000      0.671875000       6.24187142E-02   4.07869294E-02  -2.46313028E-02
  0.578125000      0.671875000       6.03032745E-02   1.96470320E-02  -2.52644233E-02
  0.609375000      0.671875000       5.64005077E-02  -1.29832595E-03  -2.53319740E-02
  0.640625000      0.671875000       5.08459322E-02  -2.17134077E-02  -2.49735788E-02
  0.671875000      0.671875000       4.38993424E-02  -4.11761552E-02  -2.42043063E-02
  0.703125000      0.671875000       3.57029289E-02  -5.98093234E-02  -2.31149234E-02
  0.734375000      0.671875000       2.61833444E-02  -7.84384161E-02  -2.18059234E-02
  0.765625000      0.671875000       1.48075083E-02  -9.91252884E-02  -2.03580800E-02
  0.796875000      0.671875000      -4.38479707E-04 -0.127782613      -1.88238844E-02
  0.828125000      0.671875000      -2.02103928E-02 -0.173316240      -1.69135761E-02
  0.859375000      0.671875000      -4.11641747E-02 -0.238942385      -1.44521017E-02
  0.890625000      0.671875000      -5.72803542E-02 -0.317315459      -1.12988735E-02
  0.921875000      0.671875000      -6.13925308E-02 -0.385811567      -7.80360354E-03
  0.953125000      0.671875000      -4.77536507E-02 -0.398205340      -5.06619504E-03
  0.984375000      0.671875000      -1.79728623E-02 -0.254494935      -4.40050242E-03
   1.56250000E-02  0.703125000       1.03725411E-03   3.29275578E-02  -1.87174897E-04
   4.68750000E-02  0.703125000       3.88152013E-03   8.36028606E-02  -1.51800734E-04
   7.81250000E-02  0.703125000       7.64292013E-03  0.117771938      -2.07213234E-04
  0.109375000      0.703125000       1.15928957E-02  0.138565078      -3.85885942E-04
  0.140625000      0.703125000       1.57329328E-02  0.150288075      -7.43786397E-04
  0.171875000      0.703125000       2.03057341E-02  0.156411037      -1.33725267E-03
  0.203125000      0.703125000       2.55187713E-02  0.159029409      -2.21217517E-03
  0.234375000      0.703125000       3.14341858E-02  0.159116253      -3.39999842E-03
  0.265625000      0.703125000       3.79651487E-02  0.156980395      -4.91346139E-03
  0.296875000      0.703125000       4.49165069E-02  0.152631044      -6.74147811E-03
  0.328125000      0.703125000       5.20281866E-02  0.145991325      -8.84505920E-03
  0.359375000      0.703125000       5.90060465E-02  0.137004852      -1.11561995E-02
  0.390625000      0.703125000       6.55406713E-02  0.125686377      -1.35799851E-02
  0.421875000      0.703125000       7.13195503E-02  0.112147480      -1.60001777E-02
  0.453125000      0.703125000       7.60375857E-02   9.66106281E-02  -1.82878841E-02
  0.484375000      0.703125000       7.94092119E-02   7.94133842E-02  -2.03129463E-02
  0.515625000      0.703125000       8.11835155E-02   6.09998852E-02  -2.19570063E-02
  0.546875000      0.703125000       8.11603963E-02   4.18916494E-02  -2.31265463E-02
  0.578125000      0.703125000       7.92011693E-02   2.26243921E-02  -2.37633996E-02
  0.609375000      0.703125000       7.52271935E-02   3.60757275E-03  -2.38489471E-02
  0.640625000      0.703125000       6.93555027E-02  -1.51881240E-02  -2.35038698E-02
  0.671875000      0.703125000       6.18058629E-02  -3.32025513E-02  -2.27479208E-02
  0.703125000      0.703125000       5.27498499E-02  -5.05300611E-02  -2.16598939E-02
  0.734375000      0.703125000       4.23140898E-02  -6.77639246E-02  -2.03341637E-02
  0.765625000      0.703125000       3.03943921E-02  -8.65072981E-02  -1.88590381E-02
  0.796875000      0.703125000       1.61532797E-02 -0.110917568      -1.72945056E-02
  0.828125000      0.703125000      -3.02988198E-03 -0.151231274      -1.56544633E-02
  0.859375000      0.703125000      -2.62842961E-02 -0.216825113      -1.33520029E-02
  0.890625000      0.703125000      -4.68055606E-02 -0.302801967      -1.02220215E-02
  0.921875000      0.703125000      -5.62839806E-02 -0.386741996      -6.46020845E-03
  0.953125000      0.703125000      -4.71321270E-02 -0.420073956      -3.20370356E-03
  0.984375000      0.703125000      -1.85378753E-02 -0.291008413      -2.14024563E-03
   1.56250000E-02  0.734375000       8.06261844E-04   3.10817100E-02  -5.68390184E-04
   4.68750000E-02  0.734375000       3.23692360E-03   8.01699385E-02  -5.17753069E-04
   7.81250000E-02  0.734375000       6.88680541E-03  0.113791138      -4.85461758E-04
  0.109375000      0.734375000       1.12540601E-02  0.134227425      -5.03842661E-04
  0.140625000      0.734375000       1.63026247E-02  0.145437211      -6.55407028E-04
  0.171875000      0.734375000       2.21437607E-02  0.150849417      -1.02538359E-03
  0.203125000      0.734375000       2.88523249E-02  0.152672246      -1.68019021E-03
  0.234375000      0.734375000       3.63870785E-02  0.152027339      -2.66247569E-03
  0.265625000      0.734375000       4.45864536E-02  0.149344236      -3.98975099E-03
  0.296875000      0.734375000       5.31989709E-02  0.144709587      -5.65211754E-03
  0.328125000      0.734375000       6.19183183E-02  0.138088807      -7.61034712E-03
  0.359375000      0.734375000       7.04103038E-02  0.129445106      -9.79578122E-03
  0.390625000      0.734375000       7.83310384E-02  0.118798651      -1.21131279E-02
  0.421875000      0.734375000       8.53396952E-02  0.106255651      -1.44463889E-02
  0.453125000      0.734375000       9.11103189E-02   9.20217410E-02  -1.66675095E-02
  0.484375000      0.734375000       9.53451395E-02   7.64035806E-02  -1.86475739E-02
  0.515625000      0.734375000       9.77905020E-02   5.97974733E-02  -2.02691872E-02
  0.546875000      0.734375000       9.82537791E-02   4.26608846E-02  -2.14388967E-02
  0.578125000      0.734375000       9.66162831E-02   2.54581030E-02  -2.20970958E-02
  0.609375000      0.734375000       9.28308666E-02   8.53920542E-03  -2.22228952E-02
  0.640625000      0.734375000       8.68729651E-02  -8.28663073E-03  -2.18770672E-02
  0.671875000      0.734375000       7.88793713E-02  -2.45601274E-02  -2.11450905E-02
  0.703125000      0.734375000       6.91222250E-02  -4.03599292E-02  -2.00591274E-02
  0.734375000      0.734375000       5.78133538E-02  -5.61919883E-02  -1.87076554E-02
  0.765625000      0.734375000       4.50619981E-02  -7.34124780E-02  -1.71771161E-02
  0.796875000      0.734375000       3.06200422E-02  -9.53349322E-02  -1.55343367E-02
  0.828125000      0.734375000       1.28931245E-02 -0.129910529      -1.37958769E-02
  0.859375000      0.734375000      -1.03020621E-02 -0.191704512      -1.17264604E-02
  0.890625000      0.734375000      -3.45394649E-02 -0.283173174      -8.46301578E-03
  0.921875000      0.734375000      -4.94703948E-02 -0.381971091      -4.20241570E-03
  0.953125000      0.734375000      -4.54568714E-02 -0.438020587      -1.42158300E-04
  0.984375000      0.734375000      -1.87859833E-02 -0.328335822       1.50533626E-03
   1.56250000E-02  0.765625000       3.15850193E-04   2.99568959E-02  -8.90811090E-04
   4.68750000E-02  0.765625000       1.75977638E-03   7.74147213E-02  -8.22574715E-04
   7.81250000E-02  0.765625000       4.78047924E-03  0.109871037      -6.73924689E-04
  0.109375000      0.765625000       9.26021114E-03  0.129297197      -4.89575963E-04
  0.140625000      0.765625000       1.50864087E-02  0.139490694      -3.91510403E-04
  0.171875000      0.765625000       2.21796781E-02  0.143860996      -5.01780421E-04
  0.203125000      0.765625000       3.04285903E-02  0.144704103      -9.12406482E-04
  0.234375000      0.765625000       3.96418013E-02  0.143249810      -1.67853571E-03
  0.265625000      0.765625000       4.95531559E-02  0.140014589      -2.82076816E-03
  0.296875000      0.765625000       5.98430559E-02  0.135141432      -4.32749651E-03
  0.328125000      0.765625000       7.01599121E-02  0.128626212      -6.15624152E-03
  0.359375000      0.765625000       8.01376030E-02  0.120444119      -8.23529437E-03
  0.390625000      0.765625000       8.94089267E-02  0.110614136      -1.04673356E-02
  0.421875000      0.765625000       9.76170674E-02   9.92301553E-02  -1.27354879E-02
  0.453125000      0.765625000      0.104427308       8.64732638E-02  -1.49118882E-02
  0.484375000      0.765625000      0.109540448       7.26108998E-02  -1.68683734E-02
  0.515625000      0.765625000      0.112708151       5.79836145E-02  -1.84881669E-02
  0.546875000      0.765625000      0.113748573       4.29771245E-02  -1.96773410E-02
  0.578125000      0.765625000      0.112557665       2.79756188E-02  -2.03741752E-02
  0.609375000      0.765625000      0.109098308       1.32717071E-02  -2.05548760E-02
  0.640625000      0.765625000      0.103250384      -1.21006486E-03  -2.02336162E-02
  0.671875000      0.765625000       9.51194391E-02  -1.55118015E-02  -1.95220560E-02
  0.703125000      0.765625000       8.50158110E-02  -2.95486618E-02  -1.84373744E-02
  0.734375000      0.765625000       7.31365755E-02  -4.38183136E-02  -1.70495547E-02
  0.765625000      0.765625000       5.96726984E-02  -5.95761091E-02  -1.54312113E-02
  0.796875000      0.765625000       4.46816832E-02  -7.97454417E-02  -1.36371106E-02
  0.828125000      0.765625000       2.76916213E-02 -0.110791713      -1.16752125E-02
  0.859375000      0.765625000       6.06566574E-03 -0.166011915      -9.46415588E-03
  0.890625000      0.765625000      -1.97085030E-02 -0.258865833      -5.98802045E-03
  0.921875000      0.765625000      -4.00837362E-02 -0.370984912      -8.59158637E-04
  0.953125000      0.765625000      -4.21170481E-02 -0.450999409       4.50977916E-03
  0.984375000      0.765625000      -1.85147338E-02 -0.365640938       7.07853772E-03
   1.56250000E-02  0.796875000      -5.89967996E-04   3.02274898E-02  -1.20632327E-03
   4.68750000E-02  0.796875000      -1.00042019E-03   7.61037022E-02  -1.10902346E-03
   7.81250000E-02  0.796875000       7.87827594E-04  0.106366441      -7.76017667E-04
  0.109375000      0.796875000       5.19906916E-03  0.123904422      -3.38953512E-04
  0.140625000      0.796875000       1.18006039E-02  0.132450759       5.02666626E-05
  0.171875000      0.796875000       2.02352293E-02  0.135370255       2.30764592E-04
  0.203125000      0.796875000       3.01549546E-02  0.135025069       7.93155486E-05
  0.234375000      0.796875000       4.11710292E-02  0.132699952      -4.71900072E-04
  0.265625000      0.796875000       5.28842285E-02  0.128941640      -1.44304917E-03
  0.296875000      0.796875000       6.48998320E-02  0.123911753      -2.81653088E-03
  0.328125000      0.796875000       7.68271089E-02  0.117615566      -4.54294495E-03
  0.359375000      0.796875000       8.82802084E-02  0.110028557      -6.54489640E-03
  0.390625000      0.796875000       9.88829583E-02  0.101160824      -8.72129202E-03
  0.421875000      0.796875000      0.108276695       9.10872146E-02  -1.09533044E-02
  0.453125000      0.796875000      0.116130747       7.99577981E-02  -1.31126475E-02
  0.484375000      0.796875000      0.122154906       6.79950193E-02  -1.50714796E-02
  0.515625000      0.796875000      0.126113012       5.54794744E-02  -1.67132057E-02
  0.546875000      0.796875000      0.127835333       4.27239388E-02  -1.79427899E-02
  0.578125000      0.796875000      0.127224863       3.00349295E-02  -1.86949633E-02
  0.609375000      0.796875000      0.124246202       1.76540725E-02  -1.89385600E-02
  0.640625000      0.796875000      0.118867271       5.63743245E-03  -1.86744109E-02
  0.671875000      0.796875000      0.111067966      -6.42799120E-03  -1.79807954E-02
  0.703125000      0.796875000      0.101037249      -1.84997749E-02  -1.69055574E-02
  0.734375000      0.796875000       8.90559331E-02  -3.10102273E-02  -1.54757462E-02
  0.765625000      0.796875000       7.53075927E-02  -4.51779366E-02  -1.37396045E-02
  0.796875000      0.796875000       5.99247515E-02  -6.37781620E-02  -1.17156487E-02
  0.828125000      0.796875000       4.28505391E-02  -9.27054584E-02  -9.35331173E-03
  0.859375000      0.796875000       2.33271085E-02 -0.142960906      -6.46403525E-03
  0.890625000      0.796875000      -1.57932937E-03 -0.231249690      -2.67562154E-03
  0.921875000      0.796875000      -2.66347770E-02 -0.353184611       3.88639024E-03
  0.953125000      0.796875000      -3.60179543E-02 -0.457397521       1.14313364E-02
  0.984375000      0.796875000      -1.73573755E-02 -0.401518077       1.55326743E-02
   1.56250000E-02  0.828125000      -2.10952759E-03   3.29222642E-02  -1.54454960E-03
   4.68750000E-02  0.828125000      -5.49557153E-03   7.71961212E-02  -1.42279640E-03
   7.81250000E-02  0.828125000      -5.70286997E-03  0.103683837      -8.47006799E-04
  0.109375000      0.828125000      -1.49706751E-03  0.117960781      -5.34947321E-05
  0.140625000      0.828125000       6.15884364E-03  0.124129400       6.72817347E-04
  0.171875000      0.828125000       1.62372701E-02  0.125173539       1.16714858E-03
  0.203125000      0.828125000       2.80922204E-02  0.123443969       1.27775827E-03
  0.234375000      0.828125000       4.11211178E-02  0.120234586       9.25575034E-04
  0.265625000      0.828125000       5.47777601E-02  0.116037086       9.75855801E-05
  0.296875000      0.828125000       6.86011016E-02  0.110978529      -1.17680535E-03
  0.328125000      0.828125000       8.21784288E-02  0.105046421      -2.83735967E-03
  0.359375000      0.828125000       9.51229334E-02   9.82032940E-02  -4.79864189E-03
  0.390625000      0.828125000      0.107067294       9.04429704E-02  -6.95439614E-03
  0.421875000      0.828125000      0.117667280       8.18159804E-02  -9.18319076E-03
  0.453125000      0.828125000      0.126610473       7.24368989E-02  -1.13558825E-02
  0.484375000      0.828125000      0.133627713       6.24798909E-02  -1.33447442E-02
  0.515625000      0.828125000      0.138505012       5.21645546E-02  -1.50331622E-02
  0.546875000      0.828125000      0.141093627       4.17330153E-02  -1.63248125E-02
  0.578125000      0.828125000      0.141315490       3.14189792E-02  -1.71509292E-02
  0.609375000      0.828125000      0.139160514       2.14071870E-02  -1.74742900E-02
  0.640625000      0.828125000      0.134663403       1.17629450E-02  -1.72896460E-02
  0.671875000      0.828125000      0.127735108       2.17499631E-03  -1.66210197E-02
  0.703125000      0.828125000      0.118447423      -7.78620737E-03  -1.55486688E-02
  0.734375000      0.828125000      0.107117206      -1.84165295E-02  -1.40757598E-02
  0.765625000      0.828125000       9.39149112E-02  -3.08276452E-02  -1.22003080E-02
  0.796875000      0.828125000       7.89138228E-02  -4.77541238E-02  -9.87346191E-03
  0.828125000      0.828125000       6.21381439E-02  -7.48919845E-02  -6.93460833E-03
  0.859375000      0.828125000       4.32601944E-02 -0.122387744      -3.01127136E-03
  0.890625000      0.828125000       2.06018481E-02 -0.204271734       2.52619805E-03
  0.921875000      0.828125000      -6.55910326E-03 -0.327960581       1.06084142E-02
  0.953125000      0.828125000      -2.51997523E-02 -0.454614371       2.17964929E-02
  0.984375000      0.828125000      -1.46470508E-02 -0.433528066       2.85668448E-02
   1.56250000E-02  0.859375000      -4.75443993E-03   3.97805646E-02  -2.05383892E-03
   4.68750000E-02  0.859375000      -1.26628606E-02   8.16200227E-02  -1.85073027E-03
   7.81250000E-02  0.859375000      -1.52257606E-02  0.102017462      -9.03693493E-04
  0.109375000      0.859375000      -1.10177593E-02  0.111202210       3.49691079E-04
  0.140625000      0.859375000      -1.81865622E-03  0.114023171       1.46826787E-03
  0.171875000      0.859375000       1.05404425E-02  0.112835228       2.28970568E-03
  0.203125000      0.859375000       2.48290487E-02  0.109634519       2.65395013E-03
  0.234375000      0.859375000       4.02046628E-02  0.105636448       2.46880809E-03
  0.265625000      0.859375000       5.60162812E-02  0.101165280       1.74274261E-03
  0.296875000      0.859375000       7.17835277E-02   9.62593332E-02   5.24242932E-04
  0.328125000      0.859375000       8.71075988E-02   9.08649936E-02  -1.11239380E-03
  0.359375000      0.859375000      0.101627827       8.49219039E-02  -3.07230907E-03
  0.390625000      0.859375000      0.115007833       7.84029216E-02  -5.24356402E-03
  0.421875000      0.859375000      0.126936615       7.13310838E-02  -7.50186434E-03
  0.453125000      0.859375000      0.137136772       6.37829900E-02  -9.71717387E-03
  0.484375000      0.859375000      0.145375296       5.58830500E-02  -1.17618367E-02
  0.515625000      0.859375000      0.151474327       4.77902591E-02  -1.35192182E-02
  0.546875000      0.859375000      0.155319393       3.96787301E-02  -1.48917930E-02
  0.578125000      0.859375000      0.156863004       3.17124352E-02  -1.58073083E-02
  0.609375000      0.859375000      0.156121865       2.40135584E-02  -1.62218492E-02
  0.640625000      0.859375000      0.153162196       1.66157484E-02  -1.61193199E-02
  0.671875000      0.859375000      0.148044825       9.36877914E-03  -1.55064669E-02
  0.703125000      0.859375000      0.140636772       1.71444693E-03  -1.44006964E-02
  0.734375000      0.859375000      0.131027997      -6.98300079E-03  -1.28708361E-02
  0.765625000      0.859375000      0.119536832      -1.75755005E-02  -1.08442679E-02
  0.796875000      0.859375000      0.106177017      -3.26558799E-02  -8.13703611E-03
  0.828125000      0.859375000       9.08013880E-02  -5.78524955E-02  -4.39194823E-03
  0.859375000      0.859375000       7.28720352E-02 -0.102635503       1.09474757E-03
  0.890625000      0.859375000       5.07982001E-02 -0.179306254       9.44182090E-03
  0.921875000      0.859375000       2.22703964E-02 -0.297250628       2.16545947E-02
  0.953125000      0.859375000      -6.06794376E-03 -0.438361526       3.75174992E-02
  0.984375000      0.859375000      -9.11782868E-03 -0.457298726       4.92078885E-02
   1.56250000E-02  0.890625000      -9.18762665E-03   5.37162200E-02  -3.13144829E-03
   4.68750000E-02  0.890625000      -2.33438276E-02   8.97347555E-02  -2.63013807E-03
   7.81250000E-02  0.890625000      -2.75297035E-02  0.100636683      -1.02866790E-03
  0.109375000      0.890625000      -2.19590552E-02  0.102791876       8.62253131E-04
  0.140625000      0.890625000      -1.00317150E-02  0.101295471       2.45844806E-03
  0.171875000      0.890625000       5.63425664E-03   9.75298733E-02   3.57091357E-03
  0.203125000      0.890625000       2.32075807E-02   9.30738151E-02   4.16329969E-03
  0.234375000      0.890625000       4.14570309E-02   8.85681361E-02   4.09626914E-03
  0.265625000      0.890625000       5.97895868E-02   8.40865597E-02   3.42165236E-03
  0.296875000      0.890625000       7.77992979E-02   7.95592517E-02   2.21272721E-03
  0.328125000      0.890625000       9.51530784E-02   7.48864561E-02   5.58879343E-04
  0.359375000      0.890625000      0.111549832       6.99838698E-02  -1.43576111E-03
  0.390625000      0.890625000      0.126709267       6.48031309E-02  -3.65395099E-03
  0.421875000      0.890625000      0.140374720       5.93393892E-02  -5.96883986E-03
  0.453125000      0.890625000      0.152322099       5.36309034E-02  -8.24965630E-03
  0.484375000      0.890625000      0.162370548       4.77526784E-02  -1.03689013E-02
  0.515625000      0.890625000      0.170391858       4.18052338E-02  -1.22100525E-02
  0.546875000      0.890625000      0.176316410       3.58991474E-02  -1.36746140E-02
  0.578125000      0.890625000      0.180133909       3.01356204E-02  -1.46871526E-02
  0.609375000      0.890625000      0.181886837       2.45824680E-02  -1.51973553E-02
  0.640625000      0.890625000      0.181654692       1.92411933E-02  -1.51778851E-02
  0.671875000      0.890625000      0.179521918       1.39942244E-02  -1.46174897E-02
  0.703125000      0.890625000      0.175511137       8.50651320E-03  -1.35072749E-02
  0.734375000      0.890625000      0.169389173       1.95142487E-03  -1.18158860E-02
  0.765625000      0.890625000      0.161175519      -6.81400578E-03  -9.58487019E-03
  0.796875000      0.890625000      0.151027828      -1.99222043E-02  -6.39881520E-03
  0.828125000      0.890625000      0.138541222      -4.27381843E-02  -1.50853477E-03
  0.859375000      0.890625000      0.122367583      -8.36624876E-02   6.30492019E-03
  0.890625000      0.890625000       9.95992571E-02 -0.153452367       1.89320724E-02
  0.921875000      0.890625000       6.67428151E-02 -0.261732638       3.81233767E-02
  0.953125000      0.890625000       2.55791657E-02 -0.404390693       6.27312809E-02
  0.984375000      0.890625000       1.88396685E-03 -0.464538097       8.28090757E-02
   1.56250000E-02  0.921875000      -1.53365210E-02   7.82341957E-02  -5.93444612E-03
   4.68750000E-02  0.921875000      -3.51748541E-02   9.91968662E-02  -4.21463745E-03
   7.81250000E-02  0.921875000      -3.63684371E-02   9.65388492E-02  -1.31977221E-03
  0.109375000      0.921875000      -2.53458209E-02   9.02846158E-02   1.49518088E-03
  0.140625000      0.921875000      -7.49865361E-03   8.40176046E-02   3.61931091E-03
  0.171875000      0.921875000       1.35663422E-02   7.80695751E-02   5.02675679E-03
  0.203125000      0.921875000       3.55754159E-02   7.29483366E-02   5.76164806E-03
  0.234375000      0.921875000       5.76180033E-02   6.83980137E-02   5.74620720E-03
  0.265625000      0.921875000       7.92876258E-02   6.42512441E-02   5.07047260E-03
  0.296875000      0.921875000      0.100316204       6.03533685E-02   3.82950203E-03
  0.328125000      0.921875000      0.120479591       5.65728582E-02   2.12547695E-03
  0.359375000      0.921875000      0.139568985       5.28098904E-02   7.00657401E-05
  0.390625000      0.921875000      0.157386184       4.90002036E-02  -2.21538544E-03
  0.421875000      0.921875000      0.173749045       4.51149568E-02  -4.60218545E-03
  0.453125000      0.921875000      0.188501269       4.11578864E-02  -6.95920829E-03
  0.484375000      0.921875000      0.201522231       3.71594653E-02  -9.15935729E-03
  0.515625000      0.921875000      0.212734759       3.31685394E-02  -1.10864714E-02
  0.546875000      0.921875000      0.222108692       2.92415619E-02  -1.26415249E-02
  0.578125000      0.921875000      0.229659021       2.54294742E-02  -1.37467161E-02
  0.609375000      0.921875000      0.235436857       2.17612609E-02  -1.43462699E-02
  0.640625000      0.921875000      0.239512071       1.82214417E-02  -1.44026820E-02
  0.671875000      0.921875000      0.241945758       1.47134140E-02  -1.38868885E-02
  0.703125000      0.921875000      0.242751211       1.09906141E-02  -1.27600366E-02
  0.734375000      0.921875000      0.241837591       6.49838848E-03  -1.09431017E-02
  0.765625000      0.921875000      0.238794282      -1.13555929E-04  -8.25976953E-03
  0.796875000      0.921875000      0.233391136      -1.10852113E-02  -4.36945539E-03
  0.828125000      0.921875000      0.224888355      -3.05999089E-02   2.22063391E-03
  0.859375000      0.921875000      0.210452288      -6.52055591E-02   1.34388739E-02
  0.890625000      0.921875000      0.184962258     -0.123663954       3.22843455E-02
  0.921875000      0.921875000      0.142171010     -0.215884477       6.18760139E-02
  0.953125000      0.921875000       7.99551085E-02 -0.346870124      0.101756856    
  0.984375000      0.921875000       2.21200660E-02 -0.440538198      0.137689874    
   1.56250000E-02  0.953125000      -1.57516524E-02  0.109316893      -1.36425607E-02
   4.68750000E-02  0.953125000      -2.49622464E-02   9.71491039E-02  -6.76048081E-03
   7.81250000E-02  0.953125000      -5.08555863E-03   7.98887834E-02  -1.45607290E-03
  0.109375000      0.953125000       2.31918022E-02   6.76240921E-02   2.47712294E-03
  0.140625000      0.953125000       5.30969352E-02   5.89181483E-02   5.14071621E-03
  0.171875000      0.953125000       8.26409459E-02   5.25559485E-02   6.75542979E-03
  0.203125000      0.953125000      0.111340553       4.77517508E-02   7.49597885E-03
  0.234375000      0.953125000      0.139039695       4.38512824E-02   7.44470395E-03
  0.265625000      0.953125000      0.165624559       4.05414589E-02   6.70854514E-03
  0.296875000      0.953125000      0.191032514       3.76242474E-02   5.39506972E-03
  0.328125000      0.953125000      0.215207249       3.49613763E-02   3.61390202E-03
  0.359375000      0.953125000      0.238082200       3.24548446E-02   1.48073107E-03
  0.390625000      0.953125000      0.259580344       3.00384462E-02  -8.81442160E-04
  0.421875000      0.953125000      0.279621720       2.76719965E-02  -3.34369275E-03
  0.453125000      0.953125000      0.298133492       2.53374502E-02  -5.77561557E-03
  0.484375000      0.953125000      0.315059662       2.30344161E-02  -8.05129483E-03
  0.515625000      0.953125000      0.330368340       2.07748450E-02  -1.00555792E-02
  0.546875000      0.953125000      0.344055623       1.85769275E-02  -1.16896220E-02
  0.578125000      0.953125000      0.356144369       1.64578706E-02  -1.28742335E-02
  0.609375000      0.953125000      0.366677046       1.44245578E-02  -1.35494778E-02
  0.640625000      0.953125000      0.375700593       1.24604087E-02  -1.36690438E-02
  0.671875000      0.953125000      0.383239925       1.05008055E-02  -1.31861344E-02
  0.703125000      0.953125000      0.389254928       8.37981049E-03  -1.20253246E-02
  0.734375000      0.953125000      0.393584907       5.68681024E-03  -1.00279395E-02
  0.765625000      0.953125000      0.395935833       1.38066558E-03  -6.85399584E-03
  0.796875000      0.953125000      0.395342290      -6.59523811E-03  -1.59825059E-03
  0.828125000      0.953125000      0.389353812      -2.06120927E-02   7.45975599E-03
  0.859375000      0.953125000      0.373360962      -4.47775275E-02   2.31853314E-02
  0.890625000      0.953125000      0.339934468      -8.51866454E-02   4.99442071E-02
  0.921875000      0.953125000      0.278944045     -0.150589272       9.30282176E-02
  0.953125000      0.953125000      0.180819735     -0.251834810      0.155278131    
  0.984375000      0.953125000       6.07469715E-02 -0.357674748      0.222715586    
   1.56250000E-02  0.984375000       6.25306740E-02   6.25329539E-02  -3.11959274E-02
   4.68750000E-02  0.984375000      0.170358390       4.53018136E-02  -6.01314940E-03
   7.81250000E-02  0.984375000      0.248927027       3.32751013E-02   2.10482464E-03
  0.109375000      0.984375000      0.308536768       2.63400581E-02   5.94947860E-03
  0.140625000      0.984375000      0.356851041       2.19769925E-02   8.16715229E-03
  0.171875000      0.984375000      0.397814751       1.89875979E-02   9.38679930E-03
  0.203125000      0.984375000      0.433619082       1.68163721E-02   9.80907120E-03
  0.234375000      0.984375000      0.465572208       1.51355192E-02   9.51295532E-03
  0.265625000      0.984375000      0.494477600       1.37681989E-02   8.58228467E-03
  0.296875000      0.984375000      0.520858049       1.26103098E-02   7.10924203E-03
  0.328125000      0.984375000      0.545064926       1.15946569E-02   5.19408565E-03
  0.359375000      0.984375000      0.567337036       1.06754936E-02   2.94626900E-03
  0.390625000      0.984375000      0.587836206       9.82169155E-03   4.83773474E-04
  0.421875000      0.984375000      0.606672525       9.01264325E-03  -2.06830911E-03
  0.453125000      0.984375000      0.623923302       8.23622197E-03  -4.58314456E-03
  0.484375000      0.984375000      0.639648318       7.48689566E-03  -6.93762070E-03
  0.515625000      0.984375000      0.653900862       6.76384335E-03  -9.01864842E-03
  0.546875000      0.984375000      0.666735232       6.06895704E-03  -1.07286423E-02
  0.578125000      0.984375000      0.678210020       5.40460646E-03  -1.19878789E-02
  0.609375000      0.984375000      0.688386142       4.77064215E-03  -1.27336867E-02
  0.640625000      0.984375000      0.697317183       4.16016113E-03  -1.29134180E-02
  0.671875000      0.984375000      0.705027342       3.55047709E-03  -1.24650449E-02
  0.703125000      0.984375000      0.711457849       2.88143917E-03  -1.12761175E-02
  0.734375000      0.984375000      0.716321886       1.98522280E-03  -9.07580741E-03
  0.765625000      0.984375000      0.718675017       3.70658934E-04  -5.12414658E-03
  0.796875000      0.984375000      0.716357946      -2.68417248E-03   1.78354210E-03
  0.828125000      0.984375000      0.705739737      -7.92854466E-03   1.33745298E-02
  0.859375000      0.984375000      0.681032360      -1.67729743E-02   3.33058611E-02
  0.890625000      0.984375000      0.632754803      -3.14985588E-02   6.70245364E-02
  0.921875000      0.984375000      0.545353770      -5.58964312E-02  0.121774629    
  0.953125000      0.984375000      0.393194973      -9.62559134E-02  0.204861522    
  0.984375000      0.984375000      0.148467764     -0.148464888      0.316604137    
