 VARIABLES="X","Y","U","V","P"
 ZONE F=POINT, I=          32 , J=          32
   1.56250000E-02   1.56250000E-02  -3.68485198E-05   3.55910015E-05   4.74981684E-03
   4.68750000E-02   1.56250000E-02  -2.60374916E-04   1.84919045E-04   4.73458227E-03
   7.81250000E-02   1.56250000E-02  -7.36069051E-04   2.87198374E-04   4.72792797E-03
  0.109375000       1.56250000E-02  -1.36815512E-03   3.41201696E-04   4.73813619E-03
  0.140625000       1.56250000E-02  -2.07859511E-03   3.65457701E-04   4.76789288E-03
  0.171875000       1.56250000E-02  -2.82272371E-03   3.74813186E-04   4.81774565E-03
  0.203125000       1.56250000E-02  -3.57916392E-03   3.77709657E-04   4.88776760E-03
  0.234375000       1.56250000E-02  -4.33871616E-03   3.77880788E-04   4.97818366E-03
  0.265625000       1.56250000E-02  -5.09689096E-03   3.76307609E-04   5.08950464E-03
  0.296875000       1.56250000E-02  -5.84974885E-03   3.72560316E-04   5.22245839E-03
  0.328125000       1.56250000E-02  -6.59183227E-03   3.65544111E-04   5.37788495E-03
  0.359375000       1.56250000E-02  -7.31517375E-03   3.53843439E-04   5.55659458E-03
  0.390625000       1.56250000E-02  -8.00880603E-03   3.35868273E-04   5.75922430E-03
  0.421875000       1.56250000E-02  -8.65850225E-03   3.09942203E-04   5.98607492E-03
  0.453125000       1.56250000E-02  -9.24670603E-03   2.74395337E-04   6.23691594E-03
  0.484375000       1.56250000E-02  -9.75268707E-03   2.27713172E-04   6.51078578E-03
  0.515625000       1.56250000E-02  -1.01530198E-02   1.68715167E-04   6.80575334E-03
  0.546875000       1.56250000E-02  -1.04224514E-02   9.67386950E-05   7.11869588E-03
  0.578125000       1.56250000E-02  -1.05351107E-02   1.18445250E-05   7.44511839E-03
  0.609375000       1.56250000E-02  -1.04666632E-02  -8.44679962E-05   7.77807459E-03
  0.640625000       1.56250000E-02  -1.01946499E-02  -1.91831772E-04   8.10880680E-03
  0.671875000       1.56250000E-02  -9.70178656E-03  -3.05425987E-04   8.42822809E-03
  0.703125000       1.56250000E-02  -8.98253918E-03  -4.18309879E-04   8.72626342E-03
  0.734375000       1.56250000E-02  -8.04691855E-03  -5.21889422E-04   8.99272785E-03
  0.765625000       1.56250000E-02  -6.92330487E-03  -6.06401067E-04   9.21841711E-03
  0.796875000       1.56250000E-02  -5.66008640E-03  -6.61624712E-04   9.39628948E-03
  0.828125000       1.56250000E-02  -4.32568463E-03  -6.77754637E-04   9.52263549E-03
  0.859375000       1.56250000E-02  -3.00697517E-03  -6.46140426E-04   9.59795900E-03
  0.890625000       1.56250000E-02  -1.80651271E-03  -5.59726555E-04   9.62749589E-03
  0.921875000       1.56250000E-02  -8.38315056E-04  -4.14033799E-04   9.62132774E-03
  0.953125000       1.56250000E-02  -2.16179862E-04  -2.13660285E-04   9.59446188E-03
  0.984375000       1.56250000E-02  -2.63496986E-06  -4.16894909E-06   9.56746843E-03
   1.56250000E-02   4.68750000E-02  -1.98739071E-04   2.68290460E-04   4.76508401E-03
   4.68750000E-02   4.68750000E-02  -8.85220885E-04   8.55452672E-04   4.74952254E-03
   7.81250000E-02   4.68750000E-02  -2.05107732E-03   1.25037448E-03   4.74733952E-03
  0.109375000       4.68750000E-02  -3.51732876E-03   1.46837952E-03   4.76158690E-03
  0.140625000       4.68750000E-02  -5.14925784E-03   1.57250545E-03   4.79382044E-03
  0.171875000       4.68750000E-02  -6.86036702E-03   1.61470694E-03   4.84476611E-03
  0.203125000       4.68750000E-02  -8.60092696E-03   1.62640156E-03   4.91491240E-03
  0.234375000       4.68750000E-02  -1.03432955E-02   1.62262283E-03   5.00480272E-03
  0.265625000       4.68750000E-02  -1.20701389E-02   1.60808151E-03   5.11511741E-03
  0.296875000       4.68750000E-02  -1.37667824E-02   1.58181996E-03   5.24664763E-03
  0.328125000       4.68750000E-02  -1.54168289E-02   1.54001301E-03   5.40023297E-03
  0.359375000       4.68750000E-02  -1.69998482E-02   1.47741719E-03   5.57666179E-03
  0.390625000       4.68750000E-02  -1.84902474E-02   1.38807343E-03   5.77655155E-03
  0.421875000       4.68750000E-02  -1.98567733E-02   1.26573909E-03   6.00020168E-03
  0.453125000       4.68750000E-02  -2.10625567E-02   1.10433577E-03   6.24741241E-03
  0.484375000       4.68750000E-02  -2.20656916E-02   8.98526516E-04   6.51727710E-03
  0.515625000       4.68750000E-02  -2.28204373E-02   6.44421438E-04   6.80794567E-03
  0.546875000       4.68750000E-02  -2.32791472E-02   3.40325147E-04   7.11640809E-03
  0.578125000       4.68750000E-02  -2.33946741E-02  -1.27299363E-05   7.43832905E-03
  0.609375000       4.68750000E-02  -2.31218934E-02  -4.10609558E-04   7.76631199E-03
  0.640625000       4.68750000E-02  -2.24231817E-02  -8.46201670E-04   8.09224416E-03
  0.671875000       4.68750000E-02  -2.12765746E-02  -1.30058557E-03   8.40694923E-03
  0.703125000       4.68750000E-02  -1.96817331E-02  -1.74749875E-03   8.70038196E-03
  0.734375000       4.68750000E-02  -1.76657960E-02  -2.15466740E-03   8.96243472E-03
  0.765625000       4.68750000E-02  -1.52880978E-02  -2.48547900E-03   9.18407738E-03
  0.796875000       4.68750000E-02  -1.26430206E-02  -2.70153768E-03   9.35858302E-03
  0.828125000       4.68750000E-02  -9.86038707E-03  -2.76577100E-03   9.48274881E-03
  0.859375000       4.68750000E-02  -7.10289925E-03  -2.64545786E-03   9.55777243E-03
  0.890625000       4.68750000E-02  -4.56021959E-03  -2.31493777E-03   9.58959758E-03
  0.921875000       4.68750000E-02  -2.43759085E-03  -1.76118629E-03   9.58848745E-03
  0.953125000       4.68750000E-02  -9.31656978E-04  -1.00602722E-03   9.56769567E-03
  0.984375000       4.68750000E-02  -1.77932219E-04  -1.88091479E-04   9.54101048E-03
   1.56250000E-02   7.81250000E-02  -3.28756665E-04   7.92596489E-04   4.77029895E-03
   4.68750000E-02   7.81250000E-02  -1.37810491E-03   2.05955817E-03   4.74961288E-03
   7.81250000E-02   7.81250000E-02  -3.05361534E-03   2.87918421E-03   4.74760029E-03
  0.109375000       7.81250000E-02  -5.09613007E-03   3.33985570E-03   4.76340577E-03
  0.140625000       7.81250000E-02  -7.33908638E-03   3.56733426E-03   4.79686726E-03
  0.171875000       7.81250000E-02  -9.67802852E-03   3.66121624E-03   4.84818686E-03
  0.203125000       7.81250000E-02  -1.20498482E-02   3.68345506E-03   4.91784234E-03
  0.234375000       7.81250000E-02  -1.44159924E-02   3.66522977E-03   5.00650844E-03
  0.265625000       7.81250000E-02  -1.67498961E-02   3.61740729E-03   5.11500146E-03
  0.296875000       7.81250000E-02  -1.90286115E-02   3.53911892E-03   5.24422759E-03
  0.328125000       7.81250000E-02  -2.12277491E-02   3.42325913E-03   5.39512839E-03
  0.359375000       7.81250000E-02  -2.33186502E-02   3.25953495E-03   5.56860678E-03
  0.390625000       7.81250000E-02  -2.52669230E-02   3.03608272E-03   5.76541899E-03
  0.421875000       7.81250000E-02  -2.70317961E-02   2.74051074E-03   5.98605257E-03
  0.453125000       7.81250000E-02  -2.85661332E-02   2.36090156E-03   6.23053359E-03
  0.484375000       7.81250000E-02  -2.98171099E-02   1.88701623E-03   6.49821712E-03
  0.515625000       7.81250000E-02  -3.07275709E-02   1.31172617E-03   6.78751990E-03
  0.546875000       7.81250000E-02  -3.12382113E-02   6.32553245E-04   7.09563401E-03
  0.578125000       7.81250000E-02  -3.12905833E-02  -1.47237879E-04   7.41826557E-03
  0.609375000       7.81250000E-02  -3.08313183E-02  -1.01860263E-03   7.74794165E-03
  0.640625000       7.81250000E-02  -2.98199356E-02  -1.95893785E-03   8.07671621E-03
  0.671875000       7.81250000E-02  -2.82361992E-02  -2.92889494E-03   8.39487184E-03
  0.703125000       7.81250000E-02  -2.60857679E-02  -3.87508981E-03   8.69172905E-03
  0.734375000       7.81250000E-02  -2.34072730E-02  -4.73197363E-03   8.95648543E-03
  0.765625000       7.81250000E-02  -2.02784315E-02  -5.42500336E-03   9.17946268E-03
  0.796875000       7.81250000E-02  -1.68198757E-02  -5.87579980E-03   9.35354084E-03
  0.828125000       7.81250000E-02  -1.31953750E-02  -6.00876100E-03   9.47552361E-03
  0.859375000       7.81250000E-02  -9.60726850E-03  -5.75824175E-03   9.54713020E-03
  0.890625000       7.81250000E-02  -6.28649583E-03  -5.07591851E-03   9.57512856E-03
  0.921875000       7.81250000E-02  -3.47693427E-03  -3.94285051E-03   9.57036112E-03
  0.953125000       7.81250000E-02  -1.41381437E-03  -2.40397733E-03   9.54546779E-03
  0.984375000       7.81250000E-02  -2.98478961E-04  -6.67987624E-04   9.51139815E-03
   1.56250000E-02  0.109375000      -4.16499883E-04   1.53480005E-03   4.75323433E-03
   4.68750000E-02  0.109375000      -1.71937735E-03   3.66236782E-03   4.72750794E-03
   7.81250000E-02  0.109375000      -3.75482161E-03   4.97906562E-03   4.72406484E-03
  0.109375000      0.109375000      -6.19473448E-03   5.71419485E-03   4.73977253E-03
  0.140625000      0.109375000      -8.84640962E-03   6.07938599E-03   4.77316044E-03
  0.171875000      0.109375000      -1.15953404E-02   6.22871751E-03   4.82385512E-03
  0.203125000      0.109375000      -1.43728573E-02   6.25691144E-03   4.89216484E-03
  0.234375000      0.109375000      -1.71357132E-02   6.21239655E-03   4.97878809E-03
  0.265625000      0.109375000      -1.98527761E-02   6.11288846E-03   5.08464128E-03
  0.296875000      0.109375000      -2.24966239E-02   5.95794898E-03   5.21077495E-03
  0.328125000      0.109375000      -2.50384603E-02   5.73720364E-03   5.35830017E-03
  0.359375000      0.109375000      -2.74452120E-02   5.43503789E-03   5.52833220E-03
  0.390625000      0.109375000      -2.96778828E-02   5.03320713E-03   5.72190527E-03
  0.421875000      0.109375000      -3.16907167E-02   4.51256847E-03   5.93984593E-03
  0.453125000      0.109375000      -3.34310569E-02   3.85470386E-03   6.18257513E-03
  0.484375000      0.109375000      -3.48398313E-02   3.04378523E-03   6.44987915E-03
  0.515625000      0.109375000      -3.58527824E-02   2.06884556E-03   6.74059801E-03
  0.546875000      0.109375000      -3.64027955E-02   9.26283887E-04   7.05225579E-03
  0.578125000      0.109375000      -3.64235826E-02  -3.77721095E-04   7.38066901E-03
  0.609375000      0.109375000      -3.58557627E-02  -1.82500482E-03   7.71839544E-03
  0.640625000      0.109375000      -3.46542336E-02  -3.37494863E-03   8.05693865E-03
  0.671875000      0.109375000      -3.27948630E-02  -4.96498868E-03   8.38574488E-03
  0.703125000      0.109375000      -3.02821528E-02  -6.51046820E-03   8.69295932E-03
  0.734375000      0.109375000      -2.71584373E-02  -7.90643319E-03   8.96643102E-03
  0.765625000      0.109375000      -2.35124677E-02  -9.03236959E-03   9.19514429E-03
  0.796875000      0.109375000      -1.94853041E-02  -9.76074673E-03   9.37099755E-03
  0.828125000      0.109375000      -1.52709298E-02  -9.96913575E-03   9.49049369E-03
  0.859375000      0.109375000      -1.11090001E-02  -9.55447182E-03   9.55594145E-03
  0.890625000      0.109375000      -7.26864021E-03  -8.44771229E-03   9.57547594E-03
  0.921875000      0.109375000      -4.02582763E-03  -6.63078250E-03   9.56157409E-03
  0.953125000      0.109375000      -1.64134928E-03  -4.17162245E-03   9.52804089E-03
  0.984375000      0.109375000      -3.47368390E-04  -1.31692505E-03   9.48621146E-03
   1.56250000E-02  0.140625000      -4.71720967E-04   2.42009433E-03   4.70690057E-03
   4.68750000E-02  0.140625000      -1.94075832E-03   5.54199982E-03   4.67734924E-03
   7.81250000E-02  0.140625000      -4.21919022E-03   7.40529783E-03   4.67208726E-03
  0.109375000      0.140625000      -6.92843460E-03   8.42926279E-03   4.68671788E-03
  0.140625000      0.140625000      -9.85418074E-03   8.93392414E-03   4.71896166E-03
  0.171875000      0.140625000      -1.28745008E-02   9.13559832E-03   4.76803537E-03
  0.203125000      0.140625000      -1.59184635E-02   9.16367210E-03   4.83410060E-03
  0.234375000      0.140625000      -1.89418104E-02   9.08403471E-03   4.91785537E-03
  0.265625000      0.140625000      -2.19124462E-02   8.92120786E-03   5.02030924E-03
  0.296875000      0.140625000      -2.48018540E-02   8.67518596E-03   5.14266780E-03
  0.328125000      0.140625000      -2.75800638E-02   8.33229814E-03   5.28626749E-03
  0.359375000      0.140625000      -3.02126706E-02   7.87147600E-03   5.45251835E-03
  0.390625000      0.140625000      -3.26590613E-02   7.26777036E-03   5.64283086E-03
  0.421875000      0.140625000      -3.48713249E-02   6.49472792E-03   5.85849117E-03
  0.453125000      0.140625000      -3.67937498E-02   5.52658085E-03   6.10044133E-03
  0.484375000      0.140625000      -3.83629389E-02   4.34080651E-03   6.36904966E-03
  0.515625000      0.140625000      -3.95087376E-02   2.92130117E-03   6.66372338E-03
  0.546875000      0.140625000      -4.01563421E-02   1.26216281E-03   6.98250718E-03
  0.578125000      0.140625000      -4.02302220E-02  -6.27921429E-04   7.32153794E-03
  0.609375000      0.140625000      -3.96602154E-02  -2.72099487E-03   7.67319463E-03
  0.640625000      0.140625000      -3.83885093E-02  -4.95967828E-03   8.02799128E-03
  0.671875000      0.140625000      -3.63776349E-02  -7.25690555E-03   8.37421790E-03
  0.703125000      0.140625000      -3.36211361E-02  -9.49299708E-03   8.69835354E-03
  0.734375000      0.140625000      -3.01563945E-02  -1.15165394E-02   8.98623653E-03
  0.765625000      0.140625000      -2.60776356E-02  -1.31503642E-02   9.22480039E-03
  0.796875000      0.140625000      -2.15461925E-02  -1.42043103E-02   9.40431841E-03
  0.828125000      0.140625000      -1.67935342E-02  -1.44955795E-02   9.52069275E-03
  0.859375000      0.140625000      -1.21116415E-02  -1.38752349E-02   9.57703684E-03
  0.890625000      0.140625000      -7.82700256E-03  -1.22559909E-02   9.58375260E-03
  0.921875000      0.140625000      -4.26162081E-03  -9.63550061E-03   9.55643039E-03
  0.953125000      0.140625000      -1.69585901E-03  -6.12290017E-03   9.51188523E-03
  0.984375000      0.140625000      -3.47176945E-04  -2.01400998E-03   9.46364552E-03
   1.56250000E-02  0.171875000      -5.05017699E-04   3.39402538E-03   4.62735957E-03
   4.68750000E-02  0.171875000      -2.07871990E-03   7.60405976E-03   4.59511857E-03
   7.81250000E-02  0.171875000      -4.51638829E-03   1.00516193E-02   4.58804285E-03
  0.109375000      0.171875000      -7.40624964E-03   1.13745760E-02   4.60101664E-03
  0.140625000      0.171875000      -1.05177425E-02   1.20184952E-02   4.63129953E-03
  0.171875000      0.171875000      -1.37232458E-02   1.22695398E-02   4.67788242E-03
  0.203125000      0.171875000      -1.69511102E-02   1.22942850E-02   4.74084867E-03
  0.234375000      0.171875000      -2.01581568E-02   1.21765984E-02   4.82092984E-03
  0.265625000      0.171875000      -2.33138092E-02   1.19477864E-02   4.91924118E-03
  0.296875000      0.171875000      -2.63910890E-02   1.16081713E-02   5.03716897E-03
  0.328125000      0.171875000      -2.93614455E-02   1.11406762E-02   5.17631089E-03
  0.359375000      0.171875000      -3.21916603E-02   1.05185276E-02   5.33842808E-03
  0.390625000      0.171875000      -3.48418057E-02   9.70957242E-03   5.52537665E-03
  0.421875000      0.171875000      -3.72637659E-02   8.67914315E-03   5.73897315E-03
  0.453125000      0.171875000      -3.94002050E-02   7.39273941E-03   5.98079572E-03
  0.484375000      0.171875000      -4.11840603E-02   5.81925083E-03   6.25190744E-03
  0.515625000      0.171875000      -4.25387993E-02   3.93503997E-03   6.55245828E-03
  0.546875000      0.171875000      -4.33799252E-02   1.72918569E-03   6.88121747E-03
  0.578125000      0.171875000      -4.36182171E-02  -7.89935817E-04   7.23496079E-03
  0.609375000      0.171875000      -4.31652665E-02  -3.58792255E-03   7.60590751E-03
  0.640625000      0.171875000      -4.19411063E-02  -6.59322785E-03   7.98317045E-03
  0.671875000      0.171875000      -3.98843251E-02  -9.69416089E-03   8.35363381E-03
  0.703125000      0.171875000      -3.69662046E-02  -1.27321742E-02   8.70162621E-03
  0.734375000      0.171875000      -3.32085751E-02  -1.55005362E-02   9.01023019E-03
  0.765625000      0.171875000      -2.87035611E-02  -1.77504290E-02   9.26340278E-03
  0.796875000      0.171875000      -2.36316770E-02  -1.92079507E-02   9.44892690E-03
  0.828125000      0.171875000      -1.82716846E-02  -1.96056217E-02   9.56157409E-03
  0.859375000      0.171875000      -1.29918158E-02  -1.87290423E-02   9.60546825E-03
  0.890625000      0.171875000      -8.21082015E-03  -1.64710917E-02   9.59439017E-03
  0.921875000      0.171875000      -4.32745554E-03  -1.28734084E-02   9.54893790E-03
  0.953125000      0.171875000      -1.64327340E-03  -8.14001448E-03   9.49092023E-03
  0.984375000      0.171875000      -3.15202778E-04  -2.67828070E-03   9.43723880E-03
   1.56250000E-02  0.203125000      -5.24475996E-04   4.42082435E-03   4.51251119E-03
   4.68750000E-02  0.203125000      -2.16282392E-03   9.78280976E-03   4.47835866E-03
   7.81250000E-02  0.203125000      -4.70412336E-03   1.28444368E-02   4.46951622E-03
  0.109375000      0.203125000      -7.71631999E-03   1.44767463E-02   4.48041921E-03
  0.140625000      0.203125000      -1.09576564E-02   1.52622629E-02   4.50807996E-03
  0.171875000      0.203125000      -1.42965987E-02   1.55634172E-02   4.55138553E-03
  0.203125000      0.203125000      -1.76618807E-02   1.55868214E-02   4.61042160E-03
  0.234375000      0.203125000      -2.10127607E-02   1.54353352E-02   4.68598446E-03
  0.265625000      0.203125000      -2.43219621E-02   1.51473191E-02   4.77932207E-03
  0.296875000      0.203125000      -2.75660865E-02   1.47234648E-02   4.89202607E-03
  0.328125000      0.203125000      -3.07201836E-02   1.41431699E-02   5.02597447E-03
  0.359375000      0.203125000      -3.37543972E-02   1.33736115E-02   5.18330932E-03
  0.390625000      0.203125000      -3.66315208E-02   1.23746749E-02   5.36635285E-03
  0.421875000      0.203125000      -3.93049531E-02   1.11021493E-02   5.57750929E-03
  0.453125000      0.203125000      -4.17168997E-02   9.51077789E-03   5.81905711E-03
  0.484375000      0.203125000      -4.37969714E-02   7.55798956E-03   6.09286828E-03
  0.515625000      0.203125000      -4.54614386E-02   5.20888437E-03   6.40002359E-03
  0.546875000      0.203125000      -4.66135666E-02   2.44284840E-03   6.74027903E-03
  0.578125000      0.203125000      -4.71454933E-02  -7.37813651E-04   7.11144321E-03
  0.609375000      0.203125000      -4.69433106E-02  -4.29797918E-03   7.50635611E-03
  0.640625000      0.203125000      -4.58960533E-02  -8.15576036E-03   7.91211519E-03
  0.671875000      0.203125000      -4.39075679E-02  -1.21766292E-02   8.31407681E-03
  0.703125000      0.203125000      -4.09136899E-02  -1.61604080E-02   8.69396701E-03
  0.734375000      0.203125000      -3.69059369E-02  -1.98359676E-02   9.03123431E-03
  0.765625000      0.203125000      -3.19597572E-02  -2.28647776E-02   9.30563360E-03
  0.796875000      0.203125000      -2.62650363E-02  -2.48598550E-02   9.50106885E-03
  0.828125000      0.203125000      -2.01508440E-02  -2.54292265E-02   9.61014163E-03
  0.859375000      0.203125000      -1.40871648E-02  -2.42523160E-02   9.63791553E-03
  0.890625000      0.203125000      -8.63623340E-03  -2.11849734E-02   9.60281305E-03
  0.921875000      0.203125000      -4.33247443E-03  -1.63530800E-02   9.53280088E-03
  0.953125000      0.203125000      -1.52234291E-03  -1.01612983E-02   9.45721939E-03
  0.984375000      0.203125000      -2.58589309E-04  -3.25334165E-03   9.39776935E-03
   1.56250000E-02  0.234375000      -5.35552856E-04   5.47826709E-03   4.36140224E-03
   4.68750000E-02  0.234375000      -2.21387274E-03   1.20357946E-02   4.32578241E-03
   7.81250000E-02  0.234375000      -4.82400833E-03   1.57358255E-02   4.31512157E-03
  0.109375000      0.234375000      -7.92211853E-03   1.76889934E-02   4.32356447E-03
  0.140625000      0.234375000      -1.12592205E-02   1.86220072E-02   4.34797257E-03
  0.171875000      0.234375000      -1.47015788E-02   1.89786423E-02   4.38720873E-03
  0.203125000      0.234375000      -1.81793272E-02   1.90083832E-02   4.44140797E-03
  0.234375000      0.234375000      -2.16552690E-02   1.88344531E-02   4.51146346E-03
  0.265625000      0.234375000      -2.51068380E-02   1.85029116E-02   4.59876750E-03
  0.296875000      0.234375000      -2.85159722E-02   1.80150978E-02   4.70511243E-03
  0.328125000      0.234375000      -3.18633392E-02   1.73469186E-02   4.83267149E-03
  0.359375000      0.234375000      -3.51245701E-02   1.64591558E-02   4.98394761E-03
  0.390625000      0.234375000      -3.82673480E-02   1.53028332E-02   5.16172871E-03
  0.421875000      0.234375000      -4.12485823E-02   1.38225378E-02   5.36901597E-03
  0.453125000      0.234375000      -4.40116227E-02   1.19595919E-02   5.60881849E-03
  0.484375000      0.234375000      -4.64836657E-02   9.65616480E-03   5.88392280E-03
  0.515625000      0.234375000      -4.85736728E-02   6.86108414E-03   6.19651936E-03
  0.546875000      0.234375000      -5.01713790E-02   3.53776058E-03   6.54766615E-03
  0.578125000      0.234375000      -5.11477888E-02  -3.25437781E-04   6.93664514E-03
  0.609375000      0.234375000      -5.13582677E-02  -4.70128283E-03   7.35907163E-03
  0.640625000      0.234375000      -5.06533235E-02  -9.50231869E-03   7.79889943E-03
  0.671875000      0.234375000      -4.88918982E-02  -1.45766642E-02   8.24014563E-03
  0.703125000      0.234375000      -4.59590703E-02  -1.96834616E-02   8.66158213E-03
  0.734375000      0.234375000      -4.17946279E-02  -2.44819857E-02   9.03807208E-03
  0.765625000      0.234375000      -3.64303514E-02  -2.85273921E-02   9.34348814E-03
  0.796875000      0.234375000      -3.00378799E-02  -3.12846415E-02   9.55574680E-03
  0.828125000      0.234375000      -2.29802970E-02  -3.21790650E-02   9.66332946E-03
  0.859375000      0.234375000      -1.58435982E-02  -3.07087060E-02   9.67150647E-03
  0.890625000      0.234375000      -9.39744897E-03  -2.66343318E-02   9.60457604E-03
  0.921875000      0.234375000      -4.41726018E-03  -2.01980527E-02   9.50083323E-03
  0.953125000      0.234375000      -1.37218146E-03  -1.21815614E-02   9.40066203E-03
  0.984375000      0.234375000      -1.80845411E-04  -3.69362044E-03   9.33294557E-03
   1.56250000E-02  0.265625000      -5.41570480E-04   6.55291602E-03   4.17381339E-03
   4.68750000E-02  0.265625000      -2.24497402E-03   1.43369026E-02   4.13692137E-03
   7.81250000E-02  0.265625000      -4.90282848E-03   1.86959915E-02   4.12428239E-03
  0.109375000      0.265625000      -8.06464348E-03   2.09824704E-02   4.12980933E-03
  0.140625000      0.265625000      -1.14769209E-02   2.20718756E-02   4.15027468E-03
  0.171875000      0.265625000      -1.50051052E-02   2.24934109E-02   4.18454548E-03
  0.203125000      0.265625000      -1.85816810E-02   2.25421358E-02   4.23282152E-03
  0.234375000      0.265625000      -2.21739933E-02   2.23632753E-02   4.29610303E-03
  0.265625000      0.265625000      -2.57654712E-02   2.20115762E-02   4.37591830E-03
  0.296875000      0.265625000      -2.93450542E-02   2.14896798E-02   4.47425619E-03
  0.328125000      0.265625000      -3.29010561E-02   2.07703114E-02   4.59352462E-03
  0.359375000      0.265625000      -3.64170186E-02   1.98077112E-02   4.73653944E-03
  0.390625000      0.265625000      -3.98681685E-02   1.85432192E-02   4.90650861E-03
  0.421875000      0.265625000      -4.32177074E-02   1.69084445E-02   5.10697905E-03
  0.453125000      0.265625000      -4.64128628E-02   1.48282405E-02   5.34169842E-03
  0.484375000      0.265625000      -4.93807867E-02   1.22250253E-02   5.61443903E-03
  0.515625000      0.265625000      -5.20248562E-02   9.02536511E-03   5.92867192E-03
  0.546875000      0.265625000      -5.42223565E-02   5.16949128E-03   6.28706813E-03
  0.578125000      0.265625000      -5.58244996E-02   6.23887870E-04   6.69079181E-03
  0.609375000      0.265625000      -5.66570871E-02  -4.60331142E-03   7.14159990E-03
  0.640625000      0.265625000      -5.65269217E-02  -1.04298741E-02   7.61955604E-03
  0.671875000      0.265625000      -5.52367046E-02  -1.66949108E-02   8.10761843E-03
  0.703125000      0.265625000      -5.26033640E-02  -2.31259260E-02   8.58154334E-03
  0.734375000      0.265625000      -4.84849885E-02  -2.93178819E-02   9.01076943E-03
  0.765625000      0.265625000      -4.28264476E-02  -3.47114094E-02   9.36136581E-03
  0.796875000      0.265625000      -3.57300229E-02  -3.85887027E-02   9.60220490E-03
  0.828125000      0.265625000      -2.75466181E-02  -4.01179269E-02   9.71433520E-03
  0.859375000      0.265625000      -1.89618245E-02  -3.84968296E-02   9.70112253E-03
  0.890625000      0.265625000      -1.10069420E-02  -3.32567431E-02   9.59351007E-03
  0.921875000      0.265625000      -4.85417433E-03  -2.47213170E-02   9.44370218E-03
  0.953125000      0.265625000      -1.27853022E-03  -1.42920632E-02   9.30773932E-03
  0.984375000      0.265625000      -9.23018306E-05  -3.96755757E-03   9.22578946E-03
   1.56250000E-02  0.296875000      -5.44322771E-04   7.63644930E-03   3.95003241E-03
   4.68750000E-02  0.296875000      -2.26342562E-03   1.66701991E-02   3.91192175E-03
   7.81250000E-02  0.296875000      -4.95581888E-03   2.17066016E-02   3.89703480E-03
  0.109375000      0.296875000      -8.16726685E-03   2.43392363E-02   3.89909325E-03
  0.140625000      0.296875000      -1.16413124E-02   2.55957954E-02   3.91479023E-03
  0.171875000      0.296875000      -1.52435303E-02   2.60943864E-02   3.94301256E-03
  0.203125000      0.296875000      -1.89095102E-02   2.61783190E-02   3.98402102E-03
  0.234375000      0.296875000      -2.26120334E-02   2.60166805E-02   4.03889874E-03
  0.265625000      0.296875000      -2.63417587E-02   2.56743133E-02   4.10928112E-03
  0.296875000      0.296875000      -3.00963223E-02   2.51562558E-02   4.19727387E-03
  0.328125000      0.296875000      -3.38739380E-02   2.44328175E-02   4.30544000E-03
  0.359375000      0.296875000      -3.76689024E-02   2.34520454E-02   4.43681190E-03
  0.390625000      0.296875000      -4.14674729E-02   2.21451968E-02   4.59490065E-03
  0.421875000      0.296875000      -4.52432744E-02   2.04294156E-02   4.78369184E-03
  0.453125000      0.296875000      -4.89520393E-02   1.82101689E-02   5.00760321E-03
  0.484375000      0.296875000      -5.25258258E-02   1.53854694E-02   5.27140033E-03
  0.515625000      0.296875000      -5.58673739E-02   1.18531082E-02   5.57997217E-03
  0.546875000      0.296875000      -5.88457957E-02   7.52211409E-03   5.93791017E-03
  0.578125000      0.296875000      -6.12956285E-02   2.32908758E-03   6.34864671E-03
  0.609375000      0.296875000      -6.30243719E-02  -3.73984920E-03   6.82173343E-03
  0.640625000      0.296875000      -6.37935251E-02  -1.06458534E-02   7.33815506E-03
  0.671875000      0.296875000      -6.33330569E-02  -1.82210058E-02   7.87797198E-03
  0.703125000      0.296875000      -6.13716915E-02  -2.61860415E-02   8.41447804E-03
  0.734375000      0.296875000      -5.76456487E-02  -3.40937003E-02   8.91166180E-03
  0.765625000      0.296875000      -5.19558638E-02  -4.12752703E-02   9.32621397E-03
  0.796875000      0.296875000      -4.42672446E-02  -4.68013585E-02   9.61440429E-03
  0.828125000      0.296875000      -3.48468870E-02  -4.95017618E-02   9.74469632E-03
  0.859375000      0.296875000      -2.44198330E-02  -4.81208451E-02   9.71384719E-03
  0.890625000      0.296875000      -1.42773110E-02  -4.17315252E-02   9.55833402E-03
  0.921875000      0.296875000      -6.14393596E-03  -3.05402819E-02   9.34800599E-03
  0.953125000      0.296875000      -1.42798363E-03  -1.67761408E-02   9.16003995E-03
  0.984375000      0.296875000      -2.19773283E-05  -4.08298289E-03   9.05245449E-03
   1.56250000E-02  0.328125000      -5.44611190E-04   8.72314163E-03   3.69074382E-03
   4.68750000E-02  0.328125000      -2.27267272E-03   1.90253183E-02   3.65138100E-03
   7.81250000E-02  0.328125000      -4.99035558E-03   2.47556325E-02   3.63388611E-03
  0.109375000      0.328125000      -8.24118871E-03   2.77470239E-02   3.63181857E-03
  0.140625000      0.328125000      -1.17663797E-02   2.91820168E-02   3.64178186E-03
  0.171875000      0.328125000      -1.54320579E-02   2.97709443E-02   3.66267050E-03
  0.203125000      0.328125000      -1.91774070E-02   2.99080946E-02   3.69477458E-03
  0.234375000      0.328125000      -2.29813866E-02   2.97886096E-02   3.73920146E-03
  0.265625000      0.328125000      -2.68430598E-02   2.94892825E-02   3.79762193E-03
  0.296875000      0.328125000      -3.07704769E-02   2.90191993E-02   3.87215940E-03
  0.328125000      0.328125000      -3.47742438E-02   2.83477753E-02   3.96539038E-03
  0.359375000      0.328125000      -3.88628431E-02   2.74179988E-02   4.08038823E-03
  0.390625000      0.328125000      -4.30380926E-02   2.61515714E-02   4.22077207E-03
  0.421875000      0.328125000      -4.72898558E-02   2.44506542E-02   4.39075520E-03
  0.453125000      0.328125000      -5.15896752E-02   2.21994333E-02   4.59524384E-03
  0.484375000      0.328125000      -5.58835045E-02   1.92678347E-02   4.83986456E-03
  0.515625000      0.328125000      -6.00842983E-02   1.55192222E-02   5.13093546E-03
  0.546875000      0.328125000      -6.40652627E-02   1.08233765E-02   5.47526451E-03
  0.578125000      0.328125000      -6.76534027E-02   5.07507473E-03   5.87982824E-03
  0.609375000      0.328125000      -7.06174970E-02  -1.78291835E-03   6.35206094E-03
  0.640625000      0.328125000      -7.26794675E-02  -9.76011809E-03   6.90137967E-03
  0.671875000      0.328125000      -7.35075921E-02  -1.87256839E-02   7.49037182E-03
  0.703125000      0.328125000      -7.27014989E-02  -2.84333713E-02   8.09342135E-03
  0.734375000      0.328125000      -6.98248148E-02  -3.84303145E-02   8.67115334E-03
  0.765625000      0.328125000      -6.44771829E-02  -4.79530953E-02   9.17114411E-03
  0.796875000      0.328125000      -5.64249307E-02  -5.58376908E-02   9.53424722E-03
  0.828125000      0.328125000      -4.57808897E-02  -6.05015457E-02   9.70978569E-03
  0.859375000      0.328125000      -3.32188345E-02  -6.00839928E-02   9.67892446E-03
  0.890625000      0.328125000      -2.01951060E-02  -5.29147424E-02   9.47718415E-03
  0.921875000      0.328125000      -9.02107544E-03  -3.86542119E-02   9.19385813E-03
  0.953125000      0.328125000      -2.14466755E-03  -2.02545691E-02   8.93329363E-03
  0.984375000      0.328125000      -2.63357069E-05  -4.13291296E-03   8.78037885E-03
   1.56250000E-02  0.359375000      -5.42711408E-04   9.80834663E-03   3.39698419E-03
   4.68750000E-02  0.359375000      -2.27403641E-03   2.13944986E-02   3.35629098E-03
   7.81250000E-02  0.359375000      -5.00930240E-03   2.78339311E-02   3.33578186E-03
  0.109375000      0.359375000      -8.29040911E-03   3.11956573E-02   3.32883862E-03
  0.140625000      0.359375000      -1.18560940E-02   3.28194648E-02   3.33197834E-03
  0.171875000      0.359375000      -1.55729391E-02   3.35113183E-02   3.34405387E-03
  0.203125000      0.359375000      -1.93838850E-02   3.37194502E-02   3.36533040E-03
  0.234375000      0.359375000      -2.32745558E-02   3.36676128E-02   3.39687360E-03
  0.265625000      0.359375000      -2.72533800E-02   3.34469303E-02   3.44025157E-03
  0.296875000      0.359375000      -3.13405395E-02   3.30729596E-02   3.49744409E-03
  0.328125000      0.359375000      -3.55616584E-02   3.25166658E-02   3.57084721E-03
  0.359375000      0.359375000      -3.99432853E-02   3.17183547E-02   3.66332033E-03
  0.390625000      0.359375000      -4.45083380E-02   3.05921957E-02   3.77828348E-03
  0.421875000      0.359375000      -4.92704660E-02   2.90266424E-02   3.91982822E-03
  0.453125000      0.359375000      -5.42267412E-02   2.68845782E-02   4.09293547E-03
  0.484375000      0.359375000      -5.93486391E-02   2.40058452E-02   4.30366537E-03
  0.515625000      0.359375000      -6.45713657E-02   2.02144049E-02   4.55934554E-03
  0.546875000      0.359375000      -6.97818026E-02   1.53311444E-02   4.86846827E-03
  0.578125000      0.359375000      -7.48052374E-02   9.19196010E-03   5.24019636E-03
  0.609375000      0.359375000      -7.93955028E-02   1.66786881E-03   5.68247028E-03
  0.640625000      0.359375000      -8.32289681E-02  -7.29917176E-03   6.23489125E-03
  0.671875000      0.359375000      -8.58530700E-02  -1.77122541E-02   6.85304357E-03
  0.703125000      0.359375000      -8.66956562E-02  -2.93821543E-02   7.51091726E-03
  0.734375000      0.359375000      -8.51197988E-02  -4.18979302E-02   8.17080121E-03
  0.765625000      0.359375000      -8.04944634E-02  -5.44138700E-02   8.77534412E-03
  0.796875000      0.359375000      -7.23629147E-02  -6.55093640E-02   9.25002806E-03
  0.828125000      0.359375000      -6.06453270E-02  -7.31366724E-02   9.51838028E-03
  0.859375000      0.359375000      -4.58768569E-02  -7.47253075E-02   9.53203626E-03
  0.890625000      0.359375000      -2.95110755E-02  -6.76142648E-02   9.30890627E-03
  0.921875000      0.359375000      -1.42628066E-02  -5.03384173E-02   8.95096548E-03
  0.953125000      0.359375000      -3.86342453E-03  -2.58228686E-02   8.59693345E-03
  0.984375000      0.359375000      -1.90008563E-04  -4.35062870E-03   8.36702809E-03
   1.56250000E-02  0.390625000      -5.38745779E-04   1.08878082E-02   3.07014422E-03
   4.68750000E-02  0.390625000      -2.26809597E-03   2.37710867E-02   3.02802771E-03
   7.81250000E-02  0.390625000      -5.01377508E-03   3.09333298E-02   3.00406688E-03
  0.109375000      0.390625000      -8.31590220E-03   3.46749760E-02   2.99146562E-03
  0.140625000      0.390625000      -1.19099244E-02   3.64955254E-02   2.98662414E-03
  0.171875000      0.390625000      -1.56622753E-02   3.73001993E-02   2.98829284E-03
  0.203125000      0.390625000      -1.95193775E-02   3.75945196E-02   2.99663702E-03
  0.234375000      0.390625000      -2.34736614E-02   3.76337916E-02   3.01254820E-03
  0.265625000      0.390625000      -2.75436006E-02   3.75264548E-02   3.03733535E-03
  0.296875000      0.390625000      -3.17629091E-02   3.72977853E-02   3.07263061E-03
  0.328125000      0.390625000      -3.61747444E-02   3.69239673E-02   3.12036276E-03
  0.359375000      0.390625000      -4.08278443E-02   3.63466516E-02   3.18282377E-03
  0.390625000      0.390625000      -4.57726270E-02   3.54767330E-02   3.26278084E-03
  0.421875000      0.390625000      -5.10559008E-02   3.41930054E-02   3.36363330E-03
  0.453125000      0.390625000      -5.67132756E-02   3.23400609E-02   3.48971249E-03
  0.484375000      0.390625000      -6.27582073E-02   2.97280438E-02   3.64667410E-03
  0.515625000      0.390625000      -6.91664517E-02   2.61364840E-02   3.84187838E-03
  0.546875000      0.390625000      -7.58545846E-02   2.13231314E-02   4.08465834E-03
  0.578125000      0.390625000      -8.26518983E-02   1.50385108E-02   4.38632304E-03
  0.609375000      0.390625000      -8.92673731E-02   7.04756612E-03   4.75989562E-03
  0.640625000      0.390625000      -9.52532887E-02  -2.83567561E-03   5.23122400E-03
  0.671875000      0.390625000     -0.100018002      -1.47547331E-02   5.83742466E-03
  0.703125000      0.390625000     -0.102835432      -2.86357589E-02   6.51190896E-03
  0.734375000      0.390625000     -0.102853924      -4.41478379E-02   7.23408861E-03
  0.765625000      0.390625000      -9.92237777E-02  -6.03574216E-02   7.95256998E-03
  0.796875000      0.390625000      -9.12878364E-02  -7.55662322E-02   8.58240854E-03
  0.828125000      0.390625000      -7.87722170E-02  -8.72437432E-02   9.01631732E-03
  0.859375000      0.390625000      -6.20078817E-02  -9.20815691E-02   9.15868860E-03
  0.890625000      0.390625000      -4.22660634E-02  -8.62978697E-02   8.98106210E-03
  0.921875000      0.390625000      -2.23244280E-02  -6.67819232E-02   8.57276749E-03
  0.953125000      0.390625000      -7.01063592E-03  -3.50419059E-02   8.11170973E-03
  0.984375000      0.390625000      -6.27015892E-04  -5.16712572E-03   7.75906350E-03
   1.56250000E-02  0.421875000      -5.32971579E-04   1.19576417E-02   2.71197781E-03
   4.68750000E-02  0.421875000      -2.25583604E-03   2.61492319E-02   2.66832509E-03
   7.81250000E-02  0.421875000      -5.00540622E-03   3.40460353E-02   2.64049508E-03
  0.109375000      0.421875000      -8.31899047E-03   3.81740108E-02   2.62149400E-03
  0.140625000      0.421875000      -1.19272862E-02   4.01949845E-02   2.60754162E-03
  0.171875000      0.421875000      -1.56954471E-02   4.11174968E-02   2.59723398E-03
  0.203125000      0.421875000      -1.95726641E-02   4.15079966E-02   2.59049376E-03
  0.234375000      0.421875000      -2.35578604E-02   4.16567512E-02   2.58789700E-03
  0.265625000      0.421875000      -2.76796781E-02   4.16930541E-02   2.59029446E-03
  0.296875000      0.421875000      -3.19861919E-02   4.16560359E-02   2.59869359E-03
  0.328125000      0.421875000      -3.65400389E-02   4.15320843E-02   2.61421292E-03
  0.359375000      0.421875000      -4.14158776E-02   4.12702858E-02   2.63810786E-03
  0.390625000      0.421875000      -4.66980338E-02   4.07853983E-02   2.67183431E-03
  0.421875000      0.421875000      -5.24765626E-02   3.99544090E-02   2.71722698E-03
  0.453125000      0.421875000      -5.88397607E-02   3.86105552E-02   2.77679553E-03
  0.484375000      0.421875000      -6.58597946E-02   3.65368463E-02   2.85419845E-03
  0.515625000      0.421875000      -7.35669732E-02   3.34603302E-02   2.95490213E-03
  0.546875000      0.421875000      -8.19087625E-02   2.90494002E-02   3.08698276E-03
  0.578125000      0.421875000      -9.06953812E-02   2.29201280E-02   3.26202484E-03
  0.609375000      0.421875000      -9.95468721E-02   1.46627147E-02   3.49562941E-03
  0.640625000      0.421875000     -0.107873492       3.89716541E-03   3.80572374E-03
  0.671875000      0.421875000     -0.114927396      -9.62597504E-03   4.29401547E-03
  0.703125000      0.421875000     -0.119799182      -2.60228924E-02   4.90722340E-03
  0.734375000      0.421875000     -0.121473014      -4.50108983E-02   5.64124342E-03
  0.765625000      0.421875000     -0.118972704      -6.55668378E-02   6.46593701E-03
  0.796875000      0.421875000     -0.111497581      -8.57115090E-02   7.29535939E-03
  0.828125000      0.421875000      -9.85929817E-02 -0.102462865       7.98953231E-03
  0.859375000      0.421875000      -8.03327784E-02 -0.111828879       8.38780869E-03
  0.890625000      0.421875000      -5.76530769E-02 -0.108909443       8.37847032E-03
  0.921875000      0.421875000      -3.30529623E-02  -8.86456072E-02   7.98981450E-03
  0.953125000      0.421875000      -1.18669719E-02  -4.96128164E-02   7.42349029E-03
  0.984375000      0.421875000      -1.51068950E-03  -7.30125606E-03   6.89557614E-03
   1.56250000E-02  0.453125000      -5.26039745E-04   1.30148651E-02   2.32458790E-03
   4.68750000E-02  0.453125000      -2.23958958E-03   2.85245627E-02   2.27926113E-03
   7.81250000E-02  0.453125000      -4.98822238E-03   3.71650755E-02   2.24720361E-03
  0.109375000      0.453125000      -8.30420014E-03   4.16811258E-02   2.22119968E-03
  0.140625000      0.453125000      -1.19112600E-02   4.38999347E-02   2.19721254E-03
  0.171875000      0.453125000      -1.56716928E-02   4.49379161E-02   2.17354833E-03
  0.203125000      0.453125000      -1.95363089E-02   4.54264469E-02   2.14977213E-03
  0.234375000      0.453125000      -2.35096067E-02   4.56944481E-02   2.12594634E-03
  0.265625000      0.453125000      -2.76297852E-02   4.58960570E-02   2.10223324E-03
  0.296875000      0.453125000      -3.19591127E-02   4.60890830E-02   2.07868638E-03
  0.328125000      0.453125000      -3.65803912E-02   4.62763533E-02   2.05519120E-03
  0.359375000      0.453125000      -4.15963568E-02   4.64225039E-02   2.03136029E-03
  0.390625000      0.453125000      -4.71297428E-02   4.64563519E-02   2.00651190E-03
  0.421875000      0.453125000      -5.33214882E-02   4.62646559E-02   1.97964837E-03
  0.453125000      0.453125000      -6.03229739E-02   4.56793755E-02   1.94966269E-03
  0.484375000      0.453125000      -6.82754517E-02   4.44583856E-02   1.91573787E-03
  0.515625000      0.453125000      -7.72684515E-02   4.22603339E-02   1.87831791E-03
  0.546875000      0.453125000      -8.72737467E-02   3.86217684E-02   1.84094266E-03
  0.578125000      0.453125000      -9.80657637E-02   3.29566710E-02   1.81334582E-03
  0.609375000      0.453125000     -0.109156981       2.46056840E-02   1.81569695E-03
  0.640625000      0.453125000     -0.119781286       1.29495915E-02   1.88241375E-03
  0.671875000      0.453125000     -0.128930986      -2.42709368E-03   2.06593564E-03
  0.703125000      0.453125000     -0.135581270      -2.16563549E-02   2.51288153E-03
  0.734375000      0.453125000     -0.138761044      -4.44894060E-02   3.17624700E-03
  0.765625000      0.453125000     -0.137454689      -6.98707998E-02   4.07551182E-03
  0.796875000      0.453125000     -0.130755633      -9.55642760E-02   5.13755064E-03
  0.828125000      0.453125000     -0.118032612     -0.118219823       6.19312655E-03
  0.859375000      0.453125000      -9.90528017E-02 -0.133286357       7.00470712E-03
  0.890625000      0.453125000      -7.42954165E-02 -0.134851366       7.34129269E-03
  0.921875000      0.453125000      -4.57239486E-02 -0.115825891       7.10576773E-03
  0.953125000      0.453125000      -1.85300279E-02  -7.07559809E-02   6.46645203E-03
  0.984375000      0.453125000      -3.10160406E-03  -1.19084269E-02   5.72924875E-03
   1.56250000E-02  0.484375000      -5.19232010E-04   1.40584074E-02   1.91040942E-03
   4.68750000E-02  0.484375000      -2.22394988E-03   3.08957323E-02   1.86323584E-03
   7.81250000E-02  0.484375000      -4.97038756E-03   4.02856469E-02   1.82673056E-03
  0.109375000      0.484375000      -8.28174781E-03   4.51849848E-02   1.79339177E-03
  0.140625000      0.484375000      -1.18718408E-02   4.75904197E-02   1.75881409E-03
  0.171875000      0.484375000      -1.55980997E-02   4.87313792E-02   1.72087969E-03
  0.203125000      0.484375000      -1.94113869E-02   4.93084602E-02   1.67861395E-03
  0.234375000      0.484375000      -2.33203247E-02   4.96929958E-02   1.63136609E-03
  0.265625000      0.484375000      -2.73711272E-02   5.00680506E-02   1.57832541E-03
  0.296875000      0.484375000      -3.16386521E-02   5.05152494E-02   1.51826662E-03
  0.328125000      0.484375000      -3.62243578E-02   5.10607474E-02   1.44934165E-03
  0.359375000      0.484375000      -4.12579887E-02   5.16940802E-02   1.36883452E-03
  0.390625000      0.484375000      -4.69003841E-02   5.23702316E-02   1.27285521E-03
  0.421875000      0.484375000      -5.33436015E-02   5.29991090E-02   1.15599588E-03
  0.453125000      0.484375000      -6.08013049E-02   5.34213632E-02   1.01112644E-03
  0.484375000      0.484375000      -6.94784075E-02   5.33671230E-02   8.29557190E-04
  0.515625000      0.484375000      -7.95095712E-02   5.24008051E-02   6.02388813E-04
  0.546875000      0.484375000      -9.08682272E-02   4.98743951E-02   3.24091176E-04
  0.578125000      0.484375000     -0.103271335       4.49325331E-02  -5.19626553E-07
  0.609375000      0.484375000     -0.116122700       3.66093069E-02  -3.46495392E-04
  0.640625000      0.484375000     -0.128531069       2.40161195E-02  -6.60767953E-04
  0.671875000      0.484375000     -0.139413029       6.56979484E-03  -8.64660135E-04
  0.703125000      0.484375000     -0.147642374      -1.57614313E-02  -7.69773324E-04
  0.734375000      0.484375000     -0.152225435      -4.26340699E-02  -3.01810360E-04
  0.765625000      0.484375000     -0.152228862      -7.30568916E-02   6.06751186E-04
  0.796875000      0.484375000     -0.146724522     -0.104613677       1.90514012E-03
  0.828125000      0.484375000     -0.134920910     -0.133722141       3.40403221E-03
  0.859375000      0.484375000     -0.116241947     -0.155452818       4.78884298E-03
  0.890625000      0.484375000      -9.06156227E-02 -0.163059592       5.68543095E-03
  0.921875000      0.484375000      -5.92902116E-02 -0.147488281       5.80745377E-03
  0.953125000      0.484375000      -2.68552974E-02  -9.86880958E-02   5.19542722E-03
  0.984375000      0.484375000      -5.61621785E-03  -2.06228383E-02   4.26862529E-03
   1.56250000E-02  0.515625000      -5.14719752E-04   1.50906434E-02   1.47211715E-03
   4.68750000E-02  0.515625000      -2.21666833E-03   3.32668051E-02   1.42286788E-03
   7.81250000E-02  0.515625000      -4.96588834E-03   4.34072912E-02   1.38189376E-03
  0.109375000      0.515625000      -8.26997403E-03   4.86762933E-02   1.34134362E-03
  0.140625000      0.515625000      -1.18289534E-02   5.12457788E-02   1.29626226E-03
  0.171875000      0.515625000      -1.54931936E-02   5.24641760E-02   1.24391133E-03
  0.203125000      0.515625000      -1.92118846E-02   5.31056672E-02   1.18258502E-03
  0.234375000      0.515625000      -2.29958501E-02   5.35875633E-02   1.11068867E-03
  0.265625000      0.515625000      -2.68968232E-02   5.41255176E-02   1.02618476E-03
  0.296875000      0.515625000      -3.09989192E-02   5.48295975E-02   9.26202978E-04
  0.328125000      0.515625000      -3.54178026E-02   5.57556674E-02   8.06685537E-04
  0.359375000      0.515625000      -4.03042734E-02   5.69270104E-02   6.61849394E-04
  0.390625000      0.515625000      -4.58491817E-02   5.83359748E-02   4.83454991E-04
  0.421875000      0.515625000      -5.22842780E-02   5.99270873E-02   2.59925349E-04
  0.453125000      0.515625000      -5.98693490E-02   6.15557842E-02  -2.45784358E-05
  0.484375000      0.515625000      -6.88523650E-02   6.29164875E-02  -3.90410278E-04
  0.515625000      0.515625000      -7.93937147E-02   6.34511262E-02  -8.60536471E-04
  0.546875000      0.515625000      -9.14646387E-02   6.22833557E-02  -1.45415100E-03
  0.578125000      0.515625000     -0.104755133       5.82471788E-02  -2.17381422E-03
  0.609375000      0.515625000     -0.118634179       5.00508100E-02  -2.98753893E-03
  0.640625000      0.515625000     -0.132183671       3.65464091E-02  -3.81351076E-03
  0.671875000      0.515625000     -0.144291312       1.70231834E-02  -4.51909890E-03
  0.703125000      0.515625000     -0.153750509      -8.55851639E-03  -4.93552536E-03
  0.734375000      0.515625000     -0.159606844      -3.94583642E-02  -4.80314437E-03
  0.765625000      0.515625000     -0.161080480      -7.48314559E-02  -3.98157816E-03
  0.796875000      0.515625000     -0.157272145     -0.112223446      -2.48563429E-03
  0.828125000      0.515625000     -0.147248179     -0.147996962      -5.07032208E-04
  0.859375000      0.515625000     -0.130069271     -0.177072763       1.57818594E-03
  0.890625000      0.515625000     -0.105037719     -0.192111462       3.25159403E-03
  0.921875000      0.515625000      -7.25414380E-02 -0.182250336       3.99490446E-03
  0.953125000      0.515625000      -3.62523682E-02 -0.132632867       3.61632858E-03
  0.984375000      0.515625000      -8.96101538E-03  -3.51991877E-02   2.59255012E-03
   1.56250000E-02  0.546875000      -5.15868829E-04   1.61194690E-02   1.01244613E-03
   4.68750000E-02  0.546875000      -2.22973549E-03   3.56504992E-02   9.60819190E-04
   7.81250000E-02  0.546875000      -4.99640033E-03   4.65367734E-02   9.15679208E-04
  0.109375000      0.546875000      -8.29774886E-03   5.21500073E-02   8.68689036E-04
  0.140625000      0.546875000      -1.18153039E-02   5.48464693E-02   8.14111670E-04
  0.171875000      0.546875000      -1.53902508E-02   5.61006144E-02   7.48340099E-04
  0.203125000      0.546875000      -1.89685971E-02   5.67645952E-02   6.68692926E-04
  0.234375000      0.546875000      -2.25613397E-02   5.73045835E-02   5.72420773E-04
  0.265625000      0.546875000      -2.62225568E-02   5.79714067E-02   4.56000300E-04
  0.296875000      0.546875000      -3.00406720E-02   5.89066744E-02   3.14638164E-04
  0.328125000      0.546875000      -3.41380015E-02   6.02001958E-02   1.41634067E-04
  0.359375000      0.546875000      -3.86751182E-02   6.19147420E-02  -7.25055215E-05
  0.390625000      0.546875000      -4.38562222E-02   6.40868023E-02  -3.41324485E-04
  0.421875000      0.546875000      -4.99293283E-02   6.67013079E-02  -6.84155384E-04
  0.453125000      0.546875000      -5.71708307E-02   6.96293116E-02  -1.12789078E-03
  0.484375000      0.546875000      -6.58420697E-02   7.25220740E-02  -1.70784141E-03
  0.515625000      0.546875000      -7.61133879E-02   7.46851563E-02  -2.46505602E-03
  0.546875000      0.546875000      -8.79702419E-02   7.50031546E-02  -3.43627762E-03
  0.578125000      0.546875000     -0.101134747       7.20022023E-02  -4.63376846E-03
  0.609375000      0.546875000     -0.115034595       6.40800595E-02  -6.01771194E-03
  0.640625000      0.546875000     -0.128829449       4.98426147E-02  -7.47337192E-03
  0.671875000      0.546875000     -0.141487643       2.84421537E-02  -8.81178956E-03
  0.703125000      0.546875000     -0.151921898      -1.64684607E-04  -9.81311873E-03
  0.734375000      0.546875000     -0.159088075      -3.49311531E-02  -1.01543758E-02
  0.765625000      0.546875000     -0.162227958      -7.48502314E-02  -9.53765865E-03
  0.796875000      0.546875000     -0.160642415     -0.117690593      -7.92820845E-03
  0.828125000      0.546875000     -0.153302789     -0.159967184      -5.49796084E-03
  0.859375000      0.546875000     -0.138908327     -0.196729988      -2.65401416E-03
  0.890625000      0.546875000     -0.116070956     -0.220355168      -3.16504775E-05
  0.921875000      0.546875000      -8.41717720E-02 -0.218409538       1.61209074E-03
  0.953125000      0.546875000      -4.56784293E-02 -0.171246752       1.76273566E-03
  0.984375000      0.546875000      -1.26940701E-02  -5.68533316E-02   7.95680331E-04
   1.56250000E-02  0.578125000      -5.27650001E-04   1.71611030E-02   5.33932820E-04
   4.68750000E-02  0.578125000      -2.28071399E-03   3.80723886E-02   4.79504117E-04
   7.81250000E-02  0.578125000      -5.09348698E-03   4.96916473E-02   4.30938439E-04
  0.109375000      0.578125000      -8.40714294E-03   5.56079634E-02   3.79201345E-04
  0.140625000      0.578125000      -1.18791629E-02   5.83760366E-02   3.17410508E-04
  0.171875000      0.578125000      -1.53401420E-02   5.96050024E-02   2.40749010E-04
  0.203125000      0.578125000      -1.87322497E-02   6.02290854E-02   1.45303988E-04
  0.234375000      0.578125000      -2.20651831E-02   6.07651174E-02   2.69408702E-05
  0.265625000      0.578125000      -2.53921412E-02   6.14999160E-02  -1.19506483E-04
  0.296875000      0.578125000      -2.88000181E-02   6.26071170E-02  -3.00984073E-04
  0.328125000      0.578125000      -3.24082263E-02   6.42109588E-02  -5.27061173E-04
  0.359375000      0.578125000      -3.63721550E-02   6.64140731E-02  -8.11279868E-04
  0.390625000      0.578125000      -4.08873335E-02   6.92968369E-02  -1.17306970E-03
  0.421875000      0.578125000      -4.61883396E-02   7.28829205E-02  -1.64033985E-03
  0.453125000      0.578125000      -5.25339544E-02   7.70565718E-02  -2.25229585E-03
  0.484375000      0.578125000      -6.01703078E-02   8.14270824E-02  -3.06090037E-03
  0.515625000      0.578125000      -6.92711174E-02   8.51769000E-02  -4.12731804E-03
  0.546875000      0.578125000      -7.98671991E-02   8.69836882E-02  -5.50796371E-03
  0.578125000      0.578125000      -9.17871594E-02   8.51121023E-02  -7.22671486E-03
  0.609375000      0.578125000     -0.104626298       7.76913017E-02  -9.23713297E-03
  0.640625000      0.578125000     -0.117745265       6.30941167E-02  -1.13905314E-02
  0.671875000      0.578125000     -0.130291015       4.03083600E-02  -1.34330969E-02
  0.703125000      0.578125000     -0.141245097       9.24216397E-03  -1.50499437E-02
  0.734375000      0.578125000     -0.149518579      -2.90220939E-02  -1.59801468E-02
  0.765625000      0.578125000     -0.154467598      -7.27815926E-02  -1.56872272E-02
  0.796875000      0.578125000     -0.155579910     -0.120325312      -1.40827354E-02
  0.828125000      0.578125000     -0.151786909     -0.168540776      -1.12998998E-02
  0.859375000      0.578125000     -0.141448349     -0.212951139      -7.73752574E-03
  0.890625000      0.578125000     -0.122425184     -0.246040672      -4.09340579E-03
  0.921875000      0.578125000      -9.29409266E-02 -0.254130840      -1.32928777E-03
  0.953125000      0.578125000      -5.39926775E-02 -0.212965786      -3.41249863E-04
  0.984375000      0.578125000      -1.62789002E-02  -8.58238786E-02  -1.06872141E-03
   1.56250000E-02  0.609375000      -5.57291205E-04   1.82439722E-02   3.84612722E-05
   4.68750000E-02  0.609375000      -2.39471626E-03   4.05763313E-02  -1.93475898E-05
   7.81250000E-02  0.609375000      -5.30146994E-03   5.29044122E-02  -6.99661759E-05
  0.109375000      0.609375000      -8.65641329E-03   5.90615198E-02  -1.23515405E-04
  0.140625000      0.609375000      -1.20870415E-02   6.18230030E-02  -1.88572070E-04
  0.171875000      0.609375000      -1.54135488E-02   6.29434809E-02  -2.71613011E-04
  0.203125000      0.609375000      -1.85754262E-02   6.34429455E-02  -3.78114346E-04
  0.234375000      0.609375000      -2.15810332E-02   6.38890564E-02  -5.13783831E-04
  0.265625000      0.609375000      -2.44804509E-02   6.46030903E-02  -6.85557374E-04
  0.296875000      0.609375000      -2.73537226E-02   6.57878965E-02  -9.02525964E-04
  0.328125000      0.609375000      -3.03078666E-02   6.75980300E-02  -1.17712375E-03
  0.359375000      0.609375000      -3.34781297E-02   7.01701120E-02  -1.52686145E-03
  0.390625000      0.609375000      -3.70298065E-02   7.36206770E-02  -1.97689189E-03
  0.421875000      0.609375000      -4.11563292E-02   7.80040845E-02  -2.56344001E-03
  0.453125000      0.609375000      -4.60689291E-02   8.32150578E-02  -3.33755766E-03
  0.484375000      0.609375000      -5.19746840E-02   8.88341516E-02  -4.36711498E-03
  0.515625000      0.609375000      -5.90436086E-02   9.39608067E-02  -5.73255541E-03
  0.546875000      0.609375000      -6.73694015E-02   9.71337408E-02  -7.50970375E-03
  0.578125000      0.609375000      -7.69300610E-02   9.64358822E-02  -9.73569136E-03
  0.609375000      0.609375000      -8.75528976E-02   8.97929817E-02  -1.23622725E-02
  0.640625000      0.609375000      -9.88837183E-02   7.53688514E-02  -1.52144562E-02
  0.671875000      0.609375000     -0.110360876       5.19497544E-02  -1.79808252E-02
  0.703125000      0.609375000     -0.121195272       1.92729644E-02  -2.02538297E-02
  0.734375000      0.609375000     -0.130387127      -2.17094775E-02  -2.17266474E-02
  0.765625000      0.609375000     -0.137272865      -6.83677793E-02  -2.18544733E-02
  0.796875000      0.609375000     -0.141445130     -0.119528942      -2.03855988E-02
  0.828125000      0.609375000     -0.141940266     -0.172695369      -1.74110048E-02
  0.859375000      0.609375000     -0.136831388     -0.224299610      -1.32824387E-02
  0.890625000      0.609375000     -0.123174712     -0.267423809      -8.68595019E-03
  0.921875000      0.609375000      -9.78972912E-02 -0.287547588      -4.71459050E-03
  0.953125000      0.609375000      -6.03109226E-02 -0.256097168      -2.65748659E-03
  0.984375000      0.609375000      -1.93069950E-02 -0.121408343      -2.96830595E-03
   1.56250000E-02  0.640625000      -6.15320401E-04   1.94142647E-02  -4.73361521E-04
   4.68750000E-02  0.640625000      -2.60739750E-03   4.32314724E-02  -5.35357511E-04
   7.81250000E-02  0.640625000      -5.68147097E-03   5.62270358E-02  -5.85790200E-04
  0.109375000      0.640625000      -9.12376586E-03   6.25336990E-02  -6.36551296E-04
  0.140625000      0.640625000      -1.25263091E-02   6.51817471E-02  -6.98767137E-04
  0.171875000      0.640625000      -1.57021917E-02   6.60849437E-02  -7.81256240E-04
  0.203125000      0.640625000      -1.85925364E-02   6.63518757E-02  -8.91457661E-04
  0.234375000      0.640625000      -2.12069117E-02   6.65991381E-02  -1.03683304E-03
  0.265625000      0.640625000      -2.35921573E-02   6.71780854E-02  -1.22608070E-03
  0.296875000      0.640625000      -2.58181747E-02   6.83145598E-02  -1.47028314E-03
  0.328125000      0.640625000      -2.79725846E-02   7.01849014E-02  -1.78438181E-03
  0.359375000      0.640625000      -3.01593505E-02   7.29486048E-02  -2.18929956E-03
  0.390625000      0.640625000      -3.24982107E-02   7.67451227E-02  -2.71497783E-03
  0.421875000      0.640625000      -3.51228938E-02   8.16476196E-02  -3.40442453E-03
  0.453125000      0.640625000      -3.81776243E-02   8.75593424E-02  -4.31813579E-03
  0.484375000      0.640625000      -4.18131687E-02   9.40529257E-02  -5.53646451E-03
  0.515625000      0.640625000      -4.61828262E-02  0.100198708      -7.15485681E-03
  0.546875000      0.640625000      -5.14354557E-02  0.104480907      -9.26501118E-03
  0.578125000      0.640625000      -5.76986298E-02  0.104897633      -1.19170276E-02
  0.609375000      0.640625000      -6.50498718E-02   9.92588252E-02  -1.50672030E-02
  0.640625000      0.640625000      -7.34734088E-02   8.55747610E-02  -1.85278859E-02
  0.671875000      0.640625000      -8.27972591E-02   6.24333248E-02  -2.19486468E-02
  0.703125000      0.640625000      -9.26109403E-02   2.93257851E-02  -2.48543061E-02
  0.734375000      0.640625000     -0.102247097      -1.30393989E-02  -2.67627351E-02
  0.765625000      0.640625000     -0.110953942      -6.15228415E-02  -2.73494329E-02
  0.796875000      0.640625000     -0.118322864     -0.114868045      -2.61233859E-02
  0.828125000      0.640625000     -0.123650774     -0.171557784      -2.31527425E-02
  0.859375000      0.640625000     -0.124767900     -0.229459718      -1.87091678E-02
  0.890625000      0.640625000     -0.117884040     -0.282847106      -1.33811915E-02
  0.921875000      0.640625000      -9.85158235E-02 -0.316815615      -8.28584656E-03
  0.953125000      0.640625000      -6.41314015E-02 -0.298831284      -5.06000128E-03
  0.984375000      0.640625000      -2.15520561E-02 -0.162270561      -4.81136702E-03
   1.56250000E-02  0.671875000      -7.17454997E-04   2.07444318E-02  -1.00316911E-03
   4.68750000E-02  0.671875000      -2.96996278E-03   4.61413749E-02  -1.07046496E-03
   7.81250000E-02  0.671875000      -6.31745718E-03   5.97353727E-02  -1.11721223E-03
  0.109375000      0.671875000      -9.91213880E-03   6.60597235E-02  -1.15830754E-03
  0.140625000      0.671875000      -1.33075900E-02   6.84513599E-02  -1.20881759E-03
  0.171875000      0.671875000      -1.63185708E-02   6.89999089E-02  -1.28090847E-03
  0.203125000      0.671875000      -1.88970398E-02   6.89037442E-02  -1.38452882E-03
  0.234375000      0.671875000      -2.10601818E-02   6.88235685E-02  -1.52906880E-03
  0.265625000      0.671875000      -2.28545759E-02   6.91333488E-02  -1.72483851E-03
  0.296875000      0.671875000      -2.43397914E-02   7.00723976E-02  -1.98455341E-03
  0.328125000      0.671875000      -2.55811382E-02   7.18271434E-02  -2.32504332E-03
  0.359375000      0.671875000      -2.66462862E-02   7.45657980E-02  -2.76963576E-03
  0.390625000      0.671875000      -2.76033469E-02   7.84352720E-02  -3.35147930E-03
  0.421875000      0.671875000      -2.85204165E-02   8.35148394E-02  -4.11786372E-03
  0.453125000      0.671875000      -2.94692609E-02   8.97147804E-02  -5.13478741E-03
  0.484375000      0.671875000      -3.05369589E-02   9.66207236E-02  -6.48930855E-03
  0.515625000      0.671875000      -3.18450816E-02  0.103324577      -8.28455016E-03
  0.546875000      0.671875000      -3.35690826E-02  0.108335763      -1.06206108E-02
  0.578125000      0.671875000      -3.59404497E-02  0.109660201      -1.35564860E-02
  0.609375000      0.671875000      -3.92364003E-02  0.105096623      -1.70579683E-02
  0.640625000      0.671875000      -4.37551290E-02   9.26003456E-02  -2.09405757E-02
  0.671875000      0.671875000      -4.97728474E-02   7.06481189E-02  -2.48411316E-02
  0.703125000      0.671875000      -5.74522093E-02   3.85022536E-02  -2.82331444E-02
  0.734375000      0.671875000      -6.66735172E-02  -3.42705986E-03  -3.05360258E-02
  0.765625000      0.671875000      -7.66629875E-02  -5.24548218E-02  -3.14914696E-02
  0.796875000      0.671875000      -8.70846808E-02 -0.106123447      -3.05617116E-02
  0.828125000      0.671875000      -9.75348651E-02 -0.164493799      -2.77893841E-02
  0.859375000      0.671875000     -0.105594978     -0.227333546      -2.33391114E-02
  0.890625000      0.671875000     -0.106640890     -0.290827811      -1.76154487E-02
  0.921875000      0.671875000      -9.47061330E-02 -0.340177894      -1.16300769E-02
  0.953125000      0.671875000      -6.52988106E-02 -0.339305162      -7.27129728E-03
  0.984375000      0.671875000      -2.29363441E-02 -0.206768408      -6.36861008E-03
   1.56250000E-02  0.703125000      -8.88030045E-04   2.23469734E-02  -1.55626296E-03
   4.68750000E-02  0.703125000      -3.55773419E-03   4.94560450E-02  -1.63034443E-03
   7.81250000E-02  0.703125000      -7.32553191E-03   6.35324419E-02  -1.66790211E-03
  0.109375000      0.703125000      -1.11552905E-02   6.96844012E-02  -1.68921519E-03
  0.140625000      0.703125000      -1.45661589E-02   7.16306418E-02  -1.71558699E-03
  0.171875000      0.703125000      -1.73926540E-02   7.16558322E-02  -1.76402822E-03
  0.203125000      0.703125000      -1.96140446E-02   7.10457042E-02  -1.84771244E-03
  0.234375000      0.703125000      -2.12664455E-02   7.04958662E-02  -1.97804300E-03
  0.265625000      0.703125000      -2.24027671E-02   7.03916475E-02  -2.16670474E-03
  0.296875000      0.703125000      -2.30754353E-02   7.09735379E-02  -2.42747786E-03
  0.328125000      0.703125000      -2.33287029E-02   7.24244416E-02  -2.77821813E-03
  0.359375000      0.703125000      -2.31949054E-02   7.49066472E-02  -3.24341957E-03
  0.390625000      0.703125000      -2.26931795E-02   7.85601884E-02  -3.85757792E-03
  0.421875000      0.703125000      -2.18317173E-02   8.34598690E-02  -4.66933381E-03
  0.453125000      0.703125000      -2.06181947E-02   8.95226300E-02  -5.74564328E-03
  0.484375000      0.703125000      -1.90827046E-02   9.63634700E-02  -7.17341527E-03
  0.515625000      0.703125000      -1.73090585E-02  0.103130922      -9.05401725E-03
  0.546875000      0.703125000      -1.54708978E-02  0.108419240      -1.14851780E-02
  0.578125000      0.703125000      -1.38368923E-02  0.110299513      -1.45248733E-02
  0.609375000      0.703125000      -1.27868773E-02  0.106663704      -1.81506388E-02
  0.640625000      0.703125000      -1.28105404E-02   9.55156162E-02  -2.21924949E-02
  0.671875000      0.703125000      -1.45230358E-02   7.53854662E-02  -2.63115335E-02
  0.703125000      0.703125000      -1.86627805E-02   4.55108359E-02  -2.99647860E-02
  0.734375000      0.703125000      -2.59799808E-02   6.07506093E-03  -3.25159915E-02
  0.765625000      0.703125000      -3.63175124E-02  -4.15893942E-02  -3.37234885E-02
  0.796875000      0.703125000      -4.94990945E-02  -9.32951570E-02  -3.31219472E-02
  0.828125000      0.703125000      -6.50226101E-02 -0.151253656      -3.07014212E-02
  0.859375000      0.703125000      -8.02777410E-02 -0.217190877      -2.65424997E-02
  0.890625000      0.703125000      -8.99954140E-02 -0.290183693      -2.07913592E-02
  0.921875000      0.703125000      -8.67151320E-02 -0.356057346      -1.42204519E-02
  0.953125000      0.703125000      -6.38959110E-02 -0.375698984      -8.84554908E-03
  0.984375000      0.703125000      -2.34776884E-02 -0.253197491      -7.23101152E-03
   1.56250000E-02  0.734375000      -1.16649154E-03   2.43981741E-02  -2.14395393E-03
   4.68750000E-02  0.734375000      -4.48493613E-03   5.33874705E-02  -2.22657574E-03
   7.81250000E-02  0.734375000      -8.86783842E-03   6.77480251E-02  -2.24606413E-03
  0.109375000      0.734375000      -1.30246207E-02   7.34527409E-02  -2.23261979E-03
  0.140625000      0.734375000      -1.64599679E-02   7.47063309E-02  -2.21761735E-03
  0.171875000      0.734375000      -1.90619025E-02   7.40065128E-02  -2.22514151E-03
  0.203125000      0.734375000      -2.08636560E-02   7.27163926E-02  -2.27241823E-03
  0.234375000      0.734375000      -2.19373144E-02   7.15501457E-02  -2.37283949E-03
  0.265625000      0.734375000      -2.23520175E-02   7.08884299E-02  -2.53892737E-03
  0.296875000      0.734375000      -2.21588239E-02   7.09578767E-02  -2.78474460E-03
  0.328125000      0.734375000      -2.13850141E-02   7.19233453E-02  -3.12817935E-03
  0.359375000      0.734375000      -2.00323109E-02   7.39277601E-02  -3.59363202E-03
  0.390625000      0.734375000      -1.80785600E-02   7.70933926E-02  -4.21520043E-03
  0.421875000      0.734375000      -1.54843535E-02   8.14842731E-02  -5.04035223E-03
  0.453125000      0.734375000      -1.22100227E-02   8.70265216E-02  -6.13302365E-03
  0.484375000      0.734375000      -8.24660994E-03   9.33776200E-02  -7.57374521E-03
  0.515625000      0.734375000      -3.64628388E-03   9.97539312E-02  -9.45272576E-03
  0.546875000      0.734375000       1.44852523E-03  0.104865178      -1.18530337E-02
  0.578125000      0.734375000       6.75422046E-03  0.106910303      -1.48107689E-02
  0.609375000      0.734375000       1.18251015E-02  0.103915915      -1.83245279E-02
  0.640625000      0.734375000       1.60684139E-02   9.40106213E-02  -2.22481582E-02
  0.671875000      0.734375000       1.87765453E-02   7.58574530E-02  -2.62634866E-02
  0.703125000      0.734375000       1.90358981E-02   4.88995425E-02  -2.99089924E-02
  0.734375000      0.734375000       1.54693192E-02   1.35977175E-02  -3.25569771E-02
  0.765625000      0.734375000       6.39805663E-03  -2.96169445E-02  -3.38641144E-02
  0.796875000      0.734375000      -8.70333798E-03  -7.68485069E-02  -3.36291529E-02
  0.828125000      0.734375000      -2.84771249E-02 -0.132267728      -3.15772146E-02
  0.859375000      0.734375000      -5.03639132E-02 -0.198930442      -2.79139280E-02
  0.890625000      0.734375000      -6.88035116E-02 -0.280220330      -2.24162471E-02
  0.921875000      0.734375000      -7.49384090E-02 -0.363157332      -1.55017274E-02
  0.953125000      0.734375000      -6.00890256E-02 -0.406304955      -9.19244532E-03
  0.984375000      0.734375000      -2.32258849E-02 -0.299919426      -6.79679960E-03
   1.56250000E-02  0.765625000      -1.61965308E-03   2.71805543E-02  -2.78771902E-03
   4.68750000E-02  0.765625000      -5.93011361E-03   5.82278185E-02  -2.88025150E-03
   7.81250000E-02  0.765625000      -1.11718494E-02   7.25283846E-02  -2.86651170E-03
  0.109375000      0.765625000      -1.57325007E-02   7.73872286E-02  -2.79545784E-03
  0.140625000      0.765625000      -1.91562176E-02   7.76288807E-02  -2.71509448E-03
  0.171875000      0.765625000      -2.14438327E-02   7.59716928E-02  -2.65971152E-03
  0.203125000      0.765625000      -2.27227621E-02   7.38304406E-02  -2.65126349E-03
  0.234375000      0.765625000      -2.31234748E-02   7.19097853E-02  -2.70456891E-03
  0.265625000      0.765625000      -2.27429047E-02   7.05634654E-02  -2.83205230E-03
  0.296875000      0.765625000      -2.16376074E-02   6.99865744E-02  -3.04696662E-03
  0.328125000      0.765625000      -1.98229738E-02   7.03105778E-02  -3.36608314E-03
  0.359375000      0.765625000      -1.72751490E-02   7.16469586E-02  -3.81252356E-03
  0.390625000      0.765625000      -1.39384801E-02   7.40936995E-02  -4.41880710E-03
  0.421875000      0.765625000      -9.73653235E-03   7.77007788E-02  -5.22972504E-03
  0.453125000      0.765625000      -4.58967919E-03   8.24010968E-02  -6.30427152E-03
  0.484375000      0.765625000       1.56042282E-03   8.79003853E-02  -7.71334628E-03
  0.515625000      0.765625000       8.69423151E-03   9.35108215E-02  -9.50204767E-03
  0.546875000      0.765625000       1.66441090E-02   9.80728865E-02  -1.17802406E-02
  0.578125000      0.765625000       2.50770077E-02   9.99668688E-02  -1.45893069E-02
  0.609375000      0.765625000       3.34701389E-02   9.73902494E-02  -1.79015230E-02
  0.640625000      0.765625000       4.10906449E-02   8.86508077E-02  -2.15677135E-02
  0.671875000      0.765625000       4.70175147E-02   7.25643709E-02  -2.52835359E-02
  0.703125000      0.765625000       5.01447208E-02   4.88116220E-02  -2.86013559E-02
  0.734375000      0.765625000       4.92377058E-02   1.82210263E-02  -3.09837330E-02
  0.765625000      0.765625000       4.26480696E-02  -1.84812043E-02  -3.20129842E-02
  0.796875000      0.765625000       2.95355432E-02  -5.96222728E-02  -3.18363048E-02
  0.828125000      0.765625000       8.90919194E-03 -0.108910121      -3.04427221E-02
  0.859375000      0.765625000      -1.78392660E-02 -0.173512429      -2.74095982E-02
  0.890625000      0.765625000      -4.39509749E-02 -0.260993332      -2.22171620E-02
  0.921875000      0.765625000      -5.96160553E-02 -0.360546947      -1.49754956E-02
  0.953125000      0.765625000      -5.39025441E-02 -0.429498374      -7.60127325E-03
  0.984375000      0.765625000      -2.21850704E-02 -0.345349550      -4.24616551E-03
   1.56250000E-02  0.796875000      -2.36462685E-03   3.11605595E-02  -3.52754514E-03
   4.68750000E-02  0.796875000      -8.17737263E-03   6.43639863E-02  -3.62838060E-03
   7.81250000E-02  0.796875000      -1.45496419E-02   7.80017823E-02  -3.55350971E-03
  0.109375000      0.796875000      -1.95161775E-02   8.14382285E-02  -3.38848028E-03
  0.140625000      0.796875000      -2.27824710E-02   8.02658647E-02  -3.20886867E-03
  0.171875000      0.796875000      -2.45614033E-02   7.73995370E-02  -3.06305056E-03
  0.203125000      0.796875000      -2.51308419E-02   7.42497072E-02  -2.97734118E-03
  0.234375000      0.796875000      -2.47041769E-02   7.14642406E-02  -2.96620582E-03
  0.265625000      0.796875000      -2.34156623E-02   6.93410710E-02  -3.04021197E-03
  0.296875000      0.796875000      -2.13335138E-02   6.80246204E-02  -3.21032386E-03
  0.328125000      0.796875000      -1.84658580E-02   6.75956979E-02  -3.49072251E-03
  0.359375000      0.796875000      -1.47654573E-02   6.81217536E-02  -3.90217733E-03
  0.390625000      0.796875000      -1.01470118E-02   6.96748048E-02  -4.47513349E-03
  0.421875000      0.796875000      -4.49965708E-03   7.22804070E-02  -5.25168469E-03
  0.453125000      0.796875000       2.31517130E-03   7.58714378E-02  -6.27595931E-03
  0.484375000      0.796875000       1.03655085E-02   8.02436545E-02  -7.58393016E-03
  0.515625000      0.796875000       1.96102802E-02   8.48061442E-02  -9.26946476E-03
  0.546875000      0.796875000       2.98889969E-02   8.85633379E-02  -1.14003588E-02
  0.578125000      0.796875000       4.08201367E-02   9.01137143E-02  -1.40114892E-02
  0.609375000      0.796875000       5.17707504E-02   8.78895819E-02  -1.70652736E-02
  0.640625000      0.796875000       6.18542880E-02   8.04279819E-02  -2.04099230E-02
  0.671875000      0.796875000       6.99508712E-02   6.67442009E-02  -2.37532184E-02
  0.703125000      0.796875000       7.47757033E-02   4.66755554E-02  -2.66779177E-02
  0.734375000      0.796875000       7.50273615E-02   2.10550353E-02  -2.87153274E-02
  0.765625000      0.796875000       6.94881976E-02  -9.10702348E-03  -2.94773933E-02
  0.796875000      0.796875000       5.75474426E-02  -4.38186079E-02  -2.91273221E-02
  0.828125000      0.796875000       3.93292494E-02  -8.57011974E-02  -2.75765695E-02
  0.859375000      0.796875000       1.41348969E-02 -0.144613624      -2.48666666E-02
  0.890625000      0.796875000      -1.59001648E-02 -0.233628973      -2.01281570E-02
  0.921875000      0.796875000      -4.03881073E-02 -0.347708851      -1.22180097E-02
  0.953125000      0.796875000      -4.48934138E-02 -0.443547130      -3.20237968E-03
  0.984375000      0.796875000      -2.01966241E-02 -0.387749135       1.56823045E-03
   1.56250000E-02  0.828125000      -3.60927917E-03   3.71296257E-02  -4.44047991E-03
   4.68750000E-02  0.828125000      -1.16719734E-02   7.22621977E-02  -4.53606993E-03
   7.81250000E-02  0.828125000      -1.93858594E-02   8.41843486E-02  -4.34425613E-03
  0.109375000      0.828125000      -2.45454796E-02   8.53783712E-02  -4.02419548E-03
  0.140625000      0.828125000      -2.72672549E-02   8.23112726E-02  -3.69665259E-03
  0.171875000      0.828125000      -2.81324051E-02   7.79961199E-02  -3.42692761E-03
  0.203125000      0.828125000      -2.76393890E-02   7.37280399E-02  -3.24191060E-03
  0.234375000      0.828125000      -2.61012316E-02   7.00207055E-02  -3.15094111E-03
  0.265625000      0.828125000      -2.36889124E-02   6.70851767E-02  -3.16001754E-03
  0.296875000      0.828125000      -2.04865634E-02   6.49997890E-02  -3.27594089E-03
  0.328125000      0.828125000      -1.64995231E-02   6.37723953E-02  -3.50814709E-03
  0.359375000      0.828125000      -1.16534308E-02   6.34082109E-02  -3.87382298E-03
  0.390625000      0.828125000      -5.83248306E-03   6.39609024E-02  -4.40164702E-03
  0.421875000      0.828125000       1.13121921E-03   6.53917938E-02  -5.12776151E-03
  0.453125000      0.828125000       9.36665013E-03   6.77258223E-02  -6.05763029E-03
  0.484375000      0.828125000       1.89292841E-02   7.07988739E-02  -7.27609824E-03
  0.515625000      0.828125000       2.98189316E-02   7.41316974E-02  -8.84481054E-03
  0.546875000      0.828125000       4.18629125E-02   7.69251734E-02  -1.08210081E-02
  0.578125000      0.828125000       5.46398386E-02   7.80466050E-02  -1.32292099E-02
  0.609375000      0.828125000       6.74343854E-02   7.62049258E-02  -1.60247907E-02
  0.640625000      0.828125000       7.92421997E-02   7.02072456E-02  -1.90565716E-02
  0.671875000      0.828125000       8.88201073E-02   5.92766665E-02  -2.20466591E-02
  0.703125000      0.828125000       9.48093981E-02   4.33277935E-02  -2.46098768E-02
  0.734375000      0.828125000       9.59533155E-02   2.30305828E-02  -2.63283532E-02
  0.765625000      0.828125000       9.12968218E-02  -8.32863268E-04  -2.68722363E-02
  0.796875000      0.828125000       8.04431289E-02  -2.92215999E-02  -2.62757801E-02
  0.828125000      0.828125000       6.37038201E-02  -6.52515665E-02  -2.43524238E-02
  0.859375000      0.828125000       4.17560712E-02 -0.117806867      -2.09633466E-02
  0.890625000      0.828125000       1.39799975E-02 -0.202512130      -1.56927090E-02
  0.921875000      0.828125000      -1.56801362E-02 -0.324619919      -6.79236557E-03
  0.953125000      0.828125000      -3.16436477E-02 -0.446163952       5.18840505E-03
  0.984375000      0.828125000      -1.67679079E-02 -0.424729407       1.24085555E-02
   1.56250000E-02  0.859375000      -5.71046444E-03   4.64440621E-02  -5.68677438E-03
   4.68750000E-02  0.859375000      -1.70385987E-02   8.23292136E-02  -5.71942097E-03
   7.81250000E-02  0.859375000      -2.59525366E-02   9.07384306E-02  -5.28988661E-03
  0.109375000      0.859375000      -3.05507854E-02   8.85776058E-02  -4.70766379E-03
  0.140625000      0.859375000      -3.18252072E-02   8.31046849E-02  -4.16215044E-03
  0.171875000      0.859375000      -3.09447255E-02   7.71842301E-02  -3.73076973E-03
  0.203125000      0.859375000      -2.86960378E-02   7.17956722E-02  -3.42792412E-03
  0.234375000      0.859375000      -2.54787598E-02   6.71963543E-02  -3.24678770E-03
  0.265625000      0.859375000      -2.14750171E-02   6.34942204E-02  -3.18578747E-03
  0.296875000      0.859375000      -1.67843457E-02   6.07011616E-02  -3.24622076E-03
  0.328125000      0.859375000      -1.14130825E-02   5.87194189E-02  -3.42866126E-03
  0.359375000      0.859375000      -5.24536567E-03   5.74559309E-02  -3.74494144E-03
  0.390625000      0.859375000       1.88718340E-03   5.69715239E-02  -4.22496675E-03
  0.421875000      0.859375000       1.00778360E-02   5.72411567E-02  -4.86707687E-03
  0.453125000      0.859375000       1.94383785E-02   5.82988039E-02  -5.72701357E-03
  0.484375000      0.859375000       3.01186107E-02   6.00034669E-02  -6.85744500E-03
  0.515625000      0.859375000       4.21469733E-02   6.20250106E-02  -8.31649639E-03
  0.546875000      0.859375000       5.53658232E-02   6.37799650E-02  -1.01533355E-02
  0.578125000      0.859375000       6.93529621E-02   6.44312948E-02  -1.23848915E-02
  0.609375000      0.859375000       8.33733976E-02   6.29999489E-02  -1.49620548E-02
  0.640625000      0.859375000       9.63904187E-02   5.85752055E-02  -1.77362822E-02
  0.671875000      0.859375000      0.107145570       5.05629927E-02  -2.04434171E-02
  0.703125000      0.859375000      0.114317328       3.88768911E-02  -2.27234811E-02
  0.734375000      0.859375000      0.116751619       2.39179134E-02  -2.41866708E-02
  0.765625000      0.859375000      0.113681734       6.03858428E-03  -2.45078951E-02
  0.796875000      0.859375000      0.104873881      -1.63881406E-02  -2.36691926E-02
  0.828125000      0.859375000       9.05583352E-02  -4.69808728E-02  -2.11981572E-02
  0.859375000      0.859375000       7.12965131E-02  -9.48189199E-02  -1.65878404E-02
  0.890625000      0.859375000       4.70727347E-02 -0.173440874      -8.91004130E-03
  0.921875000      0.859375000       1.66532770E-02 -0.293559074       2.92406324E-03
  0.953125000      0.859375000      -1.08881332E-02 -0.433709979       1.93349458E-02
  0.984375000      0.859375000      -1.07283713E-02 -0.452239633       3.12509537E-02
   1.56250000E-02  0.890625000      -9.17944126E-03   6.13287166E-02  -7.63927680E-03
   4.68750000E-02  0.890625000      -2.47381330E-02   9.43213776E-02  -7.38121197E-03
   7.81250000E-02  0.890625000      -3.34421061E-02   9.63561237E-02  -6.43692026E-03
  0.109375000      0.890625000      -3.54049131E-02   8.95151496E-02  -5.40256826E-03
  0.140625000      0.890625000      -3.32263112E-02   8.12580884E-02  -4.54431865E-03
  0.171875000      0.890625000      -2.88812704E-02   7.38006756E-02  -3.91880749E-03
  0.203125000      0.890625000      -2.34499164E-02   6.74949735E-02  -3.49355186E-03
  0.234375000      0.890625000      -1.73498485E-02   6.21770881E-02  -3.22140451E-03
  0.265625000      0.890625000      -1.07138446E-02   5.78730330E-02  -3.09539656E-03
  0.296875000      0.890625000      -3.60703515E-03   5.45247309E-02  -3.11375572E-03
  0.328125000      0.890625000       3.98805412E-03   5.19333407E-02  -3.25653329E-03
  0.359375000      0.890625000       1.21047720E-02   4.99644056E-02  -3.52467061E-03
  0.390625000      0.890625000       2.08284892E-02   4.86169048E-02  -3.94509546E-03
  0.421875000      0.890625000       3.03348377E-02   4.79143821E-02  -4.53508366E-03
  0.453125000      0.890625000       4.08020020E-02   4.78147194E-02  -5.33481967E-03
  0.484375000      0.890625000       5.23812920E-02   4.82448041E-02  -6.39347592E-03
  0.515625000      0.890625000       6.51451871E-02   4.90061492E-02  -7.76479580E-03
  0.546875000      0.890625000       7.90014938E-02   4.97332737E-02  -9.49306227E-03
  0.578125000      0.890625000       9.36103240E-02   4.98837829E-02  -1.15901111E-02
  0.609375000      0.890625000      0.108330607       4.87994514E-02  -1.40042165E-02
  0.640625000      0.890625000      0.122229248       4.58456352E-02  -1.65898334E-02
  0.671875000      0.890625000      0.134170830       4.05798703E-02  -1.90935880E-02
  0.703125000      0.890625000      0.142986342       3.28632407E-02  -2.11717561E-02
  0.734375000      0.890625000      0.147698149       2.27893889E-02  -2.24453956E-02
  0.765625000      0.890625000      0.147725865       1.02321897E-02  -2.25765705E-02
  0.796875000      0.890625000      0.142616853      -6.64304337E-03  -2.13288628E-02
  0.828125000      0.890625000      0.132393658      -3.21698263E-02  -1.80863179E-02
  0.859375000      0.890625000      0.117018074      -7.49687627E-02  -1.15470411E-02
  0.890625000      0.890625000       9.46794003E-02 -0.146708727       5.57350249E-05
  0.921875000      0.890625000       6.23534918E-02 -0.257522494       1.85757130E-02
  0.953125000      0.890625000       2.22266745E-02 -0.402066946       4.30772714E-02
  0.984375000      0.890625000       5.74413687E-04 -0.462406695       6.33823127E-02
   1.56250000E-02  0.921875000      -1.40508581E-02   8.45549405E-02  -1.12792375E-02
   4.68750000E-02  0.921875000      -3.25489417E-02  0.105142929      -9.79491509E-03
   7.81250000E-02  0.921875000      -3.54591087E-02   9.71402377E-02  -7.70898722E-03
  0.109375000      0.921875000      -2.94894390E-02   8.47178549E-02  -5.91628393E-03
  0.140625000      0.921875000      -1.95375606E-02   7.39195496E-02  -4.65320982E-03
  0.171875000      0.921875000      -8.20154790E-03   6.54523820E-02  -3.84230213E-03
  0.203125000      0.921875000       3.48156434E-03   5.87234795E-02  -3.32998973E-03
  0.234375000      0.921875000       1.50753222E-02   5.32507449E-02  -2.99487496E-03
  0.265625000      0.921875000       2.64230371E-02   4.88127209E-02  -2.84135994E-03
  0.296875000      0.921875000       3.76310498E-02   4.52675074E-02  -2.82505993E-03
  0.328125000      0.921875000       4.88221273E-02   4.24045920E-02  -2.93872808E-03
  0.359375000      0.921875000       6.00927621E-02   4.01095040E-02  -3.18402098E-03
  0.390625000      0.921875000       7.15452433E-02   3.83010656E-02  -3.57657904E-03
  0.421875000      0.921875000       8.33131298E-02   3.69646139E-02  -4.13772138E-03
  0.453125000      0.921875000       9.55553055E-02   3.60655934E-02  -4.90375888E-03
  0.484375000      0.921875000      0.108423293       3.55570428E-02  -5.92070352E-03
  0.515625000      0.921875000      0.122026019       3.53352763E-02  -7.23852962E-03
  0.546875000      0.921875000      0.136366114       3.52100953E-02  -8.89713876E-03
  0.578125000      0.921875000      0.151267618       3.48904133E-02  -1.09038427E-02
  0.609375000      0.921875000      0.166317582       3.40066105E-02  -1.32043846E-02
  0.640625000      0.921875000      0.180854380       3.21791098E-02  -1.56551786E-02
  0.671875000      0.921875000      0.194026202       2.91063730E-02  -1.80100054E-02
  0.703125000      0.921875000      0.204915404       2.46100016E-02  -1.99320763E-02
  0.734375000      0.921875000      0.212697238       1.85377561E-02  -2.10307669E-02
  0.765625000      0.921875000      0.216779500       1.03792101E-02  -2.09012274E-02
  0.796875000      0.921875000      0.216770738      -1.66986277E-03  -1.91137716E-02
  0.828125000      0.921875000      0.212211728      -2.23613158E-02  -1.44986110E-02
  0.859375000      0.921875000      0.201074719      -5.82543463E-02  -4.90038330E-03
  0.890625000      0.921875000      0.178481907     -0.118482009       1.26723107E-02
  0.921875000      0.921875000      0.138040066     -0.212975904       4.14908193E-02
  0.953125000      0.921875000       7.75691941E-02 -0.346016645       8.12189430E-02
  0.984375000      0.921875000       2.12972481E-02 -0.440549463      0.117354885    
   1.56250000E-02  0.953125000      -1.39089450E-02  0.112512589      -1.92985348E-02
   4.68750000E-02  0.953125000      -1.96219403E-02  0.101389810      -1.26579646E-02
   7.81250000E-02  0.953125000       2.11247895E-03   8.20611343E-02  -8.35190900E-03
  0.109375000      0.953125000       2.90763043E-02   6.68576732E-02  -5.63114416E-03
  0.140625000      0.953125000       5.49356863E-02   5.59646748E-02  -4.08241665E-03
  0.171875000      0.953125000       7.88666308E-02   4.81368974E-02  -3.15635651E-03
  0.203125000      0.953125000      0.101016298       4.22037840E-02  -2.61475076E-03
  0.234375000      0.953125000      0.121608019       3.75833623E-02  -2.31217220E-03
  0.265625000      0.953125000      0.140872836       3.38665619E-02  -2.18912261E-03
  0.296875000      0.953125000      0.159025371       3.08534410E-02  -2.20416649E-03
  0.328125000      0.953125000      0.176273376       2.83806771E-02  -2.34557176E-03
  0.359375000      0.953125000      0.192794219       2.63436846E-02  -2.61509442E-03
  0.390625000      0.953125000      0.208745629       2.46656612E-02  -3.02671804E-03
  0.421875000      0.953125000      0.224277586       2.33042482E-02  -3.60311521E-03
  0.453125000      0.953125000      0.239540860       2.22252849E-02  -4.37927758E-03
  0.484375000      0.953125000      0.254679948       2.13939436E-02  -5.39894821E-03
  0.515625000      0.953125000      0.269817293       2.07584817E-02  -6.70813071E-03
  0.546875000      0.953125000      0.285022467       2.02351250E-02  -8.34119320E-03
  0.578125000      0.953125000      0.300270617       1.96995474E-02  -1.02995019E-02
  0.609375000      0.953125000      0.315400481       1.89903807E-02  -1.25245536E-02
  0.640625000      0.953125000      0.330090225       1.79318916E-02  -1.48729272E-02
  0.671875000      0.953125000      0.343866795       1.63634382E-02  -1.71026960E-02
  0.703125000      0.953125000      0.356148273       1.41422544E-02  -1.88766774E-02
  0.734375000      0.953125000      0.366293579       1.10462997E-02  -1.97706241E-02
  0.765625000      0.953125000      0.373649359       6.41069189E-03  -1.92454979E-02
  0.796875000      0.953125000      0.377746314      -1.80349534E-03  -1.65390559E-02
  0.828125000      0.953125000      0.376464069      -1.63952634E-02  -9.45412368E-03
  0.859375000      0.953125000      0.364759624      -4.13834080E-02   4.54003178E-03
  0.890625000      0.953125000      0.334924221      -8.29272717E-02   2.99813189E-02
  0.921875000      0.953125000      0.276529551     -0.149699196       7.23623186E-02
  0.953125000      0.953125000      0.179894984     -0.252200991      0.134605229    
  0.984375000      0.953125000       6.05223291E-02 -0.358751655      0.202415526    
   1.56250000E-02  0.984375000       6.32133186E-02   6.32104725E-02  -3.65051143E-02
   4.68750000E-02  0.984375000      0.173023641       4.65959385E-02  -1.15244463E-02
   7.81250000E-02  0.984375000      0.253882885       3.42604183E-02  -4.56721801E-03
  0.109375000      0.984375000      0.314863443       2.67157238E-02  -2.21826858E-03
  0.140625000      0.984375000      0.363350004       2.17651576E-02  -1.28291792E-03
  0.171875000      0.984375000      0.403441548       1.83200035E-02  -8.64417874E-04
  0.203125000      0.984375000      0.437544197       1.57756861E-02  -6.98744552E-04
  0.234375000      0.984375000      0.467149794       1.38224242E-02  -6.81281672E-04
  0.265625000      0.984375000      0.493250996       1.22707197E-02  -7.74339074E-04
  0.296875000      0.984375000      0.516543984       1.10137500E-02  -9.59506200E-04
  0.328125000      0.984375000      0.537546754       9.98010207E-03  -1.23693724E-03
  0.359375000      0.984375000      0.556658506       9.12242662E-03  -1.61759974E-03
  0.390625000      0.984375000      0.574197412       8.40731058E-03  -2.12136190E-03
  0.421875000      0.984375000      0.590426564       7.81254750E-03  -2.77577899E-03
  0.453125000      0.984375000      0.605569839       7.32145458E-03  -3.61795025E-03
  0.484375000      0.984375000      0.619818985       6.91903569E-03  -4.69158031E-03
  0.515625000      0.984375000      0.633332968       6.58787834E-03  -6.04032632E-03
  0.546875000      0.984375000      0.646229267       6.30389154E-03  -7.69372657E-03
  0.578125000      0.984375000      0.658568382       6.03434443E-03  -9.64808837E-03
  0.609375000      0.984375000      0.670336723       5.73767954E-03  -1.18409041E-02
  0.640625000      0.984375000      0.681434095       5.36790071E-03  -1.41288079E-02
  0.671875000      0.984375000      0.691668987       4.87919804E-03  -1.62726101E-02
  0.703125000      0.984375000      0.700754344       4.22056718E-03  -1.79298483E-02
  0.734375000      0.984375000      0.708250165       3.29017988E-03  -1.86229236E-02
  0.765625000      0.984375000      0.713278055       1.75178901E-03  -1.75611153E-02
  0.796875000      0.984375000      0.713519633      -1.50197488E-03  -1.29374089E-02
  0.828125000      0.984375000      0.705050826      -6.95981644E-03  -3.34067852E-03
  0.859375000      0.984375000      0.681999803      -1.60806384E-02   1.48942359E-02
  0.890625000      0.984375000      0.634748280      -3.11598219E-02   4.73748259E-02
  0.921875000      0.984375000      0.547616839      -5.59593253E-02  0.101523630    
  0.953125000      0.984375000      0.394963980      -9.66786444E-02  0.184702396    
  0.984375000      0.984375000      0.149138495     -0.149121597      0.296989441    
