 VARIABLES="X","Y","U","V","P"
 ZONE F=POINT, I=          32 , J=          32
   1.56250000E-02   1.56250000E-02   3.13481491E-04  -3.15656362E-04   1.46249868E-02
   4.68750000E-02   1.56250000E-02   9.77560878E-04  -3.53387702E-04   1.45875942E-02
   7.81250000E-02   1.56250000E-02   1.46598252E-03  -1.40571952E-04   1.44721232E-02
  0.109375000       1.56250000E-02   1.47087022E-03   1.30230910E-04   1.42971687E-02
  0.140625000       1.56250000E-02   9.36168130E-04   3.99122247E-04   1.40772108E-02
  0.171875000       1.56250000E-02  -1.29587657E-04   6.61467959E-04   1.38215274E-02
  0.203125000       1.56250000E-02  -1.72267342E-03   9.26715671E-04   1.35346036E-02
  0.234375000       1.56250000E-02  -3.85657628E-03   1.20259682E-03   1.32245515E-02
  0.265625000       1.56250000E-02  -6.54833717E-03   1.48494472E-03   1.29033998E-02
  0.296875000       1.56250000E-02  -9.79712978E-03   1.76003773E-03   1.25893792E-02
  0.328125000       1.56250000E-02  -1.35676749E-02   2.00711470E-03   1.23073934E-02
  0.359375000       1.56250000E-02  -1.77785531E-02   2.20077392E-03   1.20884683E-02
  0.390625000       1.56250000E-02  -2.22955979E-02   2.31366279E-03   1.19681749E-02
  0.421875000       1.56250000E-02  -2.69310139E-02   2.31945491E-03   1.19840289E-02
  0.453125000       1.56250000E-02  -3.14482786E-02   2.19572661E-03   1.21720769E-02
  0.484375000       1.56250000E-02  -3.55721228E-02   1.92614086E-03   1.25626596E-02
  0.515625000       1.56250000E-02  -3.90021503E-02   1.50189130E-03   1.31756198E-02
  0.546875000       1.56250000E-02  -4.14291024E-02   9.22914711E-04   1.40149863E-02
  0.578125000       1.56250000E-02  -4.25560176E-02   2.01636940E-04   1.50631936E-02
  0.609375000       1.56250000E-02  -4.21432778E-02  -6.16955222E-04   1.62525028E-02
  0.640625000       1.56250000E-02  -3.99474278E-02  -1.58172101E-03   1.74672063E-02
  0.671875000       1.56250000E-02  -3.57872844E-02  -2.58154236E-03   1.86031442E-02
  0.703125000       1.56250000E-02  -2.97313090E-02  -3.47780786E-03   1.95375923E-02
  0.734375000       1.56250000E-02  -2.21429989E-02  -4.11408022E-03   2.01546028E-02
  0.765625000       1.56250000E-02  -1.37104709E-02  -4.32218565E-03   2.03767605E-02
  0.796875000       1.56250000E-02  -5.44622540E-03  -3.94600164E-03   2.01985016E-02
  0.828125000       1.56250000E-02   1.38751522E-03  -2.89194961E-03   1.97139345E-02
  0.859375000       1.56250000E-02   5.59894973E-03  -1.32399367E-03   1.90863684E-02
  0.890625000       1.56250000E-02   6.76893303E-03   1.49236148E-04   1.84903219E-02
  0.921875000       1.56250000E-02   5.51019330E-03   1.10459095E-03   1.80584975E-02
  0.953125000       1.56250000E-02   3.00115696E-03   1.39955117E-03   1.78369172E-02
  0.984375000       1.56250000E-02   7.99589267E-04   7.98147928E-04   1.78194121E-02
   1.56250000E-02   4.68750000E-02   3.39331105E-04  -9.73726332E-04   1.46617386E-02
   4.68750000E-02   4.68750000E-02   8.00143636E-04  -8.31953250E-04   1.46200359E-02
   7.81250000E-02   4.68750000E-02   4.78861475E-04   1.57982067E-04   1.45140011E-02
  0.109375000       4.68750000E-02  -1.07078103E-03   1.36385404E-03   1.43597517E-02
  0.140625000       4.68750000E-02  -3.95469181E-03   2.57196720E-03   1.41655486E-02
  0.171875000       4.68750000E-02  -8.16561189E-03   3.75374686E-03   1.39360540E-02
  0.203125000       4.68750000E-02  -1.36672640E-02   4.91838716E-03   1.36741018E-02
  0.234375000       4.68750000E-02  -2.03902349E-02   6.05790084E-03   1.33849066E-02
  0.265625000       4.68750000E-02  -2.82070301E-02   7.12929294E-03   1.30781299E-02
  0.296875000       4.68750000E-02  -3.69155109E-02   8.06510448E-03   1.27696376E-02
  0.328125000       4.68750000E-02  -4.62356508E-02   8.78592767E-03   1.24823404E-02
  0.359375000       4.68750000E-02  -5.58191985E-02   9.21056513E-03   1.22460630E-02
  0.390625000       4.68750000E-02  -6.52671456E-02   9.26392339E-03   1.20962542E-02
  0.421875000       4.68750000E-02  -7.41501600E-02   8.88338778E-03   1.20714772E-02
  0.453125000       4.68750000E-02  -8.20286274E-02   8.02374817E-03   1.22098606E-02
  0.484375000       4.68750000E-02  -8.84707123E-02   6.66047353E-03   1.25446748E-02
  0.515625000       4.68750000E-02  -9.30682793E-02   4.79147118E-03   1.30993128E-02
  0.546875000       4.68750000E-02  -9.54505205E-02   2.43847980E-03   1.38821807E-02
  0.578125000       4.68750000E-02  -9.52930599E-02  -3.49038979E-04   1.48827070E-02
  0.609375000       4.68750000E-02  -9.22682211E-02  -3.50907631E-03   1.59949362E-02
  0.640625000       4.68750000E-02  -8.62057507E-02  -6.95396028E-03   1.71520691E-02
  0.671875000       4.68750000E-02  -7.72141665E-02  -1.03679039E-02   1.82428584E-02
  0.703125000       4.68750000E-02  -6.56046197E-02  -1.33645749E-02   1.91453658E-02
  0.734375000       4.68750000E-02  -5.19302487E-02  -1.54982368E-02   1.97470337E-02
  0.765625000       4.68750000E-02  -3.70345600E-02  -1.62750389E-02   1.99746527E-02
  0.796875000       4.68750000E-02  -2.20937859E-02  -1.52075207E-02   1.98268909E-02
  0.828125000       4.68750000E-02  -8.61204229E-03  -1.19558796E-02   1.93942562E-02
  0.859375000       4.68750000E-02   1.64203602E-03  -6.73613371E-03   1.88480299E-02
  0.890625000       4.68750000E-02   7.03653507E-03  -1.01403880E-03   1.83423944E-02
  0.921875000       4.68750000E-02   7.46877445E-03   3.08339577E-03   1.79832540E-02
  0.953125000       4.68750000E-02   4.70631244E-03   4.68149129E-03   1.78012550E-02
  0.984375000       4.68750000E-02   1.41052518E-03   3.00492882E-03   1.77949779E-02
   1.56250000E-02   7.81250000E-02  -1.97671434E-05  -1.29949930E-03   1.47835612E-02
   4.68750000E-02   7.81250000E-02  -7.72028987E-04  -2.28430144E-04   1.47181675E-02
   7.81250000E-02   7.81250000E-02  -3.13848816E-03   2.22737715E-03   1.46075673E-02
  0.109375000       7.81250000E-02  -7.32275331E-03   5.01400605E-03   1.44606419E-02
  0.140625000       7.81250000E-02  -1.33068152E-02   7.77614955E-03   1.42788272E-02
  0.171875000       7.81250000E-02  -2.09946241E-02   1.04356045E-02   1.40597951E-02
  0.203125000       7.81250000E-02  -3.02234478E-02   1.29554626E-02   1.38012450E-02
  0.234375000       7.81250000E-02  -4.07524183E-02   1.52624883E-02   1.35042304E-02
  0.265625000       7.81250000E-02  -5.22610359E-02   1.72411837E-02   1.31755937E-02
  0.296875000       7.81250000E-02  -6.43620491E-02   1.87551323E-02   1.28297172E-02
  0.328125000       7.81250000E-02  -7.66210556E-02   1.96688157E-02   1.24894921E-02
  0.359375000       7.81250000E-02  -8.85777622E-02   1.98628977E-02   1.21862134E-02
  0.390625000       7.81250000E-02  -9.97659042E-02   1.92436688E-02   1.19582722E-02
  0.421875000       7.81250000E-02 -0.109730735       1.77482888E-02   1.18483733E-02
  0.453125000       7.81250000E-02 -0.118043527       1.53474286E-02   1.18996156E-02
  0.484375000       7.81250000E-02 -0.124312997       1.20458435E-02   1.21505558E-02
  0.515625000       7.81250000E-02 -0.128193676       7.88169727E-03   1.26297344E-02
  0.546875000       7.81250000E-02 -0.129391342       2.92515848E-03   1.33500230E-02
  0.578125000       7.81250000E-02 -0.127665982      -2.72223889E-03   1.42861223E-02
  0.609375000       7.81250000E-02 -0.122865200      -8.96619353E-03   1.53553076E-02
  0.640625000       7.81250000E-02 -0.114998102      -1.54321706E-02   1.64957400E-02
  0.671875000       7.81250000E-02 -0.104229592      -2.16566343E-02   1.75949261E-02
  0.703125000       7.81250000E-02  -9.08493325E-02  -2.70734988E-02   1.85292214E-02
  0.734375000       7.81250000E-02  -7.53142983E-02  -3.10074687E-02   1.91830359E-02
  0.765625000       7.81250000E-02  -5.83041087E-02  -3.26812565E-02   1.94772389E-02
  0.796875000       7.81250000E-02  -4.07800451E-02  -3.12764756E-02   1.94009282E-02
  0.828125000       7.81250000E-02  -2.40363069E-02  -2.61235014E-02   1.90331824E-02
  0.859375000       7.81250000E-02  -9.70293954E-03  -1.71677098E-02   1.85330547E-02
  0.890625000       7.81250000E-02   3.28500289E-04  -6.02047611E-03   1.80674084E-02
  0.921875000       7.81250000E-02   4.51005483E-03   3.46402870E-03   1.77316703E-02
  0.953125000       7.81250000E-02   3.74390464E-03   7.81783182E-03   1.75718572E-02
  0.984375000       7.81250000E-02   1.24357245E-03   5.65526634E-03   1.75648984E-02
   1.56250000E-02  0.109375000      -6.37035759E-04  -6.48925430E-04   1.49688385E-02
   4.68750000E-02  0.109375000      -3.22654401E-03   2.44887476E-03   1.48634855E-02
   7.81250000E-02  0.109375000      -8.26899335E-03   6.94387499E-03   1.47360442E-02
  0.109375000      0.109375000      -1.54414717E-02   1.16397236E-02   1.45809827E-02
  0.140625000      0.109375000      -2.44874656E-02   1.61668677E-02   1.43893789E-02
  0.171875000      0.109375000      -3.51703689E-02   2.04031803E-02   1.41513459E-02
  0.203125000      0.109375000      -4.72038984E-02   2.42392123E-02   1.38591155E-02
  0.234375000      0.109375000      -6.02312088E-02   2.75254771E-02   1.35101117E-02
  0.265625000      0.109375000      -7.38383234E-02   3.00859176E-02   1.31095778E-02
  0.296875000      0.109375000      -8.75783563E-02   3.17449383E-02   1.26724578E-02
  0.328125000      0.109375000     -0.100994244       3.23488638E-02   1.22242253E-02
  0.359375000      0.109375000     -0.113637418       3.17789651E-02   1.18005257E-02
  0.390625000      0.109375000     -0.125082389       2.99580172E-02   1.14452839E-02
  0.421875000      0.109375000     -0.134938002       2.68525444E-02   1.12074018E-02
  0.453125000      0.109375000     -0.142855883       2.24725492E-02   1.11360727E-02
  0.484375000      0.109375000     -0.148535967       1.68691967E-02   1.12753129E-02
  0.515625000      0.109375000     -0.151729405       1.01312967E-02   1.16578601E-02
  0.546875000      0.109375000     -0.152237922       2.38030497E-03   1.22995982E-02
  0.578125000      0.109375000     -0.149906605      -6.23629661E-03   1.31608173E-02
  0.609375000      0.109375000     -0.144682825      -1.54799987E-02   1.42059475E-02
  0.640625000      0.109375000     -0.136600345      -2.48722546E-02   1.53560881E-02
  0.671875000      0.109375000     -0.125734478      -3.38563472E-02   1.65035333E-02
  0.703125000      0.109375000     -0.112253457      -4.17415835E-02   1.75250005E-02
  0.734375000      0.109375000      -9.64548066E-02  -4.76805605E-02   1.83004737E-02
  0.765625000      0.109375000      -7.88150877E-02  -5.06664552E-02   1.87395141E-02
  0.796875000      0.109375000      -6.00531325E-02  -4.95865233E-02   1.88114103E-02
  0.828125000      0.109375000      -4.12079357E-02  -4.34124470E-02   1.85686275E-02
  0.859375000      0.109375000      -2.37324294E-02  -3.16984504E-02   1.81448013E-02
  0.890625000      0.109375000      -9.58011206E-03  -1.56848691E-02   1.77075490E-02
  0.921875000      0.109375000      -8.78918101E-04   2.34193052E-04   1.73777249E-02
  0.953125000      0.109375000       1.72651769E-03   9.19717737E-03   1.71891525E-02
  0.984375000      0.109375000       7.99210917E-04   7.69434031E-03   1.71508826E-02
   1.56250000E-02  0.140625000      -1.38774409E-03   1.36975013E-03   1.51726343E-02
   4.68750000E-02  0.140625000      -6.03011204E-03   7.64822960E-03   1.50204357E-02
   7.81250000E-02  0.140625000      -1.37734748E-02   1.45151280E-02   1.48655605E-02
  0.109375000      0.140625000      -2.36671213E-02   2.11201422E-02   1.46822808E-02
  0.140625000      0.140625000      -3.52153033E-02   2.72673033E-02   1.44506022E-02
  0.171875000      0.140625000      -4.80801687E-02   3.28385979E-02   1.41542852E-02
  0.203125000      0.140625000      -6.19194843E-02   3.76662984E-02   1.37818884E-02
  0.234375000      0.140625000      -7.63478279E-02   4.15453799E-02   1.33294128E-02
  0.265625000      0.140625000      -9.09495056E-02   4.42678332E-02   1.28029613E-02
  0.296875000      0.140625000     -0.105301574       4.56497557E-02   1.22205950E-02
  0.328125000      0.140625000     -0.118993193       4.55477387E-02   1.16127618E-02
  0.359375000      0.140625000     -0.131639570       4.38672155E-02   1.10213030E-02
  0.390625000      0.140625000     -0.142891198       4.05650735E-02   1.04968352E-02
  0.421875000      0.140625000     -0.152439326       3.56488749E-02   1.00947246E-02
  0.453125000      0.140625000     -0.160018653       2.91736573E-02   9.86975059E-03
  0.484375000      0.140625000     -0.165407240       2.12373175E-02   9.87012126E-03
  0.515625000      0.140625000     -0.168425083       1.19749773E-02   1.01309475E-02
  0.546875000      0.140625000     -0.168932125       1.55240309E-03   1.06678251E-02
  0.578125000      0.140625000     -0.166829318      -9.84304957E-03   1.14565240E-02
  0.609375000      0.140625000     -0.162052289      -2.18755975E-02   1.24749709E-02
  0.640625000      0.140625000     -0.154559106      -3.40549275E-02   1.36483926E-02
  0.671875000      0.140625000     -0.144340560      -4.57618311E-02   1.48744807E-02
  0.703125000      0.140625000     -0.131447122      -5.62154725E-02   1.60320997E-02
  0.734375000      0.140625000     -0.116020247      -6.44381717E-02   1.69969052E-02
  0.765625000      0.140625000      -9.83388796E-02  -6.92368522E-02   1.76638942E-02
  0.796875000      0.140625000      -7.88880214E-02  -6.92367703E-02   1.79748628E-02
  0.828125000      0.140625000      -5.84594384E-02  -6.30446672E-02   1.79431289E-02
  0.859375000      0.140625000      -3.83021273E-02  -4.97085229E-02   1.76616088E-02
  0.890625000      0.140625000      -2.03263015E-02  -2.98130997E-02   1.72773264E-02
  0.921875000      0.140625000      -7.12087611E-03  -7.55466241E-03   1.69254523E-02
  0.953125000      0.140625000      -7.19332893E-04   7.96856917E-03   1.66829862E-02
  0.984375000      0.140625000       3.16061836E-04   8.80599208E-03   1.65872350E-02
   1.56250000E-02  0.171875000      -2.12531211E-03   4.87695448E-03   1.53314061E-02
   4.68750000E-02  0.171875000      -8.66399892E-03   1.53085645E-02   1.51317827E-02
   7.81250000E-02  0.171875000      -1.87088028E-02   2.46279985E-02   1.49392858E-02
  0.109375000      0.171875000      -3.07368487E-02   3.29149440E-02   1.47056300E-02
  0.140625000      0.171875000      -4.40794230E-02   4.03505340E-02   1.44012272E-02
  0.171875000      0.171875000      -5.83528467E-02   4.68824804E-02   1.40060643E-02
  0.203125000      0.171875000      -7.32145011E-02   5.23139313E-02   1.35078300E-02
  0.234375000      0.171875000      -8.83049294E-02   5.64088821E-02   1.29038598E-02
  0.265625000      0.171875000     -0.103254199       5.89494705E-02   1.22036245E-02
  0.296875000      0.171875000     -0.117699921       5.97618371E-02   1.14302244E-02
  0.328125000      0.171875000     -0.131301746       5.87266907E-02   1.06203761E-02
  0.359375000      0.171875000     -0.143750340       5.57823405E-02   9.82261449E-03
  0.390625000      0.171875000     -0.154771626       5.09231985E-02   9.09411907E-03
  0.421875000      0.171875000     -0.164127082       4.41957191E-02   8.49602371E-03
  0.453125000      0.171875000     -0.171611771       3.56928930E-02   8.08779988E-03
  0.484375000      0.171875000     -0.177050918       2.55482867E-02   7.92103726E-03
  0.515625000      0.171875000     -0.180296898       1.39303599E-02   8.03282671E-03
  0.546875000      0.171875000     -0.181228459       1.03776134E-03   8.43928754E-03
  0.578125000      0.171875000     -0.179753751      -1.29044876E-02   9.13920160E-03
  0.609375000      0.171875000     -0.175786704      -2.75577754E-02   1.01221642E-02
  0.640625000      0.171875000     -0.169235229      -4.24180627E-02   1.13227824E-02
  0.671875000      0.171875000     -0.160020113      -5.68341687E-02   1.26470663E-02
  0.703125000      0.171875000     -0.148086846      -6.99728727E-02   1.39785782E-02
  0.734375000      0.171875000     -0.133429110      -8.07696059E-02   1.51898479E-02
  0.765625000      0.171875000     -0.116132922      -8.78882557E-02   1.61602274E-02
  0.796875000      0.171875000      -9.64513421E-02  -8.97240341E-02   1.67992543E-02
  0.828125000      0.171875000      -7.49249682E-02  -8.45194384E-02   1.70716383E-02
  0.859375000      0.171875000      -5.25753312E-02  -7.07485378E-02   1.70149766E-02
  0.890625000      0.171875000      -3.12046353E-02  -4.81281281E-02   1.67373400E-02
  0.921875000      0.171875000      -1.37031917E-02  -1.99555829E-02   1.63804106E-02
  0.953125000      0.171875000      -3.31528205E-03   3.57057969E-03   1.60601381E-02
  0.984375000      0.171875000      -1.36774586E-04   8.98183696E-03   1.58843063E-02
   1.56250000E-02  0.203125000      -2.72969948E-03   9.72645171E-03   1.53682604E-02
   4.68750000E-02  0.203125000      -1.07525643E-02   2.50077024E-02   1.51262153E-02
   7.81250000E-02  0.203125000      -2.24902481E-02   3.66969891E-02   1.48874633E-02
  0.109375000      0.203125000      -3.59843113E-02   4.63547781E-02   1.45835020E-02
  0.140625000      0.203125000      -5.04539609E-02   5.47110476E-02   1.41781345E-02
  0.171875000      0.203125000      -6.55039698E-02   6.18351921E-02   1.36503465E-02
  0.203125000      0.203125000      -8.08190852E-02   6.75296336E-02   1.29895322E-02
  0.234375000      0.203125000      -9.60887671E-02   7.15468824E-02   1.21965986E-02
  0.265625000      0.203125000     -0.111005038       7.36725852E-02   1.12860361E-02
  0.296875000      0.203125000     -0.125274241       7.37510994E-02   1.02870129E-02
  0.328125000      0.203125000     -0.138626218       7.16905147E-02   9.24274325E-03
  0.359375000      0.203125000     -0.150818780       6.74605668E-02   8.20817798E-03
  0.390625000      0.203125000     -0.161637560       6.10872880E-02   7.24641047E-03
  0.421875000      0.203125000     -0.170893401       5.26462868E-02   6.42370060E-03
  0.453125000      0.203125000     -0.178418428       4.22561951E-02   5.80382813E-03
  0.484375000      0.203125000     -0.184062809       3.00731175E-02   5.44183375E-03
  0.515625000      0.203125000     -0.187693715       1.62871126E-02   5.37769077E-03
  0.546875000      0.203125000     -0.189197868       1.12096930E-03   5.62982960E-03
  0.578125000      0.203125000     -0.188487917      -1.51688512E-02   6.21811301E-03
  0.609375000      0.203125000     -0.185475573      -3.22702006E-02   7.15022348E-03
  0.640625000      0.203125000     -0.180047810      -4.96834405E-02   8.37184489E-03
  0.671875000      0.203125000     -0.172073051      -6.67584538E-02   9.79986414E-03
  0.703125000      0.203125000     -0.161403760      -8.26522112E-02   1.13253575E-02
  0.734375000      0.203125000     -0.147893369      -9.62607563E-02   1.28205149E-02
  0.765625000      0.203125000     -0.131438762     -0.106151447       1.41505972E-02
  0.796875000      0.203125000     -0.112060040     -0.110525668       1.51919918E-02
  0.828125000      0.203125000      -9.00366306E-02 -0.107272997       1.58556998E-02
  0.859375000      0.203125000      -6.61317259E-02  -9.42556635E-02   1.61126759E-02
  0.890625000      0.203125000      -4.19589132E-02  -7.01713189E-02   1.60138234E-02
  0.921875000      0.203125000      -2.05016099E-02  -3.68786007E-02   1.56893265E-02
  0.953125000      0.203125000      -6.02264469E-03  -4.38134791E-03   1.53040942E-02
  0.984375000      0.203125000      -5.58313448E-04   8.28356948E-03   1.50245000E-02
   1.56250000E-02  0.234375000      -3.12475977E-03   1.55757749E-02   1.52112618E-02
   4.68750000E-02  0.234375000      -1.20945219E-02   3.61388698E-02   1.49348937E-02
   7.81250000E-02  0.234375000      -2.48654485E-02   5.00609390E-02   1.46443564E-02
  0.109375000      0.234375000      -3.91872898E-02   6.07944354E-02   1.42560210E-02
  0.140625000      0.234375000      -5.42044044E-02   6.97473511E-02   1.37302708E-02
  0.171875000      0.234375000      -6.95231780E-02   7.71586448E-02   1.30472779E-02
  0.203125000      0.234375000      -8.48635957E-02   8.28546882E-02   1.21998182E-02
  0.234375000      0.234375000      -9.99676585E-02   8.65906179E-02   1.11936359E-02
  0.265625000      0.234375000     -0.114587933       8.81625563E-02   1.00490320E-02
  0.296875000      0.234375000     -0.128492802       8.74343887E-02   8.80141556E-03
  0.328125000      0.234375000     -0.141470835       8.43384415E-02   7.50026107E-03
  0.359375000      0.234375000     -0.153331727       7.88690373E-02   6.20648591E-03
  0.390625000      0.234375000     -0.163904250       7.10744932E-02   4.98858513E-03
  0.421875000      0.234375000     -0.173032939       6.10491261E-02   3.91777605E-03
  0.453125000      0.234375000     -0.180575520       4.89273146E-02   3.06235766E-03
  0.484375000      0.234375000     -0.186402112       3.48797962E-02   2.48168898E-03
  0.515625000      0.234375000     -0.190397233       1.91132948E-02   2.21994054E-03
  0.546875000      0.234375000     -0.192464262       1.87233381E-03   2.29982403E-03
  0.578125000      0.234375000     -0.192532003      -1.65568627E-02   2.75386660E-03
  0.609375000      0.234375000     -0.190528363      -3.58934700E-02   3.61558725E-03
  0.640625000      0.234375000     -0.186341077      -5.56716919E-02   4.84218169E-03
  0.671875000      0.234375000     -0.179802924      -7.52809271E-02   6.36316882E-03
  0.703125000      0.234375000     -0.170686170      -9.39149484E-02   8.08044150E-03
  0.734375000      0.234375000     -0.158713371     -0.110481694       9.87010635E-03
  0.765625000      0.234375000     -0.143597528     -0.123502746       1.15879588E-02
  0.796875000      0.234375000     -0.125125259     -0.131028220       1.30808465E-02
  0.828125000      0.234375000     -0.103303790     -0.130619094       1.42061394E-02
  0.859375000      0.234375000      -7.86068812E-02 -0.119515866       1.48613863E-02
  0.890625000      0.234375000      -5.23845553E-02  -9.53113958E-02   1.50233395E-02
  0.921875000      0.234375000      -2.75251493E-02  -5.80610745E-02   1.47852823E-02
  0.953125000      0.234375000      -9.03855078E-03  -1.61710382E-02   1.43471071E-02
  0.984375000      0.234375000      -1.07918819E-03   6.64320122E-03   1.39597133E-02
   1.56250000E-02  0.265625000      -3.28224595E-03   2.19780318E-02   1.48075595E-02
   4.68750000E-02  0.265625000      -1.26355616E-02   4.80484515E-02   1.45068467E-02
   7.81250000E-02  0.265625000      -2.58088727E-02   6.40831813E-02   1.41631328E-02
  0.109375000      0.265625000      -4.03859094E-02   7.56599456E-02   1.36837177E-02
  0.140625000      0.265625000      -5.54538071E-02   8.49573165E-02   1.30283460E-02
  0.171875000      0.265625000      -7.06203431E-02   9.24263373E-02   1.21796448E-02
  0.203125000      0.265625000      -8.56373683E-02   9.79389250E-02   1.11345612E-02
  0.234375000      0.265625000     -0.100293063      0.101262853       9.90409683E-03
  0.265625000      0.265625000     -0.114390835      0.102207363       8.51440337E-03
  0.296875000      0.265625000     -0.127748638      0.100653440       7.00692274E-03
  0.328125000      0.265625000     -0.140199810       9.65518057E-02   5.43704396E-03
  0.359375000      0.265625000     -0.151592061       8.99138600E-02   3.87132913E-03
  0.390625000      0.265625000     -0.161785692       8.08023810E-02   2.38357857E-03
  0.421875000      0.265625000     -0.170652196       6.93241358E-02   1.05014420E-03
  0.453125000      0.265625000     -0.178074345       5.56255057E-02  -5.56014020E-05
  0.484375000      0.265625000     -0.183948278       3.98909971E-02  -8.69046198E-04
  0.515625000      0.265625000     -0.188186854       2.23446377E-02  -1.34063629E-03
  0.546875000      0.265625000     -0.190723509       3.25296959E-03  -1.44190644E-03
  0.578125000      0.265625000     -0.191515058      -1.70706883E-02  -1.13911089E-03
  0.609375000      0.265625000     -0.190519720      -3.83719951E-02  -3.68015986E-04
  0.640625000      0.265625000     -0.187644035      -6.02507070E-02   8.39502085E-04
  0.671875000      0.265625000     -0.182702571      -8.21774676E-02   2.42680893E-03
  0.703125000      0.265625000     -0.175402731     -0.103432350       4.30986891E-03
  0.734375000      0.265625000     -0.165348619     -0.122989967       6.37430977E-03
  0.765625000      0.265625000     -0.152077228     -0.139381796       8.47399700E-03
  0.796875000      0.265625000     -0.135142565     -0.150557399       1.04341544E-02
  0.828125000      0.265625000     -0.114269421     -0.153786808       1.20642958E-02
  0.859375000      0.265625000      -8.96145254E-02 -0.145702928       1.31875947E-02
  0.890625000      0.265625000      -6.22059666E-02 -0.122758813       1.36937564E-02
  0.921875000      0.265625000      -3.46943885E-02  -8.29889178E-02   1.36130890E-02
  0.953125000      0.265625000      -1.24224359E-02  -3.20068486E-02   1.31610641E-02
  0.984375000      0.265625000      -1.73479249E-03   3.82671552E-03   1.26599744E-02
   1.56250000E-02  0.296875000      -3.20951268E-03   2.84654461E-02   1.41327530E-02
   4.68750000E-02  0.296875000      -1.24176024E-02   6.01122342E-02   1.38185266E-02
   7.81250000E-02  0.296875000      -2.54250057E-02   7.81889930E-02   1.34242978E-02
  0.109375000      0.296875000      -3.97563092E-02   9.04527158E-02   1.28541477E-02
  0.140625000      0.296875000      -5.44478744E-02   9.99159291E-02   1.20692244E-02
  0.171875000      0.296875000      -6.91014230E-02  0.107281730       1.10552795E-02
  0.203125000      0.296875000      -8.34919661E-02  0.112487264       9.81346797E-03
  0.234375000      0.296875000      -9.74435955E-02  0.115320362       8.35985132E-03
  0.265625000      0.296875000     -0.110798724      0.115603670       6.72612060E-03
  0.296875000      0.296875000     -0.123412147      0.113231584       4.95939516E-03
  0.328125000      0.296875000     -0.135149717      0.108167693       3.12067708E-03
  0.359375000      0.296875000     -0.145887345      0.100434989       1.28205726E-03
  0.390625000      0.296875000     -0.155510873       9.01070833E-02  -4.77211695E-04
  0.421875000      0.296875000     -0.163917705       7.73025155E-02  -2.07530987E-03
  0.453125000      0.296875000     -0.171019971       6.21819496E-02  -3.43330414E-03
  0.484375000      0.296875000     -0.176748633       4.49478179E-02  -4.48088581E-03
  0.515625000      0.296875000     -0.181056529       2.58448515E-02  -5.16251242E-03
  0.546875000      0.296875000     -0.183918744       5.16156852E-03  -5.44318557E-03
  0.578125000      0.296875000     -0.185330108      -1.67671889E-02  -5.29861031E-03
  0.609375000      0.296875000     -0.185291648      -3.97010371E-02  -4.63504158E-03
  0.640625000      0.296875000     -0.183746397      -6.33355528E-02  -3.47498013E-03
  0.671875000      0.296875000     -0.180509657      -8.72651264E-02  -1.86083512E-03
  0.703125000      0.296875000     -0.175242722     -0.110907242       1.40448014E-04
  0.734375000      0.296875000     -0.167447776     -0.133361399       2.43020593E-03
  0.765625000      0.296875000     -0.156497419     -0.153230757       4.86986618E-03
  0.796875000      0.296875000     -0.141715914     -0.168424442       7.27483537E-03
  0.828125000      0.296875000     -0.122536600     -0.175973117       9.41792317E-03
  0.859375000      0.296875000      -9.87731814E-02 -0.171936601       1.10533815E-02
  0.890625000      0.296875000      -7.10802376E-02 -0.151628897       1.19766090E-02
  0.921875000      0.296875000      -4.17615101E-02 -0.110951975       1.21294353E-02
  0.953125000      0.296875000      -1.61617454E-02  -5.19191660E-02   1.17099173E-02
  0.984375000      0.296875000      -2.60217721E-03  -5.12358267E-04   1.11051928E-02
   1.56250000E-02  0.328125000      -2.93568312E-03   3.46067399E-02   1.31933130E-02
   4.68750000E-02  0.328125000      -1.15368515E-02   7.17711449E-02   1.28763225E-02
   7.81250000E-02  0.328125000      -2.38847397E-02   9.18757245E-02   1.24375084E-02
  0.109375000      0.328125000      -3.75390425E-02  0.104743369       1.17826611E-02
  0.140625000      0.328125000      -5.14872558E-02  0.114258572       1.08758947E-02
  0.171875000      0.328125000      -6.53145835E-02  0.121415600       9.70621966E-03
  0.203125000      0.328125000      -7.88087696E-02  0.126236081       8.27866979E-03
  0.234375000      0.328125000      -9.18193460E-02  0.128534168       6.61385898E-03
  0.265625000      0.328125000     -0.104216948      0.128145486       4.74848133E-03
  0.296875000      0.328125000     -0.115882970      0.124974459       2.73493910E-03
  0.328125000      0.328125000     -0.126707017      0.118993767       6.39663020E-04
  0.359375000      0.328125000     -0.136586905      0.110235572      -1.45973626E-03
  0.390625000      0.328125000     -0.145431072       9.87847596E-02  -3.47835827E-03
  0.421875000      0.328125000     -0.153163224       8.47753733E-02  -5.32873813E-03
  0.453125000      0.328125000     -0.159728795       6.83889911E-02  -6.92629116E-03
  0.484375000      0.328125000     -0.165100306       4.98531610E-02  -8.19515623E-03
  0.515625000      0.328125000     -0.169279128       2.94381678E-02  -9.07400344E-03
  0.546875000      0.328125000     -0.172290802       7.45340344E-03  -9.52139869E-03
  0.578125000      0.328125000     -0.174174786      -1.57532282E-02  -9.52868909E-03
  0.609375000      0.328125000     -0.174987793      -3.99308726E-02  -8.98243766E-03
  0.640625000      0.328125000     -0.174728587      -6.49018213E-02  -7.89784919E-03
  0.671875000      0.328125000     -0.173233062      -9.04241279E-02  -6.30360749E-03
  0.703125000      0.328125000     -0.170139670     -0.116103068      -4.24759556E-03
  0.734375000      0.328125000     -0.164871469     -0.141224682      -1.80692156E-03
  0.765625000      0.328125000     -0.156653523     -0.164533228       8.97673133E-04
  0.796875000      0.328125000     -0.144587412     -0.183968306       3.68610676E-03
  0.828125000      0.328125000     -0.127808213     -0.196387544       6.31026877E-03
  0.859375000      0.328125000     -0.105762742     -0.197331637       8.46733060E-03
  0.890625000      0.328125000      -7.86852613E-02 -0.181005359       9.85797867E-03
  0.921875000      0.328125000      -4.84445542E-02 -0.141136482       1.03137791E-02
  0.953125000      0.328125000      -2.01442726E-02  -7.56370351E-02   9.97388735E-03
  0.984375000      0.328125000      -3.69260693E-03  -6.80882856E-03   9.27627832E-03
   1.56250000E-02  0.359375000      -2.50177435E-03   4.00407836E-02   1.20231928E-02
   4.68750000E-02  0.359375000      -1.01172449E-02   8.25459510E-02   1.17134536E-02
   7.81250000E-02  0.359375000      -2.13897526E-02  0.104713261       1.12383068E-02
  0.109375000      0.359375000      -3.40021141E-02  0.118165925       1.05091091E-02
  0.140625000      0.359375000      -4.68953699E-02  0.127672717       9.49400943E-03
  0.171875000      0.359375000      -5.96272126E-02  0.134558037       8.18524882E-03
  0.203125000      0.359375000      -7.19879270E-02  0.138948381       6.59124460E-03
  0.234375000      0.359375000      -8.38436857E-02  0.140690565       4.73647239E-03
  0.265625000      0.359375000      -9.50853452E-02  0.139633194       2.66205170E-03
  0.296875000      0.359375000     -0.105613962      0.135688558       4.25256410E-04
  0.328125000      0.359375000     -0.115337431      0.128836423      -1.90227176E-03
  0.359375000      0.359375000     -0.124171719      0.119118035      -4.23741667E-03
  0.390625000      0.359375000     -0.132045478      0.106632382      -6.48957025E-03
  0.421875000      0.359375000     -0.138907671       9.15351212E-02  -8.56565684E-03
  0.453125000      0.359375000     -0.144737065       7.40375966E-02  -1.03758425E-02
  0.484375000      0.359375000     -0.149549887       5.44022694E-02  -1.18395183E-02
  0.515625000      0.359375000     -0.153401434       3.29324380E-02  -1.28908008E-02
  0.546875000      0.359375000     -0.156375512       9.95714683E-03  -1.34827830E-02
  0.578125000      0.359375000     -0.158555314      -1.41818263E-02  -1.36198960E-02
  0.609375000      0.359375000     -0.160063952      -3.91701348E-02  -1.31914346E-02
  0.640625000      0.359375000     -0.160976410      -6.50000498E-02  -1.22052198E-02
  0.671875000      0.359375000     -0.161168337      -9.16216075E-02  -1.06778275E-02
  0.703125000      0.359375000     -0.160286546     -0.118874304      -8.63790140E-03
  0.734375000      0.359375000     -0.157707378     -0.146295846      -6.13686023E-03
  0.765625000      0.359375000     -0.152533725     -0.172850132      -3.26808775E-03
  0.796875000      0.359375000     -0.143657431     -0.196591586      -1.91976156E-04
  0.828125000      0.359375000     -0.129913002     -0.214286804       2.84150243E-03
  0.859375000      0.359375000     -0.110360280     -0.221030295       5.49037335E-03
  0.890625000      0.359375000      -8.47729817E-02 -0.209971666       7.36845285E-03
  0.921875000      0.359375000      -5.45169115E-02 -0.172667474       8.18374194E-03
  0.953125000      0.359375000      -2.42926478E-02 -0.102631748       7.97745585E-03
  0.984375000      0.359375000      -5.02890442E-03  -1.55315921E-02   7.22130761E-03
   1.56250000E-02  0.390625000      -1.95494690E-03   4.44946066E-02   1.06768245E-02
   4.68750000E-02  0.390625000      -8.29605572E-03   9.20423120E-02   1.03833210E-02
   7.81250000E-02  0.390625000      -1.81543324E-02  0.116341352       9.88179632E-03
  0.109375000      0.390625000      -2.94227079E-02  0.130413741       9.09175817E-03
  0.140625000      0.390625000      -4.10025790E-02  0.139895052       7.98616000E-03
  0.171875000      0.390625000      -5.24140596E-02  0.146478236       6.56043272E-03
  0.203125000      0.390625000      -6.34408817E-02  0.150417358       4.82580997E-03
  0.234375000      0.390625000      -7.39591941E-02  0.151599810       2.80995993E-03
  0.265625000      0.390625000      -8.38752389E-02  0.149888277       5.57749299E-04
  0.296875000      0.390625000      -9.31063294E-02  0.145202070      -1.86922285E-03
  0.328125000      0.390625000     -0.101576418      0.137527347      -4.39437665E-03
  0.359375000      0.390625000     -0.109217808      0.126915216      -6.92923181E-03
  0.390625000      0.390625000     -0.115977004      0.113481656      -9.37761087E-03
  0.421875000      0.390625000     -0.121824227       9.74094346E-02  -1.16410907E-02
  0.453125000      0.390625000     -0.126765206       7.89480060E-02  -1.36252502E-02
  0.484375000      0.390625000     -0.130852252       5.84059134E-02  -1.52460495E-02
  0.515625000      0.390625000     -0.134189963       3.61317545E-02  -1.64356157E-02
  0.546875000      0.390625000     -0.136927962       1.24831591E-02  -1.71459839E-02
  0.578125000      0.390625000     -0.139234066      -1.22101093E-02  -1.73702035E-02
  0.609375000      0.390625000     -0.141278833      -3.75779718E-02  -1.70542672E-02
  0.640625000      0.390625000     -0.143181920      -6.37669191E-02  -1.61804743E-02
  0.671875000      0.390625000     -0.144901693      -9.09346193E-02  -1.47592928E-02
  0.703125000      0.390625000     -0.146140873     -0.119196877      -1.28030395E-02
  0.734375000      0.390625000     -0.146275565     -0.148412123      -1.03363525E-02
  0.765625000      0.390625000     -0.144324452     -0.177854359      -7.41820037E-03
  0.796875000      0.390625000     -0.138991684     -0.205793440      -4.17505577E-03
  0.828125000      0.390625000     -0.128814161     -0.229005054      -8.38147011E-04
  0.859375000      0.390625000     -0.112448655     -0.242229283       2.23440002E-03
  0.890625000      0.390625000      -8.91718864E-02 -0.237636238       4.58643353E-03
  0.921875000      0.390625000      -5.97838163E-02 -0.204646826       5.80015266E-03
  0.953125000      0.390625000      -2.84486134E-02 -0.132212088       5.78549318E-03
  0.984375000      0.390625000      -6.55169785E-03  -2.71130018E-02   5.01345843E-03
   1.56250000E-02  0.421875000      -1.34587649E-03   4.77930717E-02   9.22047999E-03
   4.68750000E-02  0.421875000      -6.21726550E-03   9.99513492E-02   8.95131193E-03
   7.81250000E-02  0.421875000      -1.43967932E-02  0.126465514       8.43486469E-03
  0.109375000      0.421875000      -2.40779575E-02  0.141236007       7.59997359E-03
  0.140625000      0.421875000      -3.41371298E-02  0.150710553       6.42498024E-03
  0.171875000      0.421875000      -4.40485589E-02  0.156986535       4.90847463E-03
  0.203125000      0.421875000      -5.35811298E-02  0.160471737       3.06404219E-03
  0.234375000      0.421875000      -6.26161844E-02  0.161104590       9.21814295E-04
  0.265625000      0.421875000      -7.10733756E-02  0.158764929      -1.47038931E-03
  0.296875000      0.421875000      -7.88861513E-02  0.153379619      -4.04729927E-03
  0.328125000      0.421875000      -8.59955698E-02  0.144941479      -6.72797672E-03
  0.359375000      0.421875000      -9.23515558E-02  0.133512050      -9.41894948E-03
  0.390625000      0.421875000      -9.79186222E-02  0.119225591      -1.20187858E-02
  0.421875000      0.421875000     -0.102685504      0.102294564      -1.44240651E-02
  0.453125000      0.421875000     -0.106677890       8.30111876E-02  -1.65364109E-02
  0.484375000      0.421875000     -0.109972060       6.17385246E-02  -1.82695463E-02
  0.515625000      0.421875000     -0.112705275       3.88839841E-02  -1.95555668E-02
  0.546875000      0.421875000     -0.115076467       1.48534458E-02  -2.03488525E-02
  0.578125000      0.421875000     -0.117331445      -1.00074578E-02  -2.06278786E-02
  0.609375000      0.421875000     -0.119689271      -3.53675075E-02  -2.04051789E-02
  0.640625000      0.421875000     -0.122320578      -6.14331365E-02  -1.96435340E-02
  0.671875000      0.421875000     -0.125292301      -8.85683000E-02  -1.83525085E-02
  0.703125000      0.421875000     -0.128413260     -0.117195785      -1.65332928E-02
  0.734375000      0.421875000     -0.131120995     -0.147564784      -1.41862668E-02
  0.765625000      0.421875000     -0.132404983     -0.179364130      -1.13328323E-02
  0.796875000      0.421875000     -0.130816787     -0.211201251      -8.05438682E-03
  0.828125000      0.421875000     -0.124606192     -0.239983037      -4.54332167E-03
  0.859375000      0.421875000     -0.112013780     -0.260207742      -1.14762539E-03
  0.890625000      0.421875000      -9.17838812E-02 -0.263163507       1.63155503E-03
  0.921875000      0.421875000      -6.40874058E-02 -0.236203343       3.26029211E-03
  0.953125000      0.421875000      -3.24281007E-02 -0.163649529       3.49296746E-03
  0.984375000      0.421875000      -8.16785730E-03  -4.18329388E-02   2.75107240E-03
   1.56250000E-02  0.453125000      -7.28849031E-04   4.98659536E-02   7.72356335E-03
   4.68750000E-02  0.453125000      -4.03004047E-03  0.106047377       7.48689473E-03
   7.81250000E-02  0.453125000      -1.03354044E-02  0.134851396       6.96862955E-03
  0.109375000      0.453125000      -1.82395820E-02  0.150433928       6.10692892E-03
  0.140625000      0.453125000      -2.66189091E-02  0.159951359       4.88604791E-03
  0.171875000      0.453125000      -3.48951742E-02  0.165935814       3.30785848E-03
  0.203125000      0.453125000      -4.28141020E-02  0.168978721       1.38788857E-03
  0.234375000      0.453125000      -5.02583012E-02  0.169084042      -8.42084992E-04
  0.265625000      0.453125000      -5.71606681E-02  0.166154504      -3.33222840E-03
  0.296875000      0.453125000      -6.34731203E-02  0.160126805      -6.01457804E-03
  0.328125000      0.453125000      -6.91576451E-02  0.151001483      -8.80469568E-03
  0.359375000      0.453125000      -7.41861314E-02  0.138850942      -1.16048884E-02
  0.390625000      0.453125000      -7.85445273E-02  0.123827308      -1.43090673E-02
  0.421875000      0.453125000      -8.22407752E-02  0.106171384      -1.68093834E-02
  0.453125000      0.453125000      -8.53158683E-02   8.62170458E-02  -1.90039352E-02
  0.484375000      0.453125000      -8.78571346E-02   6.43827170E-02  -2.08048634E-02
  0.515625000      0.453125000      -9.00113136E-02   4.11409512E-02  -2.21451316E-02
  0.546875000      0.453125000      -9.19916034E-02   1.69606693E-02  -2.29821913E-02
  0.578125000      0.453125000      -9.40659121E-02  -7.77370110E-03  -2.32968330E-02
  0.609375000      0.453125000      -9.65047553E-02  -3.27938497E-02  -2.31371261E-02
  0.640625000      0.453125000      -9.95600522E-02  -5.83105795E-02  -2.24724319E-02
  0.671875000      0.453125000     -0.103413686      -8.48570913E-02  -2.13154405E-02
  0.703125000      0.453125000     -0.108030625     -0.113161892      -1.96633842E-02
  0.734375000      0.453125000     -0.112989217     -0.143926293      -1.74990129E-02
  0.765625000      0.453125000     -0.117329463     -0.177373514      -1.48082068E-02
  0.796875000      0.453125000     -0.119506210     -0.212599650      -1.16209826E-02
  0.828125000      0.453125000     -0.117503993     -0.246794850      -8.07397068E-03
  0.859375000      0.453125000     -0.109137572     -0.274353027      -4.47797822E-03
  0.890625000      0.453125000      -9.25830305E-02 -0.285801470      -1.34814996E-03
  0.921875000      0.453125000      -6.73174635E-02 -0.266526401       6.86140382E-04
  0.953125000      0.453125000      -3.60657796E-02 -0.196236476       1.21107046E-03
  0.984375000      0.453125000      -9.78537649E-03  -5.97862005E-02   5.43736387E-04
   1.56250000E-02  0.484375000      -1.62813871E-04   5.07561788E-02   6.25026831E-03
   4.68750000E-02  0.484375000      -1.88861112E-03  0.110181689       6.05755439E-03
   7.81250000E-02  0.484375000      -6.18546084E-03  0.141317829       5.55199478E-03
  0.109375000      0.484375000      -1.21702366E-02  0.157856300       4.68299259E-03
  0.140625000      0.484375000      -1.87549572E-02  0.167494610       3.44141875E-03
  0.171875000      0.484375000      -2.53033638E-02  0.173220903       1.83251104E-03
  0.203125000      0.484375000      -3.15286368E-02  0.175843760      -1.26578219E-04
  0.234375000      0.484375000      -3.73100191E-02  0.175452828      -2.40343995E-03
  0.265625000      0.484375000      -4.25941050E-02  0.171982616      -4.94746305E-03
  0.296875000      0.484375000      -4.73546609E-02  0.165384054      -7.68928137E-03
  0.328125000      0.484375000      -5.15797660E-02  0.155667767      -1.05422353E-02
  0.359375000      0.484375000      -5.52692451E-02  0.142917573      -1.34055577E-02
  0.390625000      0.484375000      -5.84364533E-02  0.127301797      -1.61695369E-02
  0.421875000      0.484375000      -6.11127540E-02  0.109085023      -1.87225714E-02
  0.453125000      0.484375000      -6.33541793E-02   8.86351243E-02  -2.09596977E-02
  0.484375000      0.484375000      -6.52501360E-02   6.64163455E-02  -2.27915775E-02
  0.515625000      0.484375000      -6.69339001E-02   4.29588072E-02  -2.41521448E-02
  0.546875000      0.484375000      -6.85936809E-02   1.87953301E-02  -2.50027962E-02
  0.578125000      0.484375000      -7.04780817E-02  -5.63829206E-03  -2.53307540E-02
  0.609375000      0.484375000      -7.28771240E-02  -3.00810691E-02  -2.52056587E-02
  0.640625000      0.484375000      -7.60997981E-02  -5.47362715E-02  -2.46127918E-02
  0.671875000      0.484375000      -8.04394484E-02  -8.02301764E-02  -2.35738158E-02
  0.703125000      0.484375000      -8.60616267E-02 -0.107542850      -2.20912825E-02
  0.734375000      0.484375000      -9.27795470E-02 -0.137862995      -2.01409273E-02
  0.765625000      0.484375000      -9.97951403E-02 -0.172076136      -1.76809020E-02
  0.796875000      0.484375000     -0.105556205     -0.209955394      -1.46900993E-02
  0.828125000      0.484375000     -0.107824743     -0.249170005      -1.12379258E-02
  0.859375000      0.484375000     -0.103986435     -0.284180701      -7.57335406E-03
  0.890625000      0.484375000      -9.16125625E-02 -0.304900825      -4.19168780E-03
  0.921875000      0.484375000      -6.94203377E-02 -0.294883609      -1.78774470E-03
  0.953125000      0.484375000      -3.92428227E-02 -0.229307234      -9.43012477E-04
  0.984375000      0.484375000      -1.13332393E-02  -8.09046030E-02  -1.49673154E-03
   1.56250000E-02  0.515625000       3.14713805E-04   5.06031886E-02   4.85717831E-03
   4.68750000E-02  0.515625000       7.12836627E-05  0.112302341       4.71902499E-03
   7.81250000E-02  0.515625000      -2.16222741E-03  0.145727307       4.24695387E-03
  0.109375000      0.515625000      -6.12360612E-03  0.163394079       3.39017343E-03
  0.140625000      0.515625000      -1.08379405E-02  0.173258513       2.15423130E-03
  0.171875000      0.515625000      -1.56043284E-02  0.178776368       5.46673895E-04
  0.203125000      0.515625000      -2.00918876E-02  0.181007862      -1.41399028E-03
  0.234375000      0.515625000      -2.41693333E-02  0.180156499      -3.69607890E-03
  0.265625000      0.515625000      -2.77969018E-02  0.176201612      -6.24974724E-03
  0.296875000      0.515625000      -3.09732333E-02  0.169114769      -9.00585577E-03
  0.328125000      0.515625000      -3.37171070E-02  0.158920258      -1.18771158E-02
  0.359375000      0.515625000      -3.60619836E-02  0.145714596      -1.47612523E-02
  0.390625000      0.515625000      -3.80549282E-02  0.129680499      -1.75462607E-02
  0.421875000      0.515625000      -3.97571996E-02  0.111100405      -2.01177914E-02
  0.453125000      0.515625000      -4.12455276E-02   9.03645456E-02  -2.23682076E-02
  0.484375000      0.515625000      -4.26138714E-02   6.79654777E-02  -2.42063142E-02
  0.515625000      0.515625000      -4.39763889E-02   4.44691926E-02  -2.55659502E-02
  0.546875000      0.515625000      -4.54746522E-02   2.04550512E-02  -2.64112391E-02
  0.578125000      0.515625000      -4.72931117E-02  -3.58430017E-03  -2.67359726E-02
  0.609375000      0.515625000      -4.96825501E-02  -2.73369290E-02  -2.66230814E-02
  0.640625000      0.515625000      -5.29527739E-02  -5.09791225E-02  -2.60731317E-02
  0.671875000      0.515625000      -5.74651919E-02  -7.51280189E-02  -2.51210518E-02
  0.703125000      0.515625000      -6.35930747E-02 -0.100888692      -2.37843487E-02
  0.734375000      0.515625000      -7.14683980E-02 -0.129918545      -2.20446102E-02
  0.765625000      0.515625000      -8.05943906E-02 -0.163874462      -1.98450889E-02
  0.796875000      0.515625000      -8.95517245E-02 -0.203435019      -1.71213001E-02
  0.828125000      0.515625000      -9.59616154E-02 -0.247009188      -1.38715319E-02
  0.859375000      0.515625000      -9.67927277E-02 -0.289346784      -1.02636870E-02
  0.890625000      0.515625000      -8.89753401E-02 -0.319924712      -6.73980825E-03
  0.921875000      0.515625000      -7.03985989E-02 -0.320627630      -4.02392726E-03
  0.953125000      0.515625000      -4.18946669E-02 -0.262243479      -2.85135163E-03
  0.984375000      0.515625000      -1.27670588E-02 -0.105004594      -3.25972098E-03
   1.56250000E-02  0.546875000       7.58005946E-04   4.95296866E-02   3.61299375E-03
   4.68750000E-02  0.546875000       1.83141860E-03  0.112544954       3.50350235E-03
   7.81250000E-02  0.546875000       1.52587751E-03  0.148024231       3.08361184E-03
  0.109375000      0.546875000      -3.72081209E-04  0.166958392       2.27731746E-03
  0.140625000      0.546875000      -3.15369526E-03  0.177193567       1.07483158E-03
  0.171875000      0.546875000      -6.11284515E-03  0.182572037      -4.99023648E-04
  0.203125000      0.546875000      -8.84827971E-03  0.184442386      -2.42296001E-03
  0.234375000      0.546875000      -1.12051098E-02  0.183165580      -4.66873730E-03
  0.265625000      0.546875000      -1.31559111E-02  0.178782195      -7.18896929E-03
  0.296875000      0.546875000      -1.47254057E-02  0.171293005      -9.91647597E-03
  0.328125000      0.546875000      -1.59658398E-02  0.160740614      -1.27651654E-02
  0.359375000      0.546875000      -1.69479735E-02  0.147236332      -1.56330094E-02
  0.390625000      0.546875000      -1.77570544E-02  0.130976200      -1.84072815E-02
  0.421875000      0.546875000      -1.84899475E-02  0.112255141      -2.09720414E-02
  0.453125000      0.546875000      -1.92520171E-02   9.14749205E-02  -2.32174769E-02
  0.484375000      0.546875000      -2.01529637E-02   6.91382438E-02  -2.50500180E-02
  0.515625000      0.546875000      -2.13016458E-02   4.58204001E-02  -2.64016464E-02
  0.546875000      0.546875000      -2.28025131E-02   2.21145395E-02  -2.72363909E-02
  0.578125000      0.546875000      -2.47630160E-02  -1.45448162E-03  -2.75518205E-02
  0.609375000      0.546875000      -2.73275711E-02  -2.45037358E-02  -2.74386182E-02
  0.640625000      0.546875000      -3.07211988E-02  -4.71408628E-02  -2.69062053E-02
  0.671875000      0.546875000      -3.52918021E-02  -6.98768795E-02  -2.60033198E-02
  0.703125000      0.546875000      -4.15601954E-02  -9.37380940E-02  -2.47712918E-02
  0.734375000      0.546875000      -4.99993116E-02 -0.120749936      -2.32087746E-02
  0.765625000      0.546875000      -6.05488643E-02 -0.153363392      -2.12593451E-02
  0.796875000      0.546875000      -7.21230060E-02 -0.193411216      -1.88307911E-02
  0.828125000      0.546875000      -8.23504701E-02 -0.240393043      -1.58552174E-02
  0.859375000      0.546875000      -8.78282338E-02 -0.289652288      -1.24077778E-02
  0.890625000      0.546875000      -8.48144889E-02 -0.330449313      -8.84787459E-03
  0.921875000      0.546875000      -7.02989846E-02 -0.343194604      -5.88961737E-03
  0.953125000      0.546875000      -4.40033637E-02 -0.294475257      -4.39726841E-03
  0.984375000      0.546875000      -1.40658319E-02 -0.131837204      -4.63567674E-03
   1.56250000E-02  0.578125000       1.12678052E-03   4.76443022E-02   2.54502706E-03
   4.68750000E-02  0.578125000       3.35263461E-03  0.111130655       2.47194897E-03
   7.81250000E-02  0.578125000       4.79818322E-03  0.148299456       2.09520780E-03
  0.109375000      0.578125000       4.85028140E-03  0.168531269       1.34977757E-03
  0.140625000      0.578125000       3.98508273E-03  0.179271251       2.24409756E-04
  0.171875000      0.578125000       2.85396865E-03  0.184590071      -1.27048977E-03
  0.203125000      0.578125000       1.88176089E-03  0.186139375      -3.11758625E-03
  0.234375000      0.578125000       1.24767737E-03  0.184468865      -5.28621860E-03
  0.265625000      0.578125000       9.82171157E-04  0.179706469      -7.73189776E-03
  0.296875000      0.578125000       1.03798683E-03  0.171895266      -1.03910603E-02
  0.328125000      0.578125000       1.32827298E-03  0.161102593      -1.31806191E-02
  0.359375000      0.578125000       1.74270547E-03  0.147456914      -1.60005558E-02
  0.390625000      0.578125000       2.15531699E-03  0.131167144      -1.87390186E-02
  0.421875000      0.578125000       2.43042712E-03  0.112536781      -2.12797113E-02
  0.453125000      0.578125000       2.42893072E-03   9.19710472E-02  -2.35112496E-02
  0.484375000      0.578125000       2.01560836E-03   6.99696839E-02  -2.53373031E-02
  0.515625000      0.578125000       1.06709986E-03   4.70983200E-02  -2.66860947E-02
  0.546875000      0.578125000      -5.17234788E-04   2.39327885E-02  -2.75180116E-02
  0.578125000      0.578125000      -2.79569300E-03   9.75937874E-04  -2.78302468E-02
  0.609375000      0.578125000      -5.76778781E-03  -2.13891547E-02  -2.77167298E-02
  0.640625000      0.578125000      -9.50390659E-03  -4.31189016E-02  -2.71858685E-02
  0.671875000      0.578125000      -1.42597221E-02  -6.45669401E-02  -2.62954589E-02
  0.703125000      0.578125000      -2.05733292E-02  -8.64613727E-02  -2.51231734E-02
  0.734375000      0.578125000      -2.91485451E-02 -0.111008316      -2.36867480E-02
  0.765625000      0.578125000      -4.04259190E-02 -0.141274601      -2.19421685E-02
  0.796875000      0.578125000      -5.38952276E-02 -0.180453628      -1.97941922E-02
  0.828125000      0.578125000      -6.74316660E-02 -0.229584515      -1.71218198E-02
  0.859375000      0.578125000      -7.73710310E-02 -0.285042286      -1.39045585E-02
  0.890625000      0.578125000      -7.92854503E-02 -0.336157978      -1.03960438E-02
  0.921875000      0.578125000      -6.91900477E-02 -0.362096667      -7.26259546E-03
  0.953125000      0.578125000      -4.55803387E-02 -0.325478375      -5.46572544E-03
  0.984375000      0.578125000      -1.52243925E-02 -0.161127299      -5.51409135E-03
   1.56250000E-02  0.609375000       1.40284933E-03   4.51141149E-02   1.66460813E-03
   4.68750000E-02  0.609375000       4.57316311E-03  0.108264357       1.63033302E-03
   7.81250000E-02  0.609375000       7.55423494E-03  0.146740228       1.31065748E-03
  0.109375000      0.609375000       9.39744711E-03  0.168197483       6.45097811E-04
  0.140625000      0.609375000       1.03660924E-02  0.179505184      -3.82479979E-04
  0.171875000      0.609375000       1.10301888E-02  0.184828386      -1.76795211E-03
  0.203125000      0.609375000       1.18142841E-02  0.186096281      -3.49912047E-03
  0.234375000      0.609375000       1.29110105E-02  0.184058338      -5.55272307E-03
  0.265625000      0.609375000       1.43456627E-02  0.178958714      -7.88965914E-03
  0.296875000      0.609375000       1.60458740E-02  0.170899421      -1.04506090E-02
  0.328125000      0.609375000       1.78876892E-02  0.159979910      -1.31553188E-02
  0.359375000      0.609375000       1.97188929E-02  0.146348208      -1.59051083E-02
  0.390625000      0.609375000       2.13714056E-02  0.130225152      -1.85881369E-02
  0.421875000      0.609375000       2.26702653E-02  0.111918963      -2.10871771E-02
  0.453125000      0.609375000       2.34428067E-02   9.18313488E-02  -2.32890937E-02
  0.484375000      0.609375000       2.35294122E-02   7.04487264E-02  -2.50953790E-02
  0.515625000      0.609375000       2.27965508E-02   4.83121723E-02  -2.64319740E-02
  0.546875000      0.609375000       2.11539213E-02   2.59562582E-02  -2.72566862E-02
  0.578125000      0.609375000       1.85803473E-02   3.81359202E-03  -2.75619924E-02
  0.609375000      0.609375000       1.51779084E-02  -1.78445317E-02  -2.74471547E-02
  0.640625000      0.609375000       1.09769478E-02  -3.87200564E-02  -2.69296020E-02
  0.671875000      0.609375000       5.76119125E-03  -5.89891523E-02  -2.60758772E-02
  0.703125000      0.609375000      -8.31228914E-04  -7.91290700E-02  -2.49319449E-02
  0.734375000      0.609375000      -9.39900149E-03 -0.101194397      -2.35695485E-02
  0.765625000      0.609375000      -2.08405666E-02 -0.128366947      -2.19576415E-02
  0.796875000      0.609375000      -3.54344174E-02 -0.165295899      -2.00395081E-02
  0.828125000      0.609375000      -5.16120307E-02 -0.215026587      -1.76570602E-02
  0.859375000      0.609375000      -6.56691194E-02 -0.275602877      -1.46984700E-02
  0.890625000      0.609375000      -7.25206286E-02 -0.336831331      -1.12961447E-02
  0.921875000      0.609375000      -6.71316758E-02 -0.376908123      -8.03531054E-03
  0.953125000      0.609375000      -4.66435216E-02 -0.354765415      -5.94246667E-03
  0.984375000      0.609375000      -1.62441637E-02 -0.192596018      -5.77955600E-03
   1.56250000E-02  0.640625000       1.57534878E-03   4.21352424E-02   9.69955930E-04
   4.68750000E-02  0.640625000       5.44378441E-03  0.104203925       9.73718590E-04
   7.81250000E-02  0.640625000       9.69273411E-03  0.143571466       7.23064411E-04
  0.109375000      0.640625000       1.31203979E-02  0.166097358       1.60316791E-04
  0.140625000      0.640625000       1.58005524E-02  0.177959710      -7.39474781E-04
  0.171875000      0.640625000       1.82039347E-02  0.183311045      -1.98295037E-03
  0.203125000      0.640625000       2.07262598E-02  0.184313610      -3.56701715E-03
  0.234375000      0.640625000       2.35540830E-02  0.181924716      -5.47647150E-03
  0.265625000      0.640625000       2.66975537E-02  0.176524222      -7.67850690E-03
  0.296875000      0.640625000       3.00547592E-02  0.168288022      -1.01184640E-02
  0.328125000      0.640625000       3.34625170E-02  0.157354400      -1.27189830E-02
  0.359375000      0.640625000       3.67263183E-02  0.143892109      -1.53826717E-02
  0.390625000      0.640625000       3.96373682E-02  0.128131375      -1.79978050E-02
  0.421875000      0.640625000       4.19848114E-02  0.110379912      -2.04463173E-02
  0.453125000      0.640625000       4.35676649E-02   9.10278931E-02  -2.26136539E-02
  0.484375000      0.640625000       4.42078039E-02   7.05374628E-02  -2.43993737E-02
  0.515625000      0.640625000       4.37635854E-02   4.94114980E-02  -2.57268995E-02
  0.546875000      0.640625000       4.21401262E-02   2.81328894E-02  -2.65504308E-02
  0.578125000      0.640625000       3.92985865E-02   7.06077227E-03  -2.68562473E-02
  0.609375000      0.640625000       3.53655778E-02  -1.37489298E-02  -2.67355163E-02
  0.640625000      0.640625000       3.04547995E-02  -3.36978622E-02  -2.62069665E-02
  0.671875000      0.640625000       2.45457701E-02  -5.28818220E-02  -2.53349449E-02
  0.703125000      0.640625000       1.75975226E-02  -7.16921836E-02  -2.41944361E-02
  0.734375000      0.640625000       9.13061202E-03  -9.15939361E-02  -2.28766240E-02
  0.765625000      0.640625000      -2.14498444E-03 -0.115248203      -2.13933736E-02
  0.796875000      0.640625000      -1.71956606E-02 -0.148768693      -1.96333118E-02
  0.828125000      0.640625000      -3.52333188E-02 -0.197337806      -1.74930729E-02
  0.859375000      0.640625000      -5.29050864E-02 -0.261562675      -1.47792678E-02
  0.890625000      0.640625000      -6.45891652E-02 -0.332336605      -1.14942528E-02
  0.921875000      0.640625000      -6.41370267E-02 -0.387245297      -8.11587647E-03
  0.953125000      0.640625000      -4.71891835E-02 -0.381865978      -5.70999365E-03
  0.984375000      0.640625000      -1.71223655E-02 -0.225963145      -5.30424900E-03
   1.56250000E-02  0.671875000       1.63466891E-03   3.89243141E-02   4.48372914E-04
   4.68750000E-02  0.671875000       5.91401989E-03   9.92659777E-02   4.86865989E-04
   7.81250000E-02  0.671875000       1.11007979E-02  0.139073864       3.16468009E-04
  0.109375000      0.671875000       1.58510134E-02  0.162418306      -1.17279902E-04
  0.140625000      0.671875000       2.00826880E-02  0.174729303      -8.53885489E-04
  0.171875000      0.671875000       2.41528638E-02  0.180071667      -1.91807607E-03
  0.203125000      0.671875000       2.83948164E-02  0.180794090      -3.32121551E-03
  0.234375000      0.671875000       3.29606198E-02  0.178057730      -5.05831512E-03
  0.265625000      0.671875000       3.78290191E-02  0.172388196      -7.10345898E-03
  0.296875000      0.671875000       4.28612344E-02  0.164045036      -9.40618943E-03
  0.328125000      0.671875000       4.78529744E-02  0.153209507      -1.18913278E-02
  0.359375000      0.671875000       5.25686145E-02  0.140070006      -1.44620715E-02
  0.390625000      0.671875000       5.67623489E-02  0.124861516      -1.70061328E-02
  0.421875000      0.671875000       6.01932481E-02  0.107884184      -1.94042586E-02
  0.453125000      0.671875000       6.26389906E-02   8.95073488E-02  -2.15402506E-02
  0.484375000      0.671875000       6.39102757E-02   7.01581389E-02  -2.33115107E-02
  0.515625000      0.671875000       6.38649315E-02   5.02909571E-02  -2.46386938E-02
  0.546875000      0.671875000       6.24180734E-02   3.03332321E-02  -2.54726671E-02
  0.578125000      0.671875000       5.95410988E-02   1.05876308E-02  -2.57970188E-02
  0.609375000      0.671875000       5.52205592E-02  -9.01532825E-03  -2.56510712E-02
  0.640625000      0.671875000       4.95646372E-02  -2.78597102E-02  -2.51285154E-02
  0.671875000      0.671875000       4.27560769E-02  -4.59982753E-02  -2.42461283E-02
  0.703125000      0.671875000       3.48742120E-02  -6.37426153E-02  -2.30841655E-02
  0.734375000      0.671875000       2.57991403E-02  -8.19994360E-02  -2.17258576E-02
  0.765625000      0.671875000       1.50051480E-02 -0.102771811      -2.02346798E-02
  0.796875000      0.671875000       5.08679077E-04 -0.131697416      -1.86599605E-02
  0.828125000      0.671875000      -1.85532141E-02 -0.177309871      -1.66969281E-02
  0.859375000      0.671875000      -3.91652510E-02 -0.243307889      -1.41758742E-02
  0.890625000      0.671875000      -5.54515384E-02 -0.322622836      -1.09682139E-02
  0.921875000      0.671875000      -6.01255000E-02 -0.392739832      -7.42370868E-03
  0.953125000      0.671875000      -4.71575037E-02 -0.406290382      -4.63701738E-03
  0.984375000      0.671875000      -1.78395920E-02 -0.260926247      -3.93209839E-03
   1.56250000E-02  0.703125000       1.56610936E-03   3.57222706E-02   7.81289127E-05
   4.68750000E-02  0.703125000       5.91547368E-03   9.38373804E-02   1.45723403E-04
   7.81250000E-02  0.703125000       1.16357636E-02  0.133594573       6.75639458E-05
  0.109375000      0.703125000       1.73895601E-02  0.157393754      -2.06487079E-04
  0.140625000      0.703125000       2.29831729E-02  0.169929773      -7.38722738E-04
  0.171875000      0.703125000       2.86433212E-02  0.175143331      -1.58203486E-03
  0.203125000      0.703125000       3.45996208E-02  0.175528154      -2.76914611E-03
  0.234375000      0.703125000       4.09312025E-02  0.172431946      -4.30823490E-03
  0.265625000      0.703125000       4.75612357E-02  0.166522890      -6.18021237E-03
  0.296875000      0.703125000       5.43030761E-02  0.158145249      -8.33752379E-03
  0.328125000      0.703125000       6.09088168E-02  0.147522166      -1.07053854E-02
  0.359375000      0.703125000       6.71044737E-02  0.134857357      -1.31859090E-02
  0.390625000      0.703125000       7.26127997E-02  0.120383933      -1.56650469E-02
  0.421875000      0.703125000       7.71696270E-02  0.104385987      -1.80214308E-02
  0.453125000      0.703125000       8.05381238E-02   8.72029662E-02  -2.01365277E-02
  0.484375000      0.703125000       8.25223699E-02   6.92180321E-02  -2.19050124E-02
  0.515625000      0.703125000       8.29788372E-02   5.08301035E-02  -2.32439898E-02
  0.546875000      0.703125000       8.18209201E-02   3.24079916E-02  -2.40997039E-02
  0.578125000      0.703125000       7.90041387E-02   1.42149208E-02  -2.44501233E-02
  0.609375000      0.703125000       7.44522437E-02  -3.76356952E-03  -2.43022349E-02
  0.640625000      0.703125000       6.82644397E-02  -2.12629847E-02  -2.37870626E-02
  0.671875000      0.703125000       6.06765188E-02  -3.81947905E-02  -2.28964482E-02
  0.703125000      0.703125000       5.18164858E-02  -5.48016317E-02  -2.17056405E-02
  0.734375000      0.703125000       4.17300835E-02  -7.17775375E-02  -2.02954281E-02
  0.765625000      0.703125000       3.02630998E-02  -9.07324031E-02  -1.87393762E-02
  0.796875000      0.703125000       1.66233815E-02 -0.115601286      -1.70876775E-02
  0.828125000      0.703125000      -1.77598465E-03 -0.155946285      -1.53478105E-02
  0.859375000      0.703125000      -2.44136080E-02 -0.221424252      -1.29433479E-02
  0.890625000      0.703125000      -4.49050292E-02 -0.307732195      -9.71765630E-03
  0.921875000      0.703125000      -5.48598804E-02 -0.393005967      -5.87663101E-03
  0.953125000      0.703125000      -4.63863686E-02 -0.427470684      -2.55568419E-03
  0.984375000      0.703125000      -1.83434933E-02 -0.297111213      -1.44782267E-03
   1.56250000E-02  0.734375000       1.33510784E-03   3.28193158E-02  -1.70410334E-04
   4.68750000E-02  0.734375000       5.32631529E-03   8.83967504E-02  -8.09068733E-05
   7.81250000E-02  0.734375000       1.10888928E-02  0.127550185      -5.05234129E-05
  0.109375000      0.734375000       1.74813569E-02  0.151290566      -1.26882878E-04
  0.140625000      0.734375000       2.42397990E-02  0.163680568      -4.07231448E-04
  0.171875000      0.734375000       3.14314365E-02  0.168541610      -9.85025428E-04
  0.203125000      0.734375000       3.91291007E-02  0.168478206      -1.92222768E-03
  0.234375000      0.734375000       4.72902060E-02  0.164993107      -3.24269664E-03
  0.265625000      0.734375000       5.57508096E-02  0.158876687      -4.93326038E-03
  0.296875000      0.734375000       6.42618388E-02  0.150545880      -6.94659958E-03
  0.328125000      0.734375000       7.25293681E-02  0.140257046      -9.20541212E-03
  0.359375000      0.734375000       8.02451968E-02  0.128220946      -1.16083287E-02
  0.390625000      0.734375000       8.71078596E-02  0.114660069      -1.40376482E-02
  0.421875000      0.734375000       9.28379148E-02   9.98339951E-02  -1.63686648E-02
  0.453125000      0.734375000       9.71906930E-02   8.40446353E-02  -1.84796825E-02
  0.484375000      0.734375000       9.99673605E-02   6.76259473E-02  -2.02619974E-02
  0.515625000      0.734375000      0.101022333       5.09205088E-02  -2.16285698E-02
  0.546875000      0.734375000      0.100261785       3.42448205E-02  -2.25201771E-02
  0.578125000      0.734375000       9.76238325E-02   1.78404152E-02  -2.29075532E-02
  0.609375000      0.734375000       9.30217803E-02   1.77119987E-03  -2.27884073E-02
  0.640625000      0.734375000       8.65532458E-02  -1.41365025E-02  -2.22800542E-02
  0.671875000      0.734375000       7.84223080E-02  -2.95988917E-02  -2.13838983E-02
  0.703125000      0.734375000       6.87476099E-02  -4.48606089E-02  -2.01610699E-02
  0.734375000      0.734375000       5.76565564E-02  -6.05402663E-02  -1.86859686E-02
  0.765625000      0.734375000       4.51942533E-02  -7.80408978E-02  -1.70312002E-02
  0.796875000      0.734375000       3.11022718E-02 -0.100563027      -1.52512975E-02
  0.828125000      0.734375000       1.39902486E-02 -0.135475978      -1.33526810E-02
  0.859375000      0.734375000      -8.47902056E-03 -0.196791649      -1.11486539E-02
  0.890625000      0.734375000      -3.25131044E-02 -0.287844718      -7.74301402E-03
  0.921875000      0.734375000      -4.78547625E-02 -0.387603283      -3.36328195E-03
  0.953125000      0.734375000      -4.45430577E-02 -0.444665730       7.82710733E-04
  0.984375000      0.734375000      -1.85255539E-02 -0.333983004       2.48166453E-03
   1.56250000E-02  0.765625000       8.50461831E-04   3.06314752E-02  -3.36517580E-04
   4.68750000E-02  0.765625000       3.89490440E-03   8.35446045E-02  -2.28777557E-04
   7.81250000E-02  0.765625000       9.12210159E-03  0.121408723      -6.20825303E-05
  0.109375000      0.765625000       1.57852415E-02  0.144373298       1.08162618E-04
  0.140625000      0.765625000       2.35513765E-02  0.156071037       1.32938338E-04
  0.171875000      0.765625000       3.22715752E-02  0.160238206      -1.34715519E-04
  0.203125000      0.765625000       4.17955071E-02  0.159560278      -7.93264888E-04
  0.234375000      0.765625000       5.19011840E-02  0.155646101      -1.88344764E-03
  0.265625000      0.765625000       6.23016693E-02  0.149366200      -3.39522725E-03
  0.296875000      0.765625000       7.26705119E-02  0.141181856      -5.27737942E-03
  0.328125000      0.765625000       8.26668441E-02  0.131364211      -7.44614517E-03
  0.359375000      0.765625000       9.19548646E-02  0.120118283      -9.79358051E-03
  0.390625000      0.765625000      0.100218251      0.107646033      -1.21963108E-02
  0.421875000      0.765625000      0.107171558       9.41746309E-02  -1.45249749E-02
  0.453125000      0.765625000      0.112569965       7.99629539E-02  -1.66539736E-02
  0.484375000      0.765625000      0.116217270       6.52935505E-02  -1.84709020E-02
  0.515625000      0.765625000      0.117970236       5.04542962E-02  -1.98845286E-02
  0.546875000      0.765625000      0.117736608       3.57136466E-02  -2.08305120E-02
  0.578125000      0.765625000      0.115463793       2.12897100E-02  -2.12738775E-02
  0.609375000      0.765625000      0.111115947       7.27814948E-03  -2.12077126E-02
  0.640625000      0.765625000      0.104651183      -6.70533488E-03  -2.06978209E-02
  0.671875000      0.765625000       9.61844251E-02  -2.04292461E-02  -1.98107678E-02
  0.703125000      0.765625000       8.59360695E-02  -3.41054760E-02  -1.85585897E-02
  0.734375000      0.765625000       7.40580782E-02  -4.83261533E-02  -1.70077458E-02
  0.765625000      0.765625000       6.06709495E-02  -6.44070059E-02  -1.52201690E-02
  0.796875000      0.765625000       4.57862839E-02  -8.52233991E-02  -1.32394014E-02
  0.828125000      0.765625000       2.89804563E-02 -0.116902262      -1.10643683E-02
  0.859375000      0.765625000       7.91483838E-03 -0.171836019      -8.61171726E-03
  0.890625000      0.765625000      -1.74865648E-02 -0.263372421      -4.99772653E-03
  0.921875000      0.765625000      -3.82313095E-02 -0.375998378       3.07800714E-04
  0.953125000      0.765625000      -4.10136729E-02 -0.456809789       5.78618189E-03
  0.984375000      0.765625000      -1.81833506E-02 -0.370695710       8.41261726E-03
   1.56250000E-02  0.796875000      -9.40017053E-05   2.98722163E-02  -4.81745112E-04
   4.68750000E-02  0.796875000       1.12033286E-03   8.00394267E-02  -3.32342868E-04
   7.81250000E-02  0.796875000       5.17990720E-03  0.115621105       2.23766801E-05
  0.109375000      0.796875000       1.18474904E-02  0.136824533       4.99819114E-04
  0.140625000      0.796875000       2.05899738E-02  0.147106707       8.83985136E-04
  0.171875000      0.796875000       3.09443921E-02  0.150124580       9.65463696E-04
  0.203125000      0.796875000       4.24687006E-02  0.148623675       6.03310647E-04
  0.234375000      0.796875000       5.46991006E-02  0.144246191      -2.58682237E-04
  0.265625000      0.796875000       6.71919882E-02  0.137874082      -1.60831946E-03
  0.296875000      0.796875000       7.95342028E-02  0.129966125      -3.38469865E-03
  0.328125000      0.796875000       9.13425311E-02  0.120780297      -5.49302110E-03
  0.359375000      0.796875000      0.102264240      0.110499099      -7.81562366E-03
  0.390625000      0.796875000      0.111980326       9.92936492E-02  -1.02215353E-02
  0.421875000      0.796875000      0.120210640       8.73521864E-02  -1.25757605E-02
  0.453125000      0.796875000      0.126719669       7.48872012E-02  -1.47484448E-02
  0.484375000      0.796875000      0.131321594       6.21293262E-02  -1.66234951E-02
  0.515625000      0.796875000      0.133882999       4.93129939E-02  -1.81058031E-02
  0.546875000      0.796875000      0.134322196       3.66574787E-02  -1.91265531E-02
  0.578125000      0.796875000      0.132604569       2.43434496E-02  -1.96459647E-02
  0.609375000      0.796875000      0.128722727       1.24603081E-02  -1.96538232E-02
  0.640625000      0.796875000      0.122537442       7.67159625E-04  -1.91667844E-02
  0.671875000      0.796875000      0.114132673      -1.10274572E-02  -1.82871968E-02
  0.703125000      0.796875000      0.103782281      -2.29072329E-02  -1.70092396E-02
  0.734375000      0.796875000       9.15979221E-02  -3.54625359E-02  -1.53756980E-02
  0.765625000      0.796875000       7.76956230E-02  -4.99836355E-02  -1.34225953E-02
  0.796875000      0.796875000       6.21655062E-02  -6.92365244E-02  -1.11580342E-02
  0.828125000      0.796875000       4.49565277E-02  -9.88809615E-02  -8.52463115E-03
  0.859375000      0.796875000       2.54249312E-02 -0.149267972      -5.34245279E-03
  0.890625000      0.796875000       7.39053823E-04 -0.235863045      -1.26757170E-03
  0.921875000      0.796875000      -2.44877450E-02 -0.357547820       5.48763154E-03
  0.953125000      0.796875000      -3.47116739E-02 -0.462266564       1.31505709E-02
  0.984375000      0.796875000      -1.69542916E-02 -0.405838370       1.73102450E-02
   1.56250000E-02  0.828125000      -1.68156833E-03   3.16441543E-02  -6.54477393E-04
   4.68750000E-02  0.828125000      -3.66363768E-03   7.90274888E-02  -4.75195877E-04
   7.81250000E-02  0.828125000      -1.60791632E-03  0.110509403       1.97382731E-04
  0.109375000      0.828125000       5.07914741E-03  0.128573418       1.06907042E-03
  0.140625000      0.828125000       1.50562823E-02  0.136631086       1.85488351E-03
  0.171875000      0.828125000       2.73341574E-02  0.137962133       2.31254986E-03
  0.203125000      0.828125000       4.11624499E-02  0.135429084       2.24705157E-03
  0.234375000      0.828125000       5.57746291E-02  0.130595386       1.59238267E-03
  0.265625000      0.828125000       7.05531090E-02  0.124252513       3.71849397E-04
  0.296875000      0.828125000       8.50055739E-02  0.116793975      -1.33690948E-03
  0.328125000      0.828125000       9.87224430E-02  0.108430229      -3.42353131E-03
  0.359375000      0.828125000      0.111351326       9.93034095E-02  -5.75811276E-03
  0.390625000      0.828125000      0.122586519       8.95444676E-02  -8.20089690E-03
  0.421875000      0.828125000      0.132166967       7.92981759E-02  -1.06109260E-02
  0.453125000      0.828125000      0.139878303       6.87291399E-02  -1.28542101E-02
  0.484375000      0.828125000      0.145555615       5.80166802E-02  -1.48113370E-02
  0.515625000      0.828125000      0.149085164       4.73430119E-02  -1.63839161E-02
  0.546875000      0.828125000      0.150403857       3.68773267E-02  -1.74990129E-02
  0.578125000      0.828125000      0.149495989       2.67559458E-02  -1.81115400E-02
  0.609375000      0.828125000      0.146382451       1.70489158E-02  -1.82041544E-02
  0.640625000      0.828125000      0.141074434       7.67628616E-03  -1.77839231E-02
  0.671875000      0.828125000      0.133411288      -1.86594098E-03  -1.68905985E-02
  0.703125000      0.828125000      0.123528413      -1.18347164E-02  -1.56011628E-02
  0.734375000      0.828125000      0.111745477      -2.25689895E-02  -1.38873775E-02
  0.765625000      0.828125000       9.81067494E-02  -3.53396833E-02  -1.17445933E-02
  0.796875000      0.828125000       8.26511830E-02  -5.29007949E-02  -9.11402516E-03
  0.828125000      0.828125000       6.53795600E-02  -8.07446837E-02  -5.82744228E-03
  0.859375000      0.828125000       4.59797904E-02 -0.128483683      -1.51287043E-03
  0.890625000      0.828125000       2.31885724E-02 -0.209181949       4.44451999E-03
  0.921875000      0.828125000      -4.18480346E-03 -0.331642151       1.27039067E-02
  0.953125000      0.828125000      -2.37175114E-02 -0.458431304       2.40431800E-02
  0.984375000      0.828125000      -1.41820051E-02 -0.436980784       3.08735538E-02
   1.56250000E-02  0.859375000      -4.45411727E-03   3.77751663E-02  -9.56571370E-04
   4.68750000E-02  0.859375000      -1.12874489E-02   8.17015320E-02  -6.90871209E-04
   7.81250000E-02  0.859375000      -1.18614156E-02  0.106342688       3.95700685E-04
  0.109375000      0.859375000      -5.04545216E-03  0.119226530       1.80072919E-03
  0.140625000      0.859375000       6.82024984E-03  0.124125421       3.03955423E-03
  0.171875000      0.859375000       2.17082277E-02  0.123293817       3.89212510E-03
  0.203125000      0.859375000       3.83496657E-02  0.119620882       4.10162751E-03
  0.234375000      0.859375000       5.56966439E-02  0.114439204       3.61151155E-03
  0.265625000      0.859375000       7.29998797E-02  0.108323596       2.47083255E-03
  0.296875000      0.859375000       8.97317752E-02  0.101537257       7.81441573E-04
  0.328125000      0.859375000      0.105490528       9.42122489E-02  -1.32752873E-03
  0.359375000      0.859375000      0.119949907       8.64361376E-02  -3.71290511E-03
  0.390625000      0.859375000      0.132837683       7.82936290E-02  -6.22612052E-03
  0.421875000      0.859375000      0.143928736       6.98838383E-02  -8.72069038E-03
  0.453125000      0.859375000      0.153044641       6.13235421E-02  -1.10591222E-02
  0.484375000      0.859375000      0.160055339       5.27420789E-02  -1.31194629E-02
  0.515625000      0.859375000      0.164880112       4.42711115E-02  -1.48007143E-02
  0.546875000      0.859375000      0.167486876       3.60311866E-02  -1.60264820E-02
  0.578125000      0.859375000      0.167888626       2.81147808E-02  -1.67465955E-02
  0.609375000      0.859375000      0.166135252       2.05624662E-02  -1.69362761E-02
  0.640625000      0.859375000      0.162291110       1.33191422E-02  -1.65926646E-02
  0.671875000      0.859375000      0.156341672       6.10636780E-03  -1.57277659E-02
  0.703125000      0.859375000      0.148107082      -1.68936746E-03  -1.43739088E-02
  0.734375000      0.859375000      0.137793109      -1.06196394E-02  -1.25879627E-02
  0.765625000      0.859375000      0.125656605      -2.15184856E-02  -1.02402940E-02
  0.796875000      0.859375000      0.111573718      -3.71910520E-02  -7.15455320E-03
  0.828125000      0.859375000       9.54011530E-02  -6.30206838E-02  -2.97233509E-03
  0.859375000      0.859375000       7.65956193E-02 -0.108015381       3.00107594E-03
  0.890625000      0.859375000       5.37031479E-02 -0.183980495       1.18351346E-02
  0.921875000      0.859375000       2.46626064E-02 -0.300444543       2.44343672E-02
  0.953125000      0.859375000      -4.43273131E-03 -0.441018373       4.03667763E-02
  0.984375000      0.859375000      -8.60435143E-03 -0.459774077       5.21150604E-02
   1.56250000E-02  0.890625000      -9.14829038E-03   5.13722114E-02  -1.77895033E-03
   4.68750000E-02  0.890625000      -2.27740221E-02   8.85512978E-02  -1.21078885E-03
   7.81250000E-02  0.890625000      -2.54155546E-02  0.102694981       5.80296211E-04
  0.109375000      0.890625000      -1.73859373E-02  0.108015940       2.69622006E-03
  0.140625000      0.890625000      -2.47828965E-03  0.108550444       4.42450261E-03
  0.171875000      0.890625000       1.61753092E-02  0.105316773       5.66364266E-03
  0.203125000      0.890625000       3.64370979E-02  0.100686207       6.10295357E-03
  0.234375000      0.890625000       5.70202023E-02   9.54364240E-02   5.71429543E-03
  0.265625000      0.890625000       7.72038549E-02   8.98339599E-02   4.59354790E-03
  0.296875000      0.890625000       9.65166986E-02   8.39788169E-02   2.87225330E-03
  0.328125000      0.890625000      0.114615776       7.79118836E-02   6.98695483E-04
  0.359375000      0.890625000      0.131232619       7.16615990E-02  -1.77166751E-03
  0.390625000      0.890625000      0.146151036       6.52654022E-02  -4.38272301E-03
  0.421875000      0.890625000      0.159199715       5.87774925E-02  -6.98356470E-03
  0.453125000      0.890625000      0.170251608       5.22684827E-02  -9.43420827E-03
  0.484375000      0.890625000      0.179225162       4.58200350E-02  -1.16110556E-02
  0.515625000      0.890625000      0.186084688       3.95161994E-02  -1.34113310E-02
  0.546875000      0.890625000      0.190838560       3.34325135E-02  -1.47560202E-02
  0.578125000      0.890625000      0.193534076       2.76225135E-02  -1.55905262E-02
  0.609375000      0.890625000      0.194247738       2.20996905E-02  -1.58829503E-02
  0.640625000      0.890625000      0.193068102       1.68094821E-02  -1.56193227E-02
  0.671875000      0.890625000      0.190061063       1.15745999E-02  -1.47951785E-02
  0.703125000      0.890625000      0.185174078       5.96389826E-03  -1.34017635E-02
  0.734375000      0.890625000      0.178099871      -8.87915725E-04  -1.14093628E-02
  0.765625000      0.890625000      0.168953121      -9.97322053E-03  -8.85447673E-03
  0.796875000      0.890625000      0.157894135      -2.36035082E-02  -5.19262068E-03
  0.828125000      0.890625000      0.144361645      -4.69153374E-02   2.37464556E-04
  0.859375000      0.890625000      0.126984149      -8.79523829E-02   8.64271633E-03
  0.890625000      0.890625000      0.102990977     -0.157174125       2.18401905E-02
  0.921875000      0.890625000       6.90998882E-02 -0.264335603       4.14597988E-02
  0.953125000      0.890625000       2.70741023E-02 -0.406023860       6.62567466E-02
  0.984375000      0.890625000       2.42290646E-03 -0.465962887       8.63408372E-02
   1.56250000E-02  0.921875000      -1.57002751E-02   7.62153193E-02  -4.31638816E-03
   4.68750000E-02  0.921875000      -3.58345881E-02   9.74553153E-02  -2.52679270E-03
   7.81250000E-02  0.921875000      -3.62328663E-02   9.68162939E-02   6.17247832E-04
  0.109375000      0.921875000      -2.32515223E-02   9.28702503E-02   3.72070214E-03
  0.140625000      0.921875000      -2.55881483E-03   8.80819410E-02   6.01889985E-03
  0.171875000      0.921875000       2.16449704E-02   8.29158649E-02   7.58715812E-03
  0.203125000      0.921875000       4.65732776E-02   7.78875798E-02   8.16494878E-03
  0.234375000      0.921875000       7.12025985E-02   7.30136484E-02   7.80192669E-03
  0.265625000      0.921875000       9.50039029E-02   6.82644993E-02   6.64293440E-03
  0.296875000      0.921875000      0.117639109       6.35951161E-02   4.84682992E-03
  0.328125000      0.921875000      0.138866618       5.89663647E-02   2.57794303E-03
  0.359375000      0.921875000      0.158502012       5.43547273E-02   1.26516363E-06
  0.390625000      0.921875000      0.176402301       4.97557521E-02  -2.72168685E-03
  0.421875000      0.921875000      0.192461312       4.51835692E-02  -5.43711381E-03
  0.453125000      0.921875000      0.206609756       4.06676158E-02  -8.00371170E-03
  0.484375000      0.921875000      0.218816206       3.62473689E-02  -1.02971159E-02
  0.515625000      0.921875000      0.229086727       3.19656804E-02  -1.22137088E-02
  0.546875000      0.921875000      0.237461835       2.78607570E-02  -1.36727346E-02
  0.578125000      0.921875000      0.244009823       2.39568092E-02  -1.46162398E-02
  0.609375000      0.921875000      0.248815417       2.02511251E-02  -1.50061166E-02
  0.640625000      0.921875000      0.251962125       1.66944508E-02  -1.48177091E-02
  0.671875000      0.921875000      0.253505409       1.31549854E-02  -1.40279895E-02
  0.703125000      0.921875000      0.253431171       9.34415590E-03  -1.25961704E-02
  0.734375000      0.921875000      0.251588166       4.64565307E-03  -1.04309097E-02
  0.765625000      0.921875000      0.247567385      -2.34686397E-03  -7.37954490E-03
  0.796875000      0.921875000      0.241086781      -1.37013923E-02  -2.94228899E-03
  0.828125000      0.921875000      0.231286287      -3.34979892E-02   4.27312497E-03
  0.859375000      0.921875000      0.215365291      -6.80868775E-02   1.61660518E-02
  0.890625000      0.921875000      0.188388273     -0.126086220       3.56422514E-02
  0.921875000      0.921875000      0.144337282     -0.217498764       6.56882524E-02
  0.953125000      0.921875000       8.11728984E-02 -0.347688854      0.105763003    
  0.984375000      0.921875000       2.25283261E-02 -0.441019177      0.141704172    
   1.56250000E-02  0.953125000      -1.63464788E-02  0.108256735      -1.19055361E-02
   4.68750000E-02  0.953125000      -2.66276598E-02   9.58163515E-02  -4.94387466E-03
   7.81250000E-02  0.953125000      -7.15622539E-03   7.93675557E-02   6.92564121E-04
  0.109375000      0.953125000       2.19235364E-02   6.82447851E-02   4.98501584E-03
  0.140625000      0.953125000       5.36146909E-02   6.03107922E-02   7.94686005E-03
  0.171875000      0.953125000       8.54876339E-02   5.45989498E-02   9.67919454E-03
  0.203125000      0.953125000      0.116720118       5.00337891E-02   1.02644330E-02
  0.234375000      0.953125000      0.146821856       4.61267382E-02   9.84581932E-03
  0.265625000      0.953125000      0.175525576       4.26380746E-02   8.59707035E-03
  0.296875000      0.953125000      0.202680558       3.94250304E-02   6.69497903E-03
  0.328125000      0.953125000      0.228188261       3.63973118E-02   4.31392202E-03
  0.359375000      0.953125000      0.251976699       3.34985889E-02   1.62419141E-03
  0.390625000      0.953125000      0.273992658       3.06967087E-02  -1.21018291E-03
  0.421875000      0.953125000      0.294201404       2.79780142E-02  -4.03458485E-03
  0.453125000      0.953125000      0.312588751       2.53421571E-02  -6.70771673E-03
  0.484375000      0.953125000      0.329163253       2.27977075E-02  -9.10554733E-03
  0.515625000      0.953125000      0.343956590       2.03577690E-02  -1.11245038E-02
  0.546875000      0.953125000      0.357021779       1.80346854E-02  -1.26830423E-02
  0.578125000      0.953125000      0.368427396       1.58349741E-02  -1.37209734E-02
  0.609375000      0.953125000      0.378248066       1.37513205E-02  -1.41952783E-02
  0.640625000      0.953125000      0.386548102       1.17505798E-02  -1.40716322E-02
  0.671875000      0.953125000      0.393354714       9.75011662E-03  -1.33080892E-02
  0.703125000      0.953125000      0.398615122       7.56151648E-03  -1.18249133E-02
  0.734375000      0.953125000      0.402141631       4.74078022E-03  -9.44799464E-03
  0.765625000      0.953125000      0.403560162       1.52159482E-04  -5.80631476E-03
  0.796875000      0.953125000      0.401836634      -8.00816156E-03   8.14012492E-06
  0.828125000      0.953125000      0.394535184      -2.21034735E-02   9.71954316E-03
  0.859375000      0.953125000      0.377134502      -4.61758375E-02   2.61379741E-02
  0.890625000      0.953125000      0.342373967      -8.62768888E-02   5.35246283E-02
  0.921875000      0.953125000      0.280309498     -0.151210487       9.70419422E-02
  0.953125000      0.953125000      0.181465879     -0.251988441      0.159454480    
  0.984375000      0.953125000       6.09357096E-02 -0.357563317      0.226864010    
   1.56250000E-02  0.984375000       6.22976720E-02   6.23002648E-02  -2.95645688E-02
   4.68750000E-02  0.984375000      0.169464871       4.48735580E-02  -4.30471636E-03
   7.81250000E-02  0.984375000      0.247310236       3.29790376E-02   4.20856941E-03
  0.109375000      0.984375000      0.306567788       2.62840483E-02   8.52742605E-03
  0.140625000      0.984375000      0.354992986       2.21453123E-02   1.11053130E-02
  0.171875000      0.984375000      0.396505535       1.93705261E-02   1.24685280E-02
  0.203125000      0.984375000      0.433200479       1.73271000E-02   1.27574941E-02
  0.234375000      0.984375000      0.466225058       1.56998746E-02   1.21016148E-02
  0.265625000      0.984375000      0.496251404       1.43285235E-02   1.06554246E-02
  0.296875000      0.984375000      0.523702264       1.31238466E-02   8.58385675E-03
  0.328125000      0.984375000      0.548857689       1.20323626E-02   6.05408475E-03
  0.359375000      0.984375000      0.571910799       1.10208998E-02   3.23139760E-03
  0.390625000      0.984375000      0.593001127       1.00689102E-02   2.76330305E-04
  0.421875000      0.984375000      0.612236083       9.16475151E-03  -2.65958719E-03
  0.453125000      0.984375000      0.629705191       8.30276124E-03  -5.43748448E-03
  0.484375000      0.984375000      0.645491183       7.48130213E-03  -7.93492701E-03
  0.515625000      0.984375000      0.659675777       6.70125335E-03  -1.00496318E-02
  0.546875000      0.984375000      0.672342896       5.96389826E-03  -1.17000164E-02
  0.578125000      0.984375000      0.683578134       5.26949624E-03  -1.28248371E-02
  0.609375000      0.984375000      0.693463326       4.61442163E-03  -1.33777587E-02
  0.640625000      0.984375000      0.702065766       3.98722012E-03  -1.33171836E-02
  0.671875000      0.984375000      0.709413052       3.36005096E-03  -1.25853885E-02
  0.703125000      0.984375000      0.715437353       2.66515836E-03  -1.10625019E-02
  0.734375000      0.984375000      0.719822049       1.72153139E-03  -8.45398195E-03
  0.765625000      0.984375000      0.721554399       1.36148883E-05  -3.96437757E-03
  0.796875000      0.984375000      0.718481302      -3.08269029E-03   3.45601514E-03
  0.828125000      0.984375000      0.707067013      -8.32599308E-03   1.56666022E-02
  0.859375000      0.984375000      0.681616902      -1.71174053E-02   3.62486430E-02
  0.890625000      0.984375000      0.632759035      -3.17330882E-02   7.05449432E-02
  0.921875000      0.984375000      0.545034885      -5.59829697E-02  0.125684589    
  0.953125000      0.984375000      0.392843485      -9.61996689E-02  0.208907530    
  0.984375000      0.984375000      0.148319617     -0.148316011      0.320582807    
