 VARIABLES="X","Y","U","V","P"
 ZONE F=POINT, I=          32 , J=          32
   1.56250000E-02   1.56250000E-02   4.04416845E-04  -4.05172148E-04   1.57862194E-02
   4.68750000E-02   1.56250000E-02   1.31298613E-03  -5.05163567E-04   1.57471076E-02
   7.81250000E-02   1.56250000E-02   2.07331730E-03  -2.57196487E-04   1.56089850E-02
  0.109375000       1.56250000E-02   2.24725320E-03   8.12344442E-05   1.53950555E-02
  0.140625000       1.56250000E-02   1.74593052E-03   4.18081152E-04   1.51243005E-02
  0.171875000       1.56250000E-02   5.90626732E-04   7.35232432E-04   1.48090087E-02
  0.203125000       1.56250000E-02  -1.19217683E-03   1.04558992E-03   1.44549469E-02
  0.234375000       1.56250000E-02  -3.59999854E-03   1.36026496E-03   1.40693318E-02
  0.265625000       1.56250000E-02  -6.64138701E-03   1.67918392E-03   1.36664677E-02
  0.296875000       1.56250000E-02  -1.03098722E-02   1.98738766E-03   1.32676577E-02
  0.328125000       1.56250000E-02  -1.45599712E-02   2.26082210E-03   1.29023092E-02
  0.359375000       1.56250000E-02  -1.92932524E-02   2.47059204E-03   1.26068993E-02
  0.390625000       1.56250000E-02  -2.43524201E-02   2.58672517E-03   1.24228476E-02
  0.421875000       1.56250000E-02  -2.95226052E-02   2.58162036E-03   1.23934262E-02
  0.453125000       1.56250000E-02  -3.45390514E-02   2.43296823E-03   1.25598414E-02
  0.484375000       1.56250000E-02  -3.90995704E-02   2.12565390E-03   1.29566379E-02
  0.515625000       1.56250000E-02  -4.28799130E-02   1.65272388E-03   1.36065129E-02
  0.546875000       1.56250000E-02  -4.55509648E-02   1.01625954E-03   1.45146251E-02
  0.578125000       1.56250000E-02  -4.68002409E-02   2.30812831E-04   1.56624559E-02
  0.609375000       1.56250000E-02  -4.63757478E-02  -6.57672994E-04   1.69764869E-02
  0.640625000       1.56250000E-02  -4.40096557E-02  -1.71097054E-03   1.83260385E-02
  0.671875000       1.56250000E-02  -3.94955315E-02  -2.80588167E-03   1.95952915E-02
  0.703125000       1.56250000E-02  -3.28990966E-02  -3.79342400E-03   2.06464492E-02
  0.734375000       1.56250000E-02  -2.46018916E-02  -4.50675050E-03   2.13475227E-02
  0.765625000       1.56250000E-02  -1.53344506E-02  -4.76370240E-03   2.16077846E-02
  0.796875000       1.56250000E-02  -6.18667342E-03  -4.38706391E-03   2.14161631E-02
  0.828125000       1.56250000E-02   1.45025877E-03  -3.25276167E-03   2.08755620E-02
  0.859375000       1.56250000E-02   6.20394573E-03  -1.50369224E-03   2.01709345E-02
  0.890625000       1.56250000E-02   7.54709076E-03   1.57905088E-04   1.95010714E-02
  0.921875000       1.56250000E-02   6.15523104E-03   1.23141194E-03   1.90186240E-02
  0.953125000       1.56250000E-02   3.35745444E-03   1.56387314E-03   1.87726859E-02
  0.984375000       1.56250000E-02   8.96171841E-04   8.95400997E-04   1.87539868E-02
   1.56250000E-02   4.68750000E-02   5.04684052E-04  -1.31605682E-03   1.58239231E-02
   4.68750000E-02   4.68750000E-02   1.34264946E-03  -1.34489825E-03   1.57795828E-02
   7.81250000E-02   4.68750000E-02   1.34822121E-03  -1.87967162E-04   1.56513862E-02
  0.109375000       4.68750000E-02  -1.41779368E-04   1.32348121E-03   1.54629089E-02
  0.140625000       4.68750000E-02  -3.29411286E-03   2.82492675E-03   1.52241681E-02
  0.171875000       4.68750000E-02  -8.05732049E-03   4.24236152E-03   1.49412304E-02
  0.203125000       4.68750000E-02  -1.43314227E-02   5.59085840E-03   1.46163953E-02
  0.234375000       4.68750000E-02  -2.19860319E-02   6.87295618E-03   1.42544955E-02
  0.265625000       4.68750000E-02  -3.08358818E-02   8.05332046E-03   1.38666397E-02
  0.296875000       4.68750000E-02  -4.06208485E-02   9.06236004E-03   1.34717748E-02
  0.328125000       4.68750000E-02  -5.10051176E-02   9.81594343E-03   1.30974576E-02
  0.359375000       4.68750000E-02  -6.15900867E-02   1.02295037E-02   1.27792908E-02
  0.390625000       4.68750000E-02  -7.19346553E-02   1.02273859E-02   1.25590386E-02
  0.421875000       4.68750000E-02  -8.15768763E-02   9.74924304E-03   1.24815730E-02
  0.453125000       4.68750000E-02  -9.00536031E-02   8.75436980E-03   1.25907334E-02
  0.484375000       4.68750000E-02  -9.69170406E-02   7.22398097E-03   1.29244449E-02
  0.515625000       4.68750000E-02 -0.101748675       5.16199507E-03   1.35093220E-02
  0.546875000       4.68750000E-02 -0.104170829       2.59560253E-03   1.43551677E-02
  0.578125000       4.68750000E-02 -0.103854612      -4.20362048E-04   1.54505111E-02
  0.609375000       4.68750000E-02 -0.100454919      -3.83592863E-03   1.66760683E-02
  0.640625000       4.68750000E-02  -9.38023925E-02  -7.55698048E-03   1.79612599E-02
  0.671875000       4.68750000E-02  -8.40348229E-02  -1.12476051E-02   1.91806350E-02
  0.703125000       4.68750000E-02  -7.14866221E-02  -1.45027097E-02   2.01967787E-02
  0.734375000       4.68750000E-02  -5.67338243E-02  -1.68540664E-02   2.08813939E-02
  0.765625000       4.68750000E-02  -4.06504348E-02  -1.77739151E-02   2.11485270E-02
  0.796875000       4.68750000E-02  -2.44607907E-02  -1.67209320E-02   2.09918991E-02
  0.828125000       4.68750000E-02  -9.74760205E-03  -1.32754771E-02   2.05100942E-02
  0.859375000       4.68750000E-02   1.58923655E-03  -7.57767726E-03   1.98968127E-02
  0.890625000       4.68750000E-02   7.65918661E-03  -1.18711102E-03   1.93304773E-02
  0.921875000       4.68750000E-02   8.21715128E-03   3.40462057E-03   1.89318415E-02
  0.953125000       4.68750000E-02   5.20027429E-03   5.19972946E-03   1.87321734E-02
  0.984375000       4.68750000E-02   1.56337570E-03   3.35309142E-03   1.87265072E-02
   1.56250000E-02   7.81250000E-02   1.12998168E-04  -1.93581067E-03   1.59697123E-02
   4.68750000E-02   7.81250000E-02  -4.14806942E-04  -1.03998731E-03   1.58967972E-02
   7.81250000E-02   7.81250000E-02  -2.79115955E-03   1.87269563E-03   1.57619286E-02
  0.109375000       7.81250000E-02  -7.37516303E-03   5.33163920E-03   1.55806094E-02
  0.140625000       7.81250000E-02  -1.41190244E-02   8.70780740E-03   1.53563526E-02
  0.171875000       7.81250000E-02  -2.28437111E-02   1.18422508E-02   1.50852418E-02
  0.203125000       7.81250000E-02  -3.32861394E-02   1.47024095E-02   1.47627313E-02
  0.234375000       7.81250000E-02  -4.51101065E-02   1.72349587E-02   1.43889394E-02
  0.265625000       7.81250000E-02  -5.79120591E-02   1.93381868E-02   1.39720365E-02
  0.296875000       7.81250000E-02  -7.12362230E-02   2.08817981E-02   1.35299610E-02
  0.328125000       7.81250000E-02  -8.45954195E-02   2.17352565E-02   1.30909644E-02
  0.359375000       7.81250000E-02  -9.74915251E-02   2.17866451E-02   1.26929637E-02
  0.390625000       7.81250000E-02 -0.109433673       2.09524389E-02   1.23814959E-02
  0.421875000       7.81250000E-02 -0.119953617       1.91819035E-02   1.22063477E-02
  0.453125000       7.81250000E-02 -0.128617898       1.64582841E-02   1.22169200E-02
  0.484375000       7.81250000E-02 -0.135036945       1.27980663E-02   1.24568138E-02
  0.515625000       7.81250000E-02 -0.138870955       8.24894197E-03   1.29578933E-02
  0.546875000       7.81250000E-02 -0.139832050       2.88706156E-03   1.37346657E-02
  0.578125000       7.81250000E-02 -0.137679800      -3.18544288E-03   1.47520788E-02
  0.609375000       7.81250000E-02 -0.132284403      -9.87147167E-03   1.59292687E-02
  0.640625000       7.81250000E-02 -0.123692691      -1.67715997E-02   1.71944499E-02
  0.671875000       7.81250000E-02 -0.112088844      -2.34107636E-02   1.84218958E-02
  0.703125000       7.81250000E-02  -9.77748185E-02  -2.92085428E-02   1.94729865E-02
  0.734375000       7.81250000E-02  -8.12172815E-02  -3.34655903E-02   2.02168841E-02
  0.765625000       7.81250000E-02  -6.31077886E-02  -3.53624374E-02   2.05618199E-02
  0.796875000       7.81250000E-02  -4.44267169E-02  -3.40102799E-02   2.04910934E-02
  0.828125000       7.81250000E-02  -2.65001785E-02  -2.86328383E-02   2.00894233E-02
  0.859375000       7.81250000E-02  -1.10157160E-02  -1.90483183E-02   1.95348039E-02
  0.890625000       7.81250000E-02   2.26576813E-05  -6.83121709E-03   1.90179143E-02
  0.921875000       7.81250000E-02   4.76510683E-03   3.74208041E-03   1.86480097E-02
  0.953125000       7.81250000E-02   4.03046701E-03   8.60767160E-03   1.84759647E-02
  0.984375000       7.81250000E-02   1.34650618E-03   6.26082253E-03   1.84697900E-02
   1.56250000E-02  0.109375000      -6.27113797E-04  -1.42382411E-03   1.62036996E-02
   4.68750000E-02  0.109375000      -3.38207162E-03   1.72597775E-03   1.60805881E-02
   7.81250000E-02  0.109375000      -8.96993838E-03   7.06561189E-03   1.59225911E-02
  0.109375000      0.109375000      -1.70348305E-02   1.27823260E-02   1.57283023E-02
  0.140625000      0.109375000      -2.72256136E-02   1.81865189E-02   1.54886600E-02
  0.171875000      0.109375000      -3.92025411E-02   2.30599567E-02   1.51906358E-02
  0.203125000      0.109375000      -5.25826178E-02   2.73020826E-02   1.48233101E-02
  0.234375000      0.109375000      -6.69249520E-02   3.07965837E-02   1.43831298E-02
  0.265625000      0.109375000      -8.17479044E-02   3.33966091E-02   1.38772419E-02
  0.296875000      0.109375000      -9.65545028E-02   3.49494442E-02   1.33251408E-02
  0.328125000      0.109375000     -0.110854477       3.53222825E-02   1.27588697E-02
  0.359375000      0.109375000     -0.124180719       3.44176330E-02   1.22218113E-02
  0.390625000      0.109375000     -0.136101335       3.21800113E-02   1.17660044E-02
  0.421875000      0.109375000     -0.146228403       2.85972618E-02   1.14479847E-02
  0.453125000      0.109375000     -0.154223979       2.36988068E-02   1.13234520E-02
  0.484375000      0.109375000     -0.159803510       1.75521206E-02   1.14411553E-02
  0.515625000      0.109375000     -0.162736446       1.02577824E-02   1.18364394E-02
  0.546875000      0.109375000     -0.162844464       1.94307172E-03   1.25250909E-02
  0.578125000      0.109375000     -0.159995168      -7.24752853E-03   1.34601844E-02
  0.609375000      0.109375000     -0.154161751      -1.70431174E-02   1.46089308E-02
  0.640625000      0.109375000     -0.145398200      -2.69605219E-02   1.58823803E-02
  0.671875000      0.109375000     -0.133789659      -3.64399664E-02   1.71606373E-02
  0.703125000      0.109375000     -0.119507745      -4.47814167E-02   1.83065739E-02
  0.734375000      0.109375000     -0.102849811      -5.11146262E-02   1.91859044E-02
  0.765625000      0.109375000      -8.42912346E-02  -5.43881170E-02   1.96957812E-02
  0.796875000      0.109375000      -6.45507351E-02  -5.34128919E-02   1.97983533E-02
  0.828125000      0.109375000      -4.46698740E-02  -4.70442623E-02   1.95479244E-02
  0.859375000      0.109375000      -2.61125900E-02  -3.46850753E-02   1.90908778E-02
  0.890625000      0.109375000      -1.08874403E-02  -1.74641851E-02   1.86147187E-02
  0.921875000      0.109375000      -1.29836192E-03   3.74837546E-05   1.82590261E-02
  0.953125000      0.109375000       1.73288351E-03   1.00097265E-02   1.80546492E-02
  0.984375000      0.109375000       8.32666818E-04   8.43791105E-03   1.80130992E-02
   1.56250000E-02  0.140625000      -1.56536768E-03   7.66449142E-04   1.64738260E-02
   4.68750000E-02  0.140625000      -6.82639610E-03   7.54671684E-03   1.62917394E-02
   7.81250000E-02  0.140625000      -1.55964214E-02   1.55972689E-02   1.60965901E-02
  0.109375000      0.140625000      -2.67300922E-02   2.34438032E-02   1.58620961E-02
  0.140625000      0.140625000      -3.96087468E-02   3.05891298E-02   1.55666694E-02
  0.171875000      0.140625000      -5.38110882E-02   3.68313603E-02   1.51908360E-02
  0.203125000      0.140625000      -6.89275786E-02   4.20221537E-02   1.47206038E-02
  0.234375000      0.140625000      -8.45168531E-02   4.60032374E-02   1.41520165E-02
  0.265625000      0.140625000     -0.100120276       4.86116856E-02   1.34944078E-02
  0.296875000      0.140625000     -0.115286320       4.97026443E-02   1.27717787E-02
  0.328125000      0.140625000     -0.129589662       4.91683111E-02   1.20224245E-02
  0.359375000      0.140625000     -0.142643362       4.69477177E-02   1.12969056E-02
  0.390625000      0.140625000     -0.154105932       4.30295020E-02   1.06544960E-02
  0.421875000      0.140625000     -0.163684502       3.74500006E-02   1.01582184E-02
  0.453125000      0.140625000     -0.171134949       3.02888621E-02   9.86892730E-03
  0.484375000      0.140625000     -0.176259756       2.16632076E-02   9.83870961E-03
  0.515625000      0.140625000     -0.178904444       1.17210746E-02   1.01040639E-02
  0.546875000      0.140625000     -0.178954154       6.34141848E-04   1.06790606E-02
  0.578125000      0.140625000     -0.176335067      -1.14105996E-02   1.15367118E-02
  0.609375000      0.140625000     -0.171001941      -2.40505673E-02   1.26556205E-02
  0.640625000      0.140625000     -0.162923127      -3.67998332E-02   1.39520764E-02
  0.671875000      0.140625000     -0.152093396      -4.90437374E-02   1.53130796E-02
  0.703125000      0.140625000     -0.138560474      -5.99977374E-02   1.66053940E-02
  0.734375000      0.140625000     -0.122457534      -6.86648190E-02   1.76918395E-02
  0.765625000      0.140625000     -0.104051188      -7.38087818E-02   1.84555501E-02
  0.796875000      0.140625000      -8.38110670E-02  -7.39789754E-02   1.88298505E-02
  0.828125000      0.140625000      -6.25112727E-02  -6.76649958E-02   1.88257396E-02
  0.859375000      0.140625000      -4.13843431E-02  -5.37546352E-02   1.85419284E-02
  0.890625000      0.140625000      -2.23462842E-02  -3.26637737E-02   1.81382559E-02
  0.921875000      0.140625000      -8.09517689E-03  -8.60891305E-03   1.77640170E-02
  0.953125000      0.140625000      -9.84999817E-04   8.50900263E-03   1.75025202E-02
  0.984375000      0.140625000       2.90220458E-04   9.55880713E-03   1.73977502E-02
   1.56250000E-02  0.171875000      -2.47526052E-03   4.80478071E-03   1.67016238E-02
   4.68750000E-02  0.171875000      -1.00039691E-02   1.62929744E-02   1.64600182E-02
   7.81250000E-02  0.171875000      -2.14014351E-02   2.70128474E-02   1.62141230E-02
  0.109375000      0.171875000      -3.48462425E-02   3.66011560E-02   1.59102790E-02
  0.140625000      0.171875000      -4.95560318E-02   4.50148210E-02   1.55171771E-02
  0.171875000      0.171875000      -6.50937036E-02   5.21404780E-02   1.50131248E-02
  0.203125000      0.171875000      -8.10789913E-02   5.78098670E-02   1.43852774E-02
  0.234375000      0.171875000      -9.71224159E-02   6.18436113E-02   1.36330128E-02
  0.265625000      0.171875000     -0.112833075       6.40811399E-02   1.27708036E-02
  0.296875000      0.171875000     -0.127838328       6.44006357E-02   1.18292086E-02
  0.328125000      0.171875000     -0.141798571       6.27304316E-02   1.08538037E-02
  0.359375000      0.171875000     -0.154414982       5.90526238E-02   9.90241673E-03
  0.390625000      0.171875000     -0.165431857       5.34012839E-02   9.04081203E-03
  0.421875000      0.171875000     -0.174634665       4.58571538E-02   8.33728351E-03
  0.453125000      0.171875000     -0.181845769       3.65410149E-02   7.85641652E-03
  0.484375000      0.171875000     -0.186918691       2.56066695E-02   7.65246991E-03
  0.515625000      0.171875000     -0.189733490       1.32349506E-02   7.76259322E-03
  0.546875000      0.171875000     -0.190194845      -3.70896887E-04   8.20018724E-03
  0.578125000      0.171875000     -0.188234344      -1.49876066E-02   8.96629505E-03
  0.609375000      0.171875000     -0.183782056      -3.02617550E-02   1.00477366E-02
  0.640625000      0.171875000     -0.176753163      -4.56995443E-02   1.13715287E-02
  0.671875000      0.171875000     -0.167068273      -6.06622919E-02   1.28348675E-02
  0.703125000      0.171875000     -0.154664278      -7.43202418E-02   1.43112894E-02
  0.734375000      0.171875000     -0.139518857      -8.55953321E-02   1.56624429E-02
  0.765625000      0.171875000     -0.121695563      -9.31129754E-02   1.67567711E-02
  0.796875000      0.171875000     -0.101419315      -9.51965302E-02   1.74943823E-02
  0.828125000      0.171875000      -7.91976452E-02  -8.99744630E-02   1.78338848E-02
  0.859375000      0.171875000      -5.60172275E-02  -7.57581443E-02   1.78117268E-02
  0.890625000      0.171875000      -3.36585194E-02  -5.20626381E-02   1.75404940E-02
  0.921875000      0.171875000      -1.50684910E-02  -2.20567249E-02   1.71714574E-02
  0.953125000      0.171875000      -3.78171122E-03   3.55441961E-03   1.68304741E-02
  0.984375000      0.171875000      -1.97630492E-04   9.64950770E-03   1.66374110E-02
   1.56250000E-02  0.203125000      -3.19589535E-03   1.04735568E-02   1.67879723E-02
   4.68750000E-02  0.203125000      -1.24335531E-02   2.73852572E-02   1.64941065E-02
   7.81250000E-02  0.203125000      -2.56823674E-02   4.05610651E-02   1.61868241E-02
  0.109375000      0.203125000      -4.06390801E-02   5.14488518E-02   1.57892741E-02
  0.140625000      0.203125000      -5.64255826E-02   6.06580488E-02   1.52648445E-02
  0.171875000      0.203125000      -7.26162195E-02   6.82205185E-02   1.45935547E-02
  0.203125000      0.203125000      -8.88796002E-02   7.39738345E-02   1.37671586E-02
  0.234375000      0.203125000     -0.104894452       7.77337402E-02   1.27911652E-02
  0.265625000      0.203125000     -0.120348528       7.93520808E-02   1.16870832E-02
  0.296875000      0.203125000     -0.134951890       7.87351802E-02   1.04928985E-02
  0.328125000      0.203125000     -0.148446441       7.58480877E-02   9.26143676E-03
  0.359375000      0.203125000     -0.160609365       7.07121938E-02   8.05704575E-03
  0.390625000      0.203125000     -0.171251386       6.33989125E-02   6.95090555E-03
  0.421875000      0.203125000     -0.180212110       5.40217683E-02   6.01551216E-03
  0.453125000      0.203125000     -0.187354177       4.27285433E-02   5.31848939E-03
  0.484375000      0.203125000     -0.192558244       2.96952706E-02   4.91627026E-03
  0.515625000      0.203125000     -0.195720613       1.51226940E-02   4.84758336E-03
  0.546875000      0.203125000     -0.196754843      -7.63927819E-04   5.12728887E-03
  0.578125000      0.203125000     -0.195597827      -1.77131556E-02   5.78129757E-03
  0.609375000      0.203125000     -0.192177266      -3.54104564E-02   6.81091612E-03
  0.640625000      0.203125000     -0.186385006      -5.33738062E-02   8.15549493E-03
  0.671875000      0.203125000     -0.178085148      -7.09750950E-02   9.72500816E-03
  0.703125000      0.203125000     -0.167115957      -8.73834789E-02   1.14029124E-02
  0.734375000      0.203125000     -0.153307781     -0.101489149       1.30528491E-02
  0.765625000      0.203125000     -0.136526465     -0.111827761       1.45306960E-02
  0.796875000      0.203125000     -0.116754018     -0.116534919       1.57032553E-02
  0.828125000      0.203125000      -9.42254812E-02 -0.113391116       1.64725129E-02
  0.859375000      0.203125000      -6.96563721E-02 -0.100096092       1.68022588E-02
  0.890625000      0.203125000      -4.46201675E-02  -7.51247928E-02   1.67398024E-02
  0.921875000      0.203125000      -2.21138075E-02  -4.00961712E-02   1.64184459E-02
  0.953125000      0.203125000      -6.63128216E-03  -5.18058008E-03   1.60146393E-02
  0.984375000      0.203125000      -6.42640051E-04   8.80747102E-03   1.57107580E-02
   1.56250000E-02  0.234375000      -3.63800535E-03   1.73050407E-02   1.66417547E-02
   4.68750000E-02  0.234375000      -1.38992928E-02   4.00473475E-02   1.63066145E-02
   7.81250000E-02  0.234375000      -2.82056052E-02   5.54482788E-02   1.59324035E-02
  0.109375000      0.234375000      -4.39478979E-02   6.72550648E-02   1.54262651E-02
  0.140625000      0.234375000      -6.01833910E-02   7.68686086E-02   1.47503838E-02
  0.171875000      0.234375000      -7.65011832E-02   8.45136195E-02   1.38891246E-02
  0.203125000      0.234375000      -9.26183388E-02   9.00570601E-02   1.28408680E-02
  0.234375000      0.234375000     -0.108278759       9.33222026E-02   1.16187036E-02
  0.265625000      0.234375000     -0.123242065       9.41780806E-02   1.02519738E-02
  0.296875000      0.234375000     -0.137289852       9.25580934E-02   8.78615864E-03
  0.328125000      0.234375000     -0.150230274       8.84585828E-02   7.28084333E-03
  0.359375000      0.234375000     -0.161898047       8.19314271E-02   5.80611546E-03
  0.390625000      0.234375000     -0.172151148       7.30743781E-02   4.43786476E-03
  0.421875000      0.234375000     -0.180866152       6.20220453E-02   3.25234351E-03
  0.453125000      0.234375000     -0.187934101       4.89386246E-02   2.32036528E-03
  0.484375000      0.234375000     -0.193258375       3.40141281E-02   1.70121994E-03
  0.515625000      0.234375000     -0.196755499       1.74639821E-02   1.43666647E-03
  0.546875000      0.234375000     -0.198358148      -4.67728358E-04   1.54500781E-03
  0.578125000      0.234375000     -0.198021322      -1.95027664E-02   2.06726301E-03
  0.609375000      0.234375000     -0.195688874      -3.93737666E-02   3.02649383E-03
  0.640625000      0.234375000     -0.191250443      -5.96415065E-02   4.37470060E-03
  0.671875000      0.234375000     -0.184530258      -7.97283202E-02   6.03648974E-03
  0.703125000      0.234375000     -0.175281182      -9.88500118E-02   7.90864043E-03
  0.734375000      0.234375000     -0.163196832     -0.115917295       9.86139476E-03
  0.765625000      0.234375000     -0.147952765     -0.129427806       1.17434021E-02
  0.796875000      0.234375000     -0.129290417     -0.137373090       1.33926664E-02
  0.828125000      0.234375000     -0.107164904     -0.137210980       1.46560576E-02
  0.859375000      0.234375000      -8.19934905E-02 -0.126021162       1.54194674E-02
  0.890625000      0.234375000      -5.50736077E-02 -0.101160496       1.56488977E-02
  0.921875000      0.234375000      -2.92752609E-02  -6.23699687E-02   1.54332211E-02
  0.953125000      0.234375000      -9.76235047E-03  -1.79069918E-02   1.49822086E-02
  0.984375000      0.234375000      -1.19215529E-03   6.97104214E-03   1.45662576E-02
   1.56250000E-02  0.265625000      -3.78089026E-03   2.47215368E-02   1.61987673E-02
   4.68750000E-02  0.265625000      -1.43821286E-02   5.34880459E-02   1.58354584E-02
   7.81250000E-02  0.265625000      -2.90192291E-02   7.09452629E-02   1.53948516E-02
  0.109375000      0.265625000      -4.49177995E-02   8.33935514E-02   1.47758126E-02
  0.140625000      0.265625000      -6.10797107E-02   9.31226015E-02   1.39423981E-02
  0.171875000      0.265625000      -7.71005303E-02  0.100593895       1.28846075E-02
  0.203125000      0.265625000      -9.27359015E-02  0.105725668       1.16081070E-02
  0.234375000      0.265625000     -0.107782960      0.108358234       1.01339240E-02
  0.265625000      0.265625000     -0.122058809      0.108379178       8.49919394E-03
  0.296875000      0.265625000     -0.135400131      0.105744883       6.75657392E-03
  0.328125000      0.265625000     -0.147664011      0.100475654       4.97191399E-03
  0.359375000      0.265625000     -0.158726424       9.26448703E-02   3.22060823E-03
  0.390625000      0.265625000     -0.168479681       8.23682398E-02   1.58302044E-03
  0.421875000      0.265625000     -0.176830009       6.97949752E-02   1.39299722E-04
  0.453125000      0.265625000     -0.183696866       5.51023185E-02  -1.03613734E-03
  0.484375000      0.265625000     -0.189013764       3.84936891E-02  -1.88032584E-03
  0.515625000      0.265625000     -0.192729920       2.01998800E-02  -2.34747422E-03
  0.546875000      0.265625000     -0.194811791       4.83017648E-04  -2.41458160E-03
  0.578125000      0.265625000     -0.195243329      -2.03568526E-02  -2.03768723E-03
  0.609375000      0.265625000     -0.193997264      -4.20965776E-02  -1.16821250E-03
  0.640625000      0.265625000     -0.190979302      -6.43739179E-02   1.58000126E-04
  0.671875000      0.265625000     -0.185990959      -8.67038444E-02   1.88134704E-03
  0.703125000      0.265625000     -0.178715989     -0.108398587       3.91528662E-03
  0.734375000      0.265625000     -0.168725446     -0.128444403       6.14252873E-03
  0.765625000      0.265625000     -0.155514911     -0.145356864       8.41251854E-03
  0.796875000      0.265625000     -0.138588890     -0.157034695       1.05435485E-02
  0.828125000      0.265625000     -0.117615260     -0.160651535       1.23346504E-02
  0.859375000      0.265625000      -9.26885307E-02 -0.152682364       1.35947578E-02
  0.890625000      0.265625000      -6.47754595E-02 -0.129336327       1.41973188E-02
  0.921875000      0.265625000      -3.64864655E-02  -8.82858038E-02   1.41606797E-02
  0.953125000      0.265625000      -1.32415742E-02  -3.47533152E-02   1.37053700E-02
  0.984375000      0.265625000      -1.88772834E-03   3.88966640E-03   1.31745003E-02
   1.56250000E-02  0.296875000      -3.64763127E-03   3.21477316E-02   1.54331587E-02
   4.68750000E-02  0.296875000      -1.39739187E-02   6.69842064E-02   1.50555111E-02
   7.81250000E-02  0.296875000      -2.83096209E-02   8.64163935E-02   1.45543590E-02
  0.109375000      0.296875000      -4.38289605E-02   9.93352458E-02   1.38271675E-02
  0.140625000      0.296875000      -5.94779477E-02  0.108987302       1.28418952E-02
  0.171875000      0.296875000      -7.48455971E-02  0.116113886       1.15944650E-02
  0.203125000      0.296875000      -8.97127911E-02  0.120705307       1.00975921E-02
  0.234375000      0.296875000     -0.103915520      0.122626372       8.37978255E-03
  0.265625000      0.296875000     -0.117312610      0.121782914       6.48550317E-03
  0.296875000      0.296875000     -0.129779905      0.118149653       4.47411928E-03
  0.328125000      0.296875000     -0.141208768      0.111764401       2.41742237E-03
  0.359375000      0.296875000     -0.151504844      0.102716252       3.96000192E-04
  0.390625000      0.296875000     -0.160587668       9.11352932E-02  -1.50520424E-03
  0.421875000      0.296875000     -0.168391928       7.71854222E-02  -3.20188515E-03
  0.453125000      0.296875000     -0.174870044       6.10601902E-02  -4.61567147E-03
  0.484375000      0.296875000     -0.179994985       4.29812223E-02  -5.67961344E-03
  0.515625000      0.296875000     -0.183760852       2.31980458E-02  -6.34352490E-03
  0.546875000      0.296875000     -0.186179981       1.98945147E-03  -6.57906197E-03
  0.578125000      0.296875000     -0.187275767      -2.03325488E-02  -6.35209866E-03
  0.609375000      0.296875000     -0.187060729      -4.35789339E-02  -5.58885466E-03
  0.640625000      0.296875000     -0.185471997      -6.74956739E-02  -4.31478908E-03
  0.671875000      0.296875000     -0.182308257      -9.17321742E-02  -2.57352320E-03
  0.703125000      0.296875000     -0.177204534     -0.115747660      -4.32067871E-04
  0.734375000      0.296875000     -0.169628143     -0.138661742       2.01102044E-03
  0.765625000      0.296875000     -0.158908725     -0.159069777       4.61590663E-03
  0.796875000      0.296875000     -0.144319713     -0.174838006       7.19378795E-03
  0.828125000      0.296875000     -0.125235260     -0.182908326       9.50861350E-03
  0.859375000      0.296875000     -0.101403251     -0.179187119       1.12998225E-02
  0.890625000      0.296875000      -7.34105855E-02 -0.158740699       1.23430304E-02
  0.921875000      0.296875000      -4.35054712E-02 -0.117079288       1.25613948E-02
  0.953125000      0.296875000      -1.70522220E-02  -5.56618497E-02   1.21505195E-02
  0.984375000      0.296875000      -2.80587026E-03  -8.05260963E-04   1.15187401E-02
   1.56250000E-02  0.328125000      -3.28365667E-03   3.90768200E-02   1.43585876E-02
   4.68750000E-02  0.328125000      -1.28179770E-02   7.99108669E-02   1.39799137E-02
   7.81250000E-02  0.328125000      -2.63190083E-02  0.101321340       1.34277921E-02
  0.109375000      0.328125000      -4.10090238E-02  0.114635006       1.26037486E-02
  0.140625000      0.328125000      -5.57753220E-02  0.124098860       1.14809209E-02
  0.171875000      0.328125000      -7.01861158E-02  0.130777642       1.00608617E-02
  0.203125000      0.328125000      -8.40341076E-02  0.134754553       8.36255029E-03
  0.234375000      0.328125000      -9.71807763E-02  0.135925382       6.42115064E-03
  0.265625000      0.328125000     -0.109513283      0.134213477       4.28773416E-03
  0.296875000      0.328125000     -0.120934010      0.129608184       2.02791044E-03
  0.328125000      0.328125000     -0.131357938      0.122160718      -2.80798267E-04
  0.359375000      0.328125000     -0.140712678      0.111973703      -2.55257636E-03
  0.390625000      0.328125000     -0.148941040       9.91927683E-02  -4.69772518E-03
  0.421875000      0.328125000     -0.156005815       8.40012878E-02  -6.62763417E-03
  0.453125000      0.328125000     -0.161895469       6.66168481E-02  -8.26005265E-03
  0.484375000      0.328125000     -0.166628331       4.72873449E-02  -9.52437147E-03
  0.515625000      0.328125000     -0.170251578       2.62860991E-02  -1.03665804E-02
  0.546875000      0.328125000     -0.172832757       3.90667655E-03  -1.07535562E-02
  0.578125000      0.328125000     -0.174443811      -1.95381921E-02  -1.06690023E-02
  0.609375000      0.328125000     -0.175146788      -4.38810214E-02  -1.00217527E-02
  0.640625000      0.328125000     -0.174925849      -6.89994097E-02  -8.82930495E-03
  0.671875000      0.328125000     -0.173599228      -9.47155803E-02  -7.12027028E-03
  0.703125000      0.328125000     -0.170778990     -0.120685697      -4.94044973E-03
  0.734375000      0.328125000     -0.165853888     -0.146223485      -2.36403011E-03
  0.765625000      0.328125000     -0.158007473     -0.170072988       4.90222708E-04
  0.796875000      0.328125000     -0.146291807     -0.190139562       3.44135985E-03
  0.828125000      0.328125000     -0.129783198     -0.203200847       6.23521348E-03
  0.859375000      0.328125000     -0.107860863     -0.204650849       8.55555665E-03
  0.890625000      0.328125000      -8.06865543E-02 -0.188446581       1.00819841E-02
  0.921875000      0.328125000      -5.00622801E-02 -0.147905916       1.06222136E-02
  0.953125000      0.328125000      -2.10718885E-02  -8.02821964E-02   1.03043225E-02
  0.984375000      0.328125000      -3.94685194E-03  -7.55913695E-03   9.58549418E-03
   1.56250000E-02  0.359375000      -2.74400529E-03   4.51024771E-02   1.30218919E-02
   4.68750000E-02  0.359375000      -1.10767717E-02   9.17478800E-02   1.26541890E-02
   7.81250000E-02  0.359375000      -2.33048331E-02  0.115208805       1.20628942E-02
  0.109375000      0.359375000      -3.67927738E-02  0.128921419       1.11575481E-02
  0.140625000      0.359375000      -5.03687151E-02  0.138151348       9.91721544E-03
  0.171875000      0.359375000      -6.35665953E-02  0.144331411       8.34858418E-03
  0.203125000      0.359375000      -7.61789232E-02  0.147659734       6.47591520E-03
  0.234375000      0.359375000      -8.80820677E-02  0.148069769       4.34001489E-03
  0.265625000      0.359375000      -9.91819054E-02  0.145502388       1.99774164E-03
  0.296875000      0.359375000     -0.109398961      0.139959201      -4.79566981E-04
  0.328125000      0.359375000     -0.118665136      0.131503046      -3.00885923E-03
  0.359375000      0.359375000     -0.126925230      0.120250434      -5.49908355E-03
  0.390625000      0.359375000     -0.134141967      0.106366172      -7.85572454E-03
  0.421875000      0.359375000     -0.140303880       9.00601968E-02  -9.98595543E-03
  0.453125000      0.359375000     -0.145433873       7.15836361E-02  -1.18041066E-02
  0.484375000      0.359375000     -0.149595082       5.12208641E-02  -1.32368747E-02
  0.515625000      0.359375000     -0.152889222       2.92762257E-02  -1.42278261E-02
  0.546875000      0.359375000     -0.155443668       6.05832413E-03  -1.47406440E-02
  0.578125000      0.359375000     -0.157386288      -1.81302913E-02  -1.47788757E-02
  0.609375000      0.359375000     -0.158837572      -4.31292430E-02  -1.42479930E-02
  0.640625000      0.359375000     -0.159843504      -6.89613000E-02  -1.31605528E-02
  0.671875000      0.359375000     -0.160266936      -9.56525952E-02  -1.15325358E-02
  0.703125000      0.359375000     -0.159729958     -0.123102322      -9.38867591E-03
  0.734375000      0.359375000     -0.157577395     -0.150881767      -6.77509606E-03
  0.765625000      0.359375000     -0.152875245     -0.177961394      -3.78023600E-03
  0.796875000      0.359375000     -0.144470364     -0.202370733      -5.61908702E-04
  0.828125000      0.359375000     -0.131141335     -0.220807344       2.62751780E-03
  0.859375000      0.359375000     -0.111880392     -0.228228599       5.43566328E-03
  0.890625000      0.359375000      -8.63852128E-02 -0.217540145       7.45630544E-03
  0.921875000      0.359375000      -5.59455156E-02 -0.179878771       8.37066025E-03
  0.953125000      0.359375000      -2.52144672E-02 -0.108033568       8.20076093E-03
  0.984375000      0.359375000      -5.32135461E-03  -1.68283209E-02   7.43234763E-03
   1.56250000E-02  0.390625000      -2.08736747E-03   4.99320775E-02   1.14928205E-02
   4.68750000E-02  0.390625000      -8.91756266E-03  0.102077335       1.11465678E-02
   7.81250000E-02  0.390625000      -1.95224117E-02  0.127708212       1.05292182E-02
  0.109375000      0.390625000      -3.15052234E-02  0.141889274       9.56072845E-03
  0.140625000      0.390625000      -4.36405018E-02  0.150891989       8.22655857E-03
  0.171875000      0.390625000      -5.54160178E-02  0.156562448       6.53801486E-03
  0.203125000      0.390625000      -6.66138530E-02  0.159238309       4.52366937E-03
  0.234375000      0.390625000      -7.71178007E-02  0.158898979       2.22890126E-03
  0.265625000      0.390625000      -8.68467093E-02  0.155503899      -2.84536189E-04
  0.296875000      0.390625000      -9.57350507E-02  0.149066284      -2.94021796E-03
  0.328125000      0.390625000     -0.103728727      0.139660180      -5.64991636E-03
  0.359375000      0.390625000     -0.110787243      0.127417296      -8.31748080E-03
  0.390625000      0.390625000     -0.116890267      0.112525269      -1.08436868E-02
  0.421875000      0.390625000     -0.122047409       9.52269360E-02  -1.31318029E-02
  0.453125000      0.390625000     -0.126309186       7.58158267E-02  -1.50934253E-02
  0.484375000      0.390625000     -0.129775256       5.46232723E-02  -1.66538917E-02
  0.515625000      0.390625000     -0.132594436       3.19944173E-02  -1.77562870E-02
  0.546875000      0.390625000     -0.134949893       8.25716089E-03  -1.83634907E-02
  0.578125000      0.390625000     -0.137026504      -1.63031295E-02  -1.84949189E-02
  0.609375000      0.390625000     -0.139010027      -4.15152982E-02  -1.80704203E-02
  0.640625000      0.390625000     -0.141021669      -6.75519258E-02  -1.71007719E-02
  0.671875000      0.390625000     -0.142995179      -9.46598649E-02  -1.55929942E-02
  0.703125000      0.390625000     -0.144604653     -0.123018116      -1.35534508E-02
  0.734375000      0.390625000     -0.145199150     -0.152520388      -1.09995855E-02
  0.765625000      0.390625000     -0.143768668     -0.182452634      -7.98312575E-03
  0.796875000      0.390625000     -0.138980761     -0.211070448      -4.62496420E-03
  0.828125000      0.390625000     -0.129322097     -0.235094517      -1.15483231E-03
  0.859375000      0.390625000     -0.113383442     -0.249141186       2.06293073E-03
  0.890625000      0.390625000      -9.03625935E-02 -0.245144740       4.55520581E-03
  0.921875000      0.390625000      -6.09749407E-02 -0.212103426       5.87712321E-03
  0.953125000      0.390625000      -2.93145627E-02 -0.138202608       5.91300335E-03
  0.984375000      0.390625000      -6.85923453E-03  -2.90097240E-02   5.13906404E-03
   1.56250000E-02  0.421875000      -1.37464469E-03   5.33925630E-02   9.85268503E-03
   4.68750000E-02  0.421875000      -6.50829542E-03  0.110577330       9.53738019E-03
   7.81250000E-02  0.421875000      -1.52190700E-02  0.138520405       8.90822802E-03
  0.109375000      0.421875000      -2.54551210E-02  0.153293103       7.89644010E-03
  0.140625000      0.421875000      -3.59521694E-02  0.162118480       6.49423013E-03
  0.171875000      0.421875000      -4.61415127E-02  0.167299837       4.71719122E-03
  0.203125000      0.421875000      -5.57856858E-02  0.169343159       2.59731570E-03
  0.234375000      0.421875000      -6.47707060E-02  0.168284625       1.83468932E-04
  0.265625000      0.421875000      -7.30260909E-02  0.164105415      -2.45874817E-03
  0.296875000      0.421875000      -8.04997459E-02  0.156830907      -5.24866255E-03
  0.328125000      0.421875000      -8.71519819E-02  0.146546796      -8.09345115E-03
  0.359375000      0.421875000      -9.29572731E-02  0.133400857      -1.08922906E-02
  0.390625000      0.421875000      -9.79106277E-02  0.117605284      -1.35415476E-02
  0.421875000      0.421875000     -0.102037556       9.94387791E-02  -1.59409717E-02
  0.453125000      0.421875000     -0.105406076       7.92424083E-02  -1.80001333E-02
  0.484375000      0.421875000     -0.108137667       5.74025922E-02  -1.96442511E-02
  0.515625000      0.421875000     -0.110411681       3.43164094E-02  -2.08180454E-02
  0.546875000      0.421875000     -0.112453416       1.03402417E-02  -2.14863028E-02
  0.578125000      0.421875000     -0.114490457      -1.42650791E-02  -2.16750465E-02
  0.609375000      0.421875000     -0.116772853      -3.92804220E-02  -2.13382225E-02
  0.640625000      0.421875000     -0.119506627      -6.50349557E-02  -2.04859767E-02
  0.671875000      0.421875000     -0.122718632      -9.19855163E-02  -1.91211607E-02
  0.703125000      0.421875000     -0.126187146     -0.120609358      -1.72374025E-02
  0.734375000      0.421875000     -0.129331708     -0.151185736      -1.48269152E-02
  0.765625000      0.421875000     -0.131126866     -0.183419079      -1.19027570E-02
  0.796875000      0.421875000     -0.130100965     -0.215915203      -8.53862986E-03
  0.828125000      0.421875000     -0.124462746     -0.245545089      -4.92204400E-03
  0.859375000      0.421875000     -0.112389982     -0.266701519      -1.40253350E-03
  0.890625000      0.421875000      -9.25458521E-02 -0.270449877       1.50648516E-03
  0.921875000      0.421875000      -6.50082827E-02 -0.243724793       3.24621587E-03
  0.953125000      0.421875000      -3.31911147E-02 -0.170060486       3.54129495E-03
  0.984375000      0.421875000      -8.46512057E-03  -4.43347320E-02   2.80770333E-03
   1.56250000E-02  0.453125000      -6.71055634E-04   5.54369688E-02   8.18365067E-03
   4.68750000E-02  0.453125000      -4.01940942E-03  0.117012091       7.90967699E-03
   7.81250000E-02  0.453125000      -1.06328130E-02  0.147406965       7.28426268E-03
  0.109375000      0.453125000      -1.89327635E-02  0.162940264       6.25012536E-03
  0.140625000      0.453125000      -2.76414249E-02  0.171675608       4.80684359E-03
  0.171875000      0.453125000      -3.61238867E-02  0.176414177       2.97409180E-03
  0.203125000      0.453125000      -4.41138819E-02  0.177863866       7.86540098E-04
  0.234375000      0.453125000      -5.14955372E-02  0.176132813      -1.70462695E-03
  0.265625000      0.453125000      -5.82088381E-02  0.171229526      -4.43121232E-03
  0.296875000      0.453125000      -6.42172545E-02  0.163193822      -7.30941072E-03
  0.328125000      0.453125000      -6.94988370E-02  0.152123898      -1.02427714E-02
  0.359375000      0.453125000      -7.40461648E-02  0.138183609      -1.31264832E-02
  0.390625000      0.453125000      -7.78708607E-02  0.121608622      -1.58530585E-02
  0.421875000      0.453125000      -8.10114294E-02  0.102711529      -1.83191076E-02
  0.453125000      0.453125000      -8.35434794E-02   8.18791017E-02  -2.04325803E-02
  0.484375000      0.453125000      -8.55910331E-02   5.95539771E-02  -2.21193470E-02
  0.515625000      0.453125000      -8.73361528E-02   3.61929461E-02  -2.33275443E-02
  0.546875000      0.453125000      -8.90207216E-02   1.21984761E-02  -2.40281057E-02
  0.578125000      0.453125000      -9.09275562E-02  -1.21713672E-02  -2.42328942E-02
  0.609375000      0.453125000      -9.33380872E-02  -3.66736352E-02  -2.39630900E-02
  0.640625000      0.453125000      -9.64962766E-02  -6.17428049E-02  -2.32150089E-02
  0.671875000      0.453125000     -0.100552499      -8.80031288E-02  -2.19952110E-02
  0.703125000      0.453125000     -0.105451100     -0.116219044      -2.02933233E-02
  0.734375000      0.453125000     -0.110768095     -0.147109658      -1.80842504E-02
  0.765625000      0.453125000     -0.115548566     -0.180915490      -1.53458007E-02
  0.796875000      0.453125000     -0.118244097     -0.216745988      -1.20996535E-02
  0.828125000      0.453125000     -0.116812229     -0.251782209      -8.47518910E-03
  0.859375000      0.453125000     -0.109010309     -0.280337900      -4.78041451E-03
  0.890625000      0.453125000      -9.29316878E-02 -0.292736053      -1.53725513E-03
  0.921875000      0.453125000      -6.79524690E-02 -0.273956060       6.04372646E-04
  0.953125000      0.453125000      -3.66903469E-02 -0.202909708       1.19953568E-03
  0.984375000      0.453125000      -1.00513399E-02  -6.28516972E-02   5.49399760E-04
   1.56250000E-02  0.484375000      -4.67784703E-05   5.61537370E-02   6.55842200E-03
   4.68750000E-02  0.484375000      -1.62411912E-03  0.121218674       6.34350255E-03
   7.81250000E-02  0.484375000      -5.99153060E-03  0.154178858       5.73747419E-03
  0.109375000      0.484375000      -1.22095179E-02  0.170684576       4.70212707E-03
  0.140625000      0.484375000      -1.90215297E-02  0.179451108       3.24522564E-03
  0.171875000      0.484375000      -2.57153250E-02  0.183815151       1.38998707E-03
  0.203125000      0.484375000      -3.19857672E-02  0.184724808      -8.27008858E-04
  0.234375000      0.484375000      -3.77102494E-02  0.182380825      -3.35352914E-03
  0.265625000      0.484375000      -4.28396352E-02  0.176828399      -6.12030085E-03
  0.296875000      0.484375000      -4.73564863E-02  0.168125778      -9.04187281E-03
  0.328125000      0.484375000      -5.12615778E-02  0.156385422      -1.20194536E-02
  0.359375000      0.484375000      -5.45711219E-02  0.141786784      -1.49453310E-02
  0.390625000      0.484375000      -5.73182851E-02  0.124585949      -1.77089088E-02
  0.421875000      0.484375000      -5.95573485E-02  0.105123028      -2.02040188E-02
  0.453125000      0.484375000      -6.13697320E-02   8.38215202E-02  -2.23369878E-02
  0.484375000      0.484375000      -6.28719032E-02   6.11707978E-02  -2.40340531E-02
  0.515625000      0.484375000      -6.42251819E-02   3.76838446E-02  -2.52466109E-02
  0.546875000      0.484375000      -6.56479299E-02   1.38238715E-02  -2.59525683E-02
  0.578125000      0.484375000      -6.74295202E-02  -1.00997882E-02  -2.61532031E-02
  0.609375000      0.484375000      -6.98509216E-02  -3.39052528E-02  -2.59246342E-02
  0.640625000      0.484375000      -7.31740892E-02  -5.80224507E-02  -2.52556726E-02
  0.671875000      0.484375000      -7.76642859E-02  -8.31703544E-02  -2.41620280E-02
  0.703125000      0.484375000      -8.34726617E-02 -0.110338852      -2.26389449E-02
  0.734375000      0.484375000      -9.04260129E-02 -0.140714273      -2.06554644E-02
  0.765625000      0.484375000      -9.77548510E-02 -0.175197124      -1.81631576E-02
  0.796875000      0.484375000     -0.103930965     -0.213589087      -1.51335020E-02
  0.828125000      0.484375000     -0.106710888     -0.253588319      -1.16278324E-02
  0.859375000      0.484375000     -0.103431940     -0.289610922      -7.88904354E-03
  0.890625000      0.484375000      -9.15822387E-02 -0.311390609      -4.41372255E-03
  0.921875000      0.484375000      -6.97705969E-02 -0.302092493      -1.91159290E-03
  0.953125000      0.484375000      -3.97081561E-02 -0.236098588      -9.93700116E-04
  0.984375000      0.484375000      -1.15537141E-02  -8.44571367E-02  -1.52331684E-03
   1.56250000E-02  0.515625000       4.95741842E-04   5.57039082E-02   5.05095907E-03
   4.68750000E-02  0.515625000       5.57601161E-04  0.123182096       4.89077810E-03
   7.81250000E-02  0.515625000      -1.53477141E-03  0.158673391       4.33821417E-03
  0.109375000      0.515625000      -5.54570369E-03  0.176417693       3.32140643E-03
  0.140625000      0.515625000      -1.03849201E-02  0.185368791       1.87891209E-03
  0.171875000      0.515625000      -1.52404355E-02  0.189447433       3.42089843E-05
  0.203125000      0.515625000      -1.97559353E-02  0.189880371      -2.17438000E-03
  0.234375000      0.515625000      -2.37934310E-02  0.186990514      -4.69520921E-03
  0.265625000      0.515625000      -2.73143202E-02  0.180873647      -7.45977974E-03
  0.296875000      0.515625000      -3.03236414E-02  0.171612710      -1.03827827E-02
  0.328125000      0.515625000      -3.28499265E-02  0.159337133      -1.33646997E-02
  0.359375000      0.515625000      -3.49389389E-02  0.144241959      -1.62962861E-02
  0.390625000      0.515625000      -3.66520137E-02  0.126600146      -1.90648064E-02
  0.421875000      0.515625000      -3.80661637E-02  0.106771730      -2.15617977E-02
  0.453125000      0.515625000      -3.92751843E-02   8.52042064E-02  -2.36917138E-02
  0.484375000      0.515625000      -4.03915420E-02   6.24166243E-02  -2.53801141E-02
  0.515625000      0.515625000      -4.15497385E-02   3.89592871E-02  -2.65797935E-02
  0.546875000      0.515625000      -4.29129303E-02   1.53437899E-02  -2.72727590E-02
  0.578125000      0.515625000      -4.46848795E-02  -8.05721246E-03  -2.74663940E-02
  0.609375000      0.515625000      -4.71111834E-02  -3.10917199E-02  -2.72541177E-02
  0.640625000      0.515625000      -5.04707471E-02  -5.41455075E-02  -2.66337395E-02
  0.671875000      0.515625000      -5.50821498E-02  -7.79386535E-02  -2.56318394E-02
  0.703125000      0.515625000      -6.12948798E-02 -0.103543147      -2.42583491E-02
  0.734375000      0.515625000      -6.92624748E-02 -0.132583529      -2.24893987E-02
  0.765625000      0.515625000      -7.85360634E-02 -0.166720718      -2.02637613E-02
  0.796875000      0.515625000      -8.77533108E-02 -0.206668228      -1.75118595E-02
  0.828125000      0.515625000      -9.45626050E-02 -0.250916928      -1.42249204E-02
  0.859375000      0.515625000      -9.58995819E-02 -0.294222176      -1.05630178E-02
  0.890625000      0.515625000      -8.86135921E-02 -0.325913906      -6.96496526E-03
  0.921875000      0.515625000      -7.04790801E-02 -0.327515125      -4.16348362E-03
  0.953125000      0.515625000      -4.21934389E-02 -0.269024462      -2.91938800E-03
  0.984375000      0.515625000      -1.29343159E-02 -0.108945444      -3.29898368E-03
   1.56250000E-02  0.546875000       9.89928958E-04   5.42175248E-02   3.73007101E-03
   4.68750000E-02  0.546875000       2.51958030E-03  0.123075426       3.60528636E-03
   7.81250000E-02  0.546875000       2.54043308E-03  0.160850108       3.10577778E-03
  0.109375000      0.546875000       7.62053765E-04  0.180029348       2.15951074E-03
  0.140625000      0.546875000      -2.01660185E-03  0.189374894       7.62669661E-04
  0.171875000      0.546875000      -5.00315242E-03  0.193284333      -1.03938172E-03
  0.203125000      0.546875000      -7.75052374E-03  0.193308502      -3.20221484E-03
  0.234375000      0.546875000      -1.00873429E-02  0.189940229      -5.67761017E-03
  0.265625000      0.546875000      -1.19833602E-02  0.183345795      -8.40016268E-03
  0.296875000      0.546875000      -1.34680821E-02  0.173640922      -1.12865847E-02
  0.328125000      0.546875000      -1.46011747E-02  0.160975873      -1.42383762E-02
  0.359375000      0.546875000      -1.54623035E-02  0.145562008      -1.71462744E-02
  0.390625000      0.546875000      -1.61462538E-02  0.127686605      -1.98965464E-02
  0.421875000      0.546875000      -1.67594384E-02  0.107722647      -2.23790184E-02
  0.453125000      0.546875000      -1.74163543E-02   8.61295238E-02  -2.44960468E-02
  0.484375000      0.546875000      -1.82352513E-02   6.34368956E-02  -2.61713304E-02
  0.515625000      0.546875000      -1.93321817E-02   4.02042940E-02  -2.73567028E-02
  0.546875000      0.546875000      -2.08135676E-02   1.69531275E-02  -2.80350745E-02
  0.578125000      0.546875000      -2.27791481E-02  -5.91972843E-03  -2.82183997E-02
  0.609375000      0.546875000      -2.53834538E-02  -2.81898864E-02  -2.80093104E-02
  0.640625000      0.546875000      -2.88547371E-02  -5.02084643E-02  -2.74109058E-02
  0.671875000      0.546875000      -3.34856734E-02  -7.26260692E-02  -2.64598019E-02
  0.703125000      0.546875000      -3.97563539E-02  -9.63658243E-02  -2.51901057E-02
  0.734375000      0.546875000      -4.81586084E-02 -0.123385310      -2.35959515E-02
  0.765625000      0.546875000      -5.86819500E-02 -0.156117141      -2.16178820E-02
  0.796875000      0.546875000      -7.03284964E-02 -0.196403980      -1.91620179E-02
  0.828125000      0.546875000      -8.08003396E-02 -0.243896842      -1.61559395E-02
  0.859375000      0.546875000      -8.66875499E-02 -0.294015735      -1.26672499E-02
  0.890625000      0.546875000      -8.41752067E-02 -0.335917234      -9.04909428E-03
  0.921875000      0.546875000      -7.01336637E-02 -0.349687278      -6.01856457E-03
  0.953125000      0.546875000      -4.41381484E-02 -0.301133573      -4.45960090E-03
  0.984375000      0.546875000      -1.41770244E-02 -0.136056989      -4.66666464E-03
   1.56250000E-02  0.578125000       1.39639014E-03   5.18306084E-02   2.62248423E-03
   4.68750000E-02  0.578125000       4.20292979E-03  0.121124849       2.54133064E-03
   7.81250000E-02  0.578125000       6.15484826E-03  0.160826683       2.09666742E-03
  0.109375000      0.578125000       6.49794471E-03  0.181487322       1.22041977E-03
  0.140625000      0.578125000       5.76321920E-03  0.191430360      -8.83094472E-05
  0.171875000      0.578125000       4.67881374E-03  0.195300922      -1.79856340E-03
  0.203125000      0.578125000       3.72447772E-03  0.194995940      -3.87403183E-03
  0.234375000      0.578125000       3.10143456E-03  0.191216305      -6.26515504E-03
  0.265625000      0.578125000       2.84603355E-03  0.184226185      -8.90860893E-03
  0.296875000      0.578125000       2.90980027E-03  0.174187899      -1.17245195E-02
  0.328125000      0.578125000       3.20098316E-03  0.161278456      -1.46170799E-02
  0.359375000      0.578125000       3.60313989E-03  0.145727128      -1.74784828E-02
  0.390625000      0.578125000       3.98459751E-03  0.127833575      -2.01951470E-02
  0.421875000      0.578125000       4.20555379E-03  0.107978091      -2.26557665E-02
  0.453125000      0.578125000       4.12545167E-03   8.66215825E-02  -2.47604493E-02
  0.484375000      0.578125000       3.61197535E-03   6.42877370E-02  -2.64297295E-02
  0.515625000      0.578125000       2.55169766E-03   4.15210053E-02  -2.76118573E-02
  0.546875000      0.578125000       8.61608423E-04   1.88179016E-02  -2.82861888E-02
  0.578125000      0.578125000      -1.48698408E-03  -3.46080633E-03  -2.84645557E-02
  0.609375000      0.578125000      -4.50254604E-03  -2.50200406E-02  -2.82564461E-02
  0.640625000      0.578125000      -8.29230249E-03  -4.61090654E-02  -2.76632272E-02
  0.671875000      0.578125000      -1.30727068E-02  -6.73066676E-02  -2.67214160E-02
  0.703125000      0.578125000      -1.93353631E-02  -8.91452432E-02  -2.55069844E-02
  0.734375000      0.578125000      -2.77899280E-02 -0.113743298      -2.40327027E-02
  0.765625000      0.578125000      -3.88975665E-02 -0.144123256      -2.22500693E-02
  0.796875000      0.578125000      -5.22489101E-02 -0.183395907      -2.00670138E-02
  0.828125000      0.578125000      -6.58487082E-02 -0.232830018      -1.73610095E-02
  0.859375000      0.578125000      -7.60671124E-02 -0.288974524      -1.41062364E-02
  0.890625000      0.578125000      -7.84214959E-02 -0.341114819      -1.05492566E-02
  0.921875000      0.578125000      -6.88064247E-02 -0.368145525      -7.35491281E-03
  0.953125000      0.578125000      -4.55595255E-02 -0.331917703      -5.49780950E-03
  0.984375000      0.578125000      -1.52798221E-02 -0.165514007      -5.51382266E-03
   1.56250000E-02  0.609375000       1.69876544E-03   4.87349182E-02   1.73687411E-03
   4.68750000E-02  0.609375000       5.55321947E-03  0.117558375       1.70155708E-03
   7.81250000E-02  0.609375000       9.21009295E-03  0.158783257       1.32519216E-03
  0.109375000      0.609375000       1.15160011E-02  0.180881083       5.41140151E-04
  0.140625000      0.609375000       1.27514936E-02  0.191535920      -6.56768563E-04
  0.171875000      0.609375000       1.35522261E-02  0.195480123      -2.24683806E-03
  0.203125000      0.609375000       1.43990982E-02  0.194926471      -4.19858657E-03
  0.234375000      0.609375000       1.55119542E-02  0.190799549      -6.47020806E-03
  0.265625000      0.609375000       1.69257578E-02  0.183489472      -9.00423620E-03
  0.296875000      0.609375000       1.85697265E-02  0.173223153      -1.17247617E-02
  0.328125000      0.609375000       2.03175992E-02  0.160211697      -1.45381577E-02
  0.359375000      0.609375000       2.20141243E-02  0.144703835      -1.73371062E-02
  0.390625000      0.609375000       2.34896969E-02  0.127009332      -2.00071372E-02
  0.421875000      0.609375000       2.45712250E-02  0.107509986      -2.24350598E-02
  0.453125000      0.609375000       2.50930805E-02   8.66584107E-02  -2.45184563E-02
  0.484375000      0.609375000       2.49099489E-02   6.49580657E-02  -2.61750147E-02
  0.515625000      0.609375000       2.39119902E-02   4.29193303E-02  -2.73500942E-02
  0.546875000      0.609375000       2.20420249E-02   2.09897328E-02  -2.80208476E-02
  0.578125000      0.609375000       1.93047784E-02  -5.37195127E-04  -2.81959865E-02
  0.609375000      0.609375000       1.58081781E-02  -2.14224942E-02  -2.79825274E-02
  0.640625000      0.609375000       1.15971975E-02  -4.16975729E-02  -2.73908339E-02
  0.671875000      0.609375000       6.42258767E-03  -6.17556162E-02  -2.64878236E-02
  0.703125000      0.609375000      -9.77963209E-05  -8.19065794E-02  -2.52953433E-02
  0.734375000      0.609375000      -8.51921458E-03 -0.104100212      -2.38889828E-02
  0.765625000      0.609375000      -1.97100230E-02 -0.131463036      -2.22237837E-02
  0.796875000      0.609375000      -3.40299234E-02 -0.168380931      -2.02575512E-02
  0.828125000      0.609375000      -5.00875413E-02 -0.218184471      -1.78296957E-02
  0.859375000      0.609375000      -6.42715618E-02 -0.279215336      -1.48279723E-02
  0.890625000      0.609375000      -7.14775771E-02 -0.341312110      -1.13791805E-02
  0.921875000      0.609375000      -6.65556490E-02 -0.382484555      -8.06478225E-03
  0.953125000      0.609375000      -4.64773700E-02 -0.360903829      -5.91777451E-03
  0.984375000      0.609375000      -1.62456278E-02 -0.197039634      -5.72247198E-03
   1.56250000E-02  0.640625000       1.88705081E-03   4.51485887E-02   1.06764678E-03
   4.68750000E-02  0.640625000       6.52322918E-03  0.112652928       1.07720820E-03
   7.81250000E-02  0.640625000       1.16044730E-02  0.154949456       7.81770446E-04
  0.109375000      0.640625000       1.56654194E-02  0.178347349       1.14910392E-04
  0.140625000      0.640625000       1.87583882E-02  0.189741209      -9.41004837E-04
  0.171875000      0.640625000       2.14045122E-02  0.193828911      -2.37754686E-03
  0.203125000      0.640625000       2.40529850E-02  0.193084389      -4.17458499E-03
  0.234375000      0.640625000       2.69210227E-02  0.188664049      -6.29901700E-03
  0.265625000      0.640625000       3.00320499E-02  0.181104809      -8.69996194E-03
  0.296875000      0.640625000       3.32885422E-02  0.170713335      -1.13058593E-02
  0.328125000      0.640625000       3.65279838E-02  0.157741413      -1.40252747E-02
  0.359375000      0.640625000       3.95564921E-02  0.142457396      -1.67512596E-02
  0.390625000      0.640625000       4.21687216E-02  0.125177175      -1.93683505E-02
  0.421875000      0.640625000       4.41624671E-02  0.106276751      -2.17614174E-02
  0.453125000      0.640625000       4.53524441E-02   8.61901045E-02  -2.38254555E-02
  0.484375000      0.640625000       4.55846079E-02   6.53877407E-02  -2.54750140E-02
  0.515625000      0.640625000       4.47494462E-02   4.43330854E-02  -2.66516171E-02
  0.546875000      0.640625000       4.27900180E-02   2.34153979E-02  -2.73274966E-02
  0.578125000      0.640625000       3.97073589E-02   2.86658853E-03  -2.75043584E-02
  0.609375000      0.640625000       3.56361717E-02  -1.72495376E-02  -2.72903889E-02
  0.640625000      0.640625000       3.06953005E-02  -3.67104299E-02  -2.66840700E-02
  0.671875000      0.640625000       2.48340145E-02  -5.56994230E-02  -2.57488415E-02
  0.703125000      0.640625000       1.79631636E-02  -7.45649859E-02  -2.45485678E-02
  0.734375000      0.640625000       9.64307226E-03  -9.46947187E-02  -2.31682062E-02
  0.765625000      0.640625000      -1.36809866E-03 -0.118661955      -2.16181651E-02
  0.796875000      0.640625000      -1.60639808E-02 -0.152162582      -1.97991803E-02
  0.828125000      0.640625000      -3.38221043E-02 -0.200584322      -1.75936073E-02
  0.859375000      0.640625000      -5.14629558E-02 -0.264988661      -1.48223294E-02
  0.890625000      0.640625000      -6.34007603E-02 -0.336393774      -1.14848353E-02
  0.921875000      0.640625000      -6.33892864E-02 -0.392335892      -8.05491768E-03
  0.953125000      0.640625000      -4.68870923E-02 -0.387633204      -5.59928594E-03
  0.984375000      0.640625000      -1.70720387E-02 -0.230357558      -5.16144512E-03
   1.56250000E-02  0.671875000       1.95248355E-03   4.13085222E-02   5.97528589E-04
   4.68750000E-02  0.671875000       7.06384238E-03  0.106744260       6.48364890E-04
   7.81250000E-02  0.671875000       1.32245962E-02  0.149614930       4.45867074E-04
  0.109375000      0.671875000       1.87748484E-02  0.174069822      -7.53667337E-05
  0.140625000      0.671875000       2.35731155E-02  0.186127231      -9.51347407E-04
  0.171875000      0.671875000       2.80084647E-02  0.190362006      -2.19510775E-03
  0.203125000      0.671875000       3.24611962E-02  0.189451724      -3.80288996E-03
  0.234375000      0.671875000       3.71148437E-02  0.184777871      -5.75272832E-03
  0.265625000      0.671875000       4.19640206E-02  0.177034914      -8.00071470E-03
  0.296875000      0.671875000       4.68771458E-02  0.166619033      -1.04790041E-02
  0.328125000      0.671875000       5.16538918E-02  0.153826192      -1.30974157E-02
  0.359375000      0.671875000       5.60635999E-02  0.138942197      -1.57484040E-02
  0.390625000      0.671875000       5.98695800E-02  0.122282878      -1.83146819E-02
  0.421875000      0.671875000       6.28465563E-02  0.104209751      -2.06785537E-02
  0.453125000      0.671875000       6.47958070E-02   8.51277709E-02  -2.27318723E-02
  0.484375000      0.671875000       6.55589625E-02   6.54648393E-02  -2.43854132E-02
  0.515625000      0.671875000       6.50268570E-02   4.56332751E-02  -2.55760495E-02
  0.546875000      0.671875000       6.31370842E-02   2.59741638E-02  -2.62700282E-02
  0.578125000      0.671875000       5.98643944E-02   6.67246198E-03  -2.64604501E-02
  0.609375000      0.671875000       5.53418174E-02  -1.24529433E-02  -2.62450334E-02
  0.640625000      0.671875000       4.97039221E-02  -3.09202541E-02  -2.56290790E-02
  0.671875000      0.671875000       4.29700464E-02  -4.88872901E-02  -2.46677604E-02
  0.703125000      0.671875000       3.51710431E-02  -6.67010397E-02  -2.34308504E-02
  0.734375000      0.671875000       2.61900052E-02  -8.52522999E-02  -2.19947863E-02
  0.765625000      0.671875000       1.55432476E-02 -0.106442243      -2.04193927E-02
  0.796875000      0.671875000       1.39411353E-03 -0.135534108      -1.87536553E-02
  0.828125000      0.671875000      -1.72613077E-02 -0.180797011      -1.67142544E-02
  0.859375000      0.671875000      -3.77033837E-02 -0.246691644      -1.41140334E-02
  0.890625000      0.671875000      -5.41376472E-02 -0.326318085      -1.08412346E-02
  0.921875000      0.671875000      -5.92198558E-02 -0.397340834      -7.24189728E-03
  0.953125000      0.671875000      -4.67264876E-02 -0.411624372      -4.40738769E-03
  0.984375000      0.671875000      -1.77393667E-02 -0.265169322      -3.67053272E-03
   1.56250000E-02  0.703125000       1.88227848E-03   3.74731682E-02   2.99777632E-04
   4.68750000E-02  0.703125000       7.10996380E-03  0.100239232       3.85694177E-04
   7.81250000E-02  0.703125000       1.39282923E-02  0.143139452       2.88744865E-04
  0.109375000      0.703125000       2.06401907E-02  0.168282002      -5.35385770E-05
  0.140625000      0.703125000       2.69579664E-02  0.180798382      -7.04725913E-04
  0.171875000      0.703125000       3.31208780E-02  0.185092703      -1.71084655E-03
  0.203125000      0.703125000       3.93955931E-02  0.183994621      -3.09254928E-03
  0.234375000      0.703125000       4.58899215E-02  0.179089159      -4.84212954E-03
  0.265625000      0.703125000       5.25435507E-02  0.171224207      -6.92243595E-03
  0.296875000      0.703125000       5.91791309E-02  0.160885677      -9.26762447E-03
  0.328125000      0.703125000       6.55561835E-02  0.148411646      -1.17865913E-02
  0.359375000      0.703125000       7.14103878E-02  0.134099871      -1.43692493E-02
  0.390625000      0.703125000       7.64794722E-02  0.118258126      -1.68949720E-02
  0.421875000      0.703125000       8.05217177E-02  0.101224028      -1.92423295E-02
  0.453125000      0.703125000       8.33308697E-02   8.33643526E-02  -2.12991703E-02
  0.484375000      0.703125000       8.47482830E-02   6.50572330E-02  -2.29718033E-02
  0.515625000      0.703125000       8.46703574E-02   4.66604307E-02  -2.41920315E-02
  0.546875000      0.703125000       8.30489919E-02   2.84674242E-02  -2.49209888E-02
  0.578125000      0.703125000       7.98800141E-02   1.06297042E-02  -2.51493584E-02
  0.609375000      0.703125000       7.51097649E-02  -7.10907020E-03  -2.49062628E-02
  0.640625000      0.703125000       6.88169375E-02  -2.43258104E-02  -2.42979676E-02
  0.671875000      0.703125000       6.12009354E-02  -4.11251560E-02  -2.33166907E-02
  0.703125000      0.703125000       5.23568094E-02  -5.78143075E-02  -2.20350977E-02
  0.734375000      0.703125000       4.23036851E-02  -7.51001686E-02  -2.05293763E-02
  0.765625000      0.703125000       3.08916196E-02  -9.45319533E-02  -1.88702047E-02
  0.796875000      0.703125000       1.74050145E-02 -0.119806156      -1.71099529E-02
  0.828125000      0.703125000      -6.27527479E-04 -0.159835517      -1.52486181E-02
  0.859375000      0.703125000      -2.29322650E-02 -0.224905759      -1.27496179E-02
  0.890625000      0.703125000      -4.34736907E-02 -0.311128467      -9.44329612E-03
  0.921875000      0.703125000      -5.38039468E-02 -0.397118807      -5.53913601E-03
  0.953125000      0.703125000      -4.58309874E-02 -0.432314098      -2.16931384E-03
  0.984375000      0.703125000      -1.81949083E-02 -0.301104248      -1.02931214E-03
   1.56250000E-02  0.734375000       1.64603803E-03   3.39441635E-02   1.39780663E-04
   4.68750000E-02  0.734375000       6.54762983E-03   9.36373919E-02   2.52579048E-04
   7.81250000E-02  0.734375000       1.35096945E-02  0.135959208       2.77619867E-04
  0.109375000      0.734375000       2.10008845E-02  0.161257684       1.55431058E-04
  0.140625000      0.734375000       2.86385082E-02  0.173866212      -2.18536821E-04
  0.171875000      0.734375000       3.64832208E-02  0.178016752      -9.37917735E-04
  0.203125000      0.734375000       4.46307361E-02  0.176648661      -2.05694092E-03
  0.234375000      0.734375000       5.30595481E-02  0.171513304      -3.58503265E-03
  0.265625000      0.734375000       6.16196468E-02  0.163588822      -5.49044367E-03
  0.296875000      0.734375000       7.00720698E-02  0.153436780      -7.70609453E-03
  0.328125000      0.734375000       7.81332999E-02  0.141427159      -1.01365726E-02
  0.359375000      0.734375000       8.55094641E-02  0.127860039      -1.26664080E-02
  0.390625000      0.734375000       9.19197798E-02  0.113025606      -1.51695274E-02
  0.421875000      0.734375000       9.71131846E-02   9.72287506E-02  -1.75193492E-02
  0.453125000      0.734375000      0.100881010       8.07911009E-02  -1.95987336E-02
  0.484375000      0.734375000      0.103065938       6.40369356E-02  -2.13087853E-02
  0.515625000      0.734375000      0.103565529       4.72679138E-02  -2.25754846E-02
  0.546875000      0.734375000      0.102326706       3.07287946E-02  -2.33532190E-02
  0.578125000      0.734375000       9.93200094E-02   1.45522766E-02  -2.36246604E-02
  0.609375000      0.734375000       9.44471657E-02  -1.38084870E-03  -2.33959071E-02
  0.640625000      0.734375000       8.77829939E-02  -1.70900449E-02  -2.27888115E-02
  0.671875000      0.734375000       7.95352012E-02  -3.24910209E-02  -2.17888076E-02
  0.703125000      0.734375000       6.98029697E-02  -4.78670038E-02  -2.04577819E-02
  0.734375000      0.734375000       5.86726591E-02  -6.38600886E-02  -1.88666563E-02
  0.765625000      0.734375000       4.61630858E-02  -8.18476081E-02  -1.70849804E-02
  0.796875000      0.734375000       3.20401900E-02 -0.104879379      -1.51659213E-02
  0.828125000      0.734375000       1.51354568E-02 -0.139824539      -1.31141320E-02
  0.859375000      0.734375000      -6.97779376E-03 -0.200499296      -1.07974550E-02
  0.890625000      0.734375000      -3.09685282E-02 -0.291004121      -7.28888251E-03
  0.921875000      0.734375000      -4.66521233E-02 -0.391231239      -2.83007161E-03
  0.953125000      0.734375000      -4.38662767E-02 -0.448962808       1.36941392E-03
  0.984375000      0.734375000      -1.83299948E-02 -0.337630093       3.10101057E-03
   1.56250000E-02  0.765625000       1.15912070E-03   3.11381966E-02   7.42680131E-05
   4.68750000E-02  0.765625000       5.13769081E-03   8.75613540E-02   2.08227502E-04
   7.81250000E-02  0.765625000       1.16344206E-02  0.128574371       3.82358499E-04
  0.109375000      0.765625000       1.95056442E-02  0.153278112       5.33425424E-04
  0.140625000      0.765625000       2.82958150E-02  0.165416270       4.96175955E-04
  0.171875000      0.765625000       3.78301218E-02  0.169086426       1.13503833E-04
  0.203125000      0.765625000       4.79597300E-02  0.167301267      -7.11035158E-04
  0.234375000      0.765625000       5.84697351E-02  0.161922187      -2.00517522E-03
  0.265625000      0.765625000       6.90806359E-02  0.154010311      -3.73915560E-03
  0.296875000      0.765625000       7.94748664E-02  0.144171178      -5.83979674E-03
  0.328125000      0.765625000       8.93242210E-02  0.132785946      -8.20284523E-03
  0.359375000      0.765625000       9.83114094E-02  0.120142832      -1.07040126E-02
  0.390625000      0.765625000      0.106145866      0.106504008      -1.32094882E-02
  0.421875000      0.765625000      0.112575412       9.21342298E-02  -1.55861378E-02
  0.453125000      0.765625000      0.117394894       7.73057938E-02  -1.77110750E-02
  0.484375000      0.765625000      0.120451286       6.22887984E-02  -1.94798391E-02
  0.515625000      0.765625000      0.121643223       4.73325327E-02  -2.08124053E-02
  0.546875000      0.765625000      0.120911717       3.26424092E-02  -2.16562320E-02
  0.578125000      0.765625000      0.118214205       1.83504317E-02  -2.19857879E-02
  0.609375000      0.765625000      0.113472894       4.44212090E-03  -2.17968542E-02
  0.640625000      0.765625000      0.106726155      -9.49585717E-03  -2.11949721E-02
  0.671875000      0.765625000       9.81217623E-02  -2.32276656E-02  -2.01850589E-02
  0.703125000      0.765625000       8.77692103E-02  -3.70412767E-02  -1.88051332E-02
  0.734375000      0.765625000       7.57800192E-02  -5.15632033E-02  -1.71159618E-02
  0.765625000      0.765625000       6.22514375E-02  -6.81044981E-02  -1.51763009E-02
  0.796875000      0.765625000       4.71998081E-02  -8.94473940E-02  -1.30284736E-02
  0.828125000      0.765625000       3.02844737E-02 -0.121437147      -1.06725721E-02
  0.859375000      0.765625000       9.42335557E-03 -0.175914168      -8.03224649E-03
  0.890625000      0.765625000      -1.58222839E-02 -0.266355634      -4.32954915E-03
  0.921875000      0.765625000      -3.68799083E-02 -0.379141867       1.08465855E-03
  0.953125000      0.765625000      -4.02182862E-02 -0.460503340       6.62356894E-03
  0.984375000      0.765625000      -1.79429743E-02 -0.373904526       9.28231515E-03
   1.56250000E-02  0.796875000       2.14343425E-04   2.97637731E-02   4.06913896E-05
   4.68750000E-02  0.796875000       2.37664022E-03   8.27927142E-02   2.14979824E-04
   7.81250000E-02  0.796875000       7.73916952E-03  0.121481240       5.86960930E-04
  0.109375000      0.796875000       1.56819671E-02  0.144554690       1.07884197E-03
  0.140625000      0.796875000       2.55769473E-02  0.155452102       1.44028966E-03
  0.171875000      0.796875000       3.69181745E-02  0.158172905       1.43859698E-03
  0.203125000      0.796875000       4.92295399E-02  0.155772179       9.28531401E-04
  0.234375000      0.796875000       6.20326996E-02  0.150137246      -1.33763708E-04
  0.265625000      0.796875000       7.48813301E-02  0.142335832      -1.71421771E-03
  0.296875000      0.796875000       8.73681232E-02  0.132965848      -3.72699113E-03
  0.328125000      0.796875000       9.91237909E-02  0.122388691      -6.05385751E-03
  0.359375000      0.796875000      0.109817646      0.110862657      -8.55827518E-03
  0.390625000      0.796875000      0.119160742       9.86113623E-02  -1.10966954E-02
  0.421875000      0.796875000      0.126909971       8.58537778E-02  -1.35284746E-02
  0.453125000      0.796875000      0.132871836       7.28112981E-02  -1.57246888E-02
  0.484375000      0.796875000      0.136904031       5.97015433E-02  -1.75754949E-02
  0.515625000      0.796875000      0.138913751       4.67251949E-02  -1.89954117E-02
  0.546875000      0.796875000      0.138851494       3.40505466E-02  -1.99262071E-02
  0.578125000      0.796875000      0.136702299       2.17957459E-02  -2.03374811E-02
  0.609375000      0.796875000      0.132467896       9.97869670E-03  -2.02260502E-02
  0.640625000      0.796875000      0.125983655      -1.79601123E-03  -1.96157712E-02
  0.671875000      0.796875000      0.117309079      -1.36440136E-02  -1.86091289E-02
  0.703125000      0.796875000      0.106713794      -2.56736595E-02  -1.71876363E-02
  0.734375000      0.796875000       9.42867771E-02  -3.85124348E-02  -1.53939612E-02
  0.765625000      0.796875000       8.01181123E-02  -5.34571856E-02  -1.32623781E-02
  0.796875000      0.796875000       6.42877296E-02  -7.32132643E-02  -1.08003942E-02
  0.828125000      0.796875000       4.67741564E-02 -0.103244357      -7.95349013E-03
  0.859375000      0.796875000       2.70396192E-02 -0.153514653      -4.55344142E-03
  0.890625000      0.796875000       2.40423763E-03 -0.238878608      -2.96891638E-04
  0.921875000      0.796875000      -2.29756497E-02 -0.360186577       6.57153782E-03
  0.953125000      0.796875000      -3.38051766E-02 -0.465296298       1.42942108E-02
  0.984375000      0.796875000      -1.66737046E-02 -0.408523321       1.84822734E-02
   1.56250000E-02  0.828125000      -1.43218017E-03   3.09804864E-02  -2.83438840E-05
   4.68750000E-02  0.828125000      -2.54334160E-03   8.05222690E-02   1.91285813E-04
   7.81250000E-02  0.828125000       8.87936912E-04  0.114954859       9.08395858E-04
  0.109375000      0.828125000       8.94414634E-03  0.135078907       1.81381754E-03
  0.140625000      0.828125000       2.01575924E-02  0.143816203       2.62510357E-03
  0.171875000      0.828125000       3.36058140E-02  0.145016178       3.03436606E-03
  0.203125000      0.828125000       4.84268777E-02  0.141793668       2.83847935E-03
  0.234375000      0.828125000       6.38082623E-02  0.135929048       1.98507332E-03
  0.265625000      0.828125000       7.91172683E-02  0.128385127       5.22697461E-04
  0.296875000      0.828125000       9.38633159E-02  0.119683556      -1.44240190E-03
  0.328125000      0.828125000      0.107651159      0.110128529      -3.77322314E-03
  0.359375000      0.828125000      0.120153278       9.99291167E-02  -6.31838758E-03
  0.390625000      0.828125000      0.131097391       8.92611369E-02  -8.92350450E-03
  0.421875000      0.828125000      0.140262306       7.82943144E-02  -1.14402240E-02
  0.453125000      0.828125000      0.147477061       6.71993941E-02  -1.37339393E-02
  0.484375000      0.828125000      0.152620107       5.61439693E-02  -1.56900603E-02
  0.515625000      0.828125000      0.155616686       4.52825576E-02  -1.72184426E-02
  0.546875000      0.828125000      0.156434000       3.47442478E-02  -1.82557348E-02
  0.578125000      0.828125000      0.155073881       2.46172603E-02  -1.87655948E-02
  0.609375000      0.828125000      0.151554555       1.49162561E-02  -1.87368728E-02
  0.640625000      0.828125000      0.145834535       5.47530036E-03  -1.81776863E-02
  0.671875000      0.828125000      0.137808636      -4.21116780E-03  -1.71544384E-02
  0.703125000      0.828125000      0.127627075      -1.43270874E-02  -1.57043487E-02
  0.734375000      0.828125000      0.115513846      -2.53175199E-02  -1.38076600E-02
  0.765625000      0.828125000      0.101496235      -3.84660214E-02  -1.14573026E-02
  0.796875000      0.828125000       8.56046081E-02  -5.64841554E-02  -8.59341305E-03
  0.828125000      0.828125000       6.78483024E-02  -8.47069249E-02  -5.05026616E-03
  0.859375000      0.828125000       4.79664952E-02 -0.132440642      -4.66183817E-04
  0.890625000      0.828125000       2.49478910E-02 -0.212304920       5.75330574E-03
  0.921875000      0.828125000      -2.62655085E-03 -0.333813190       1.41313653E-02
  0.953125000      0.828125000      -2.27302164E-02 -0.460744202       2.55387593E-02
  0.984375000      0.828125000      -1.38719967E-02 -0.439071834       3.23935822E-02
   1.56250000E-02  0.859375000      -4.26525436E-03   3.66766155E-02  -2.08559053E-04
   4.68750000E-02  0.859375000      -1.04063051E-02   8.20753276E-02   9.64929350E-05
   7.81250000E-02  0.859375000      -9.74666514E-03  0.109307311       1.26225816E-03
  0.109375000      0.859375000      -1.40319811E-03  0.124322928       2.74677668E-03
  0.140625000      0.859375000       1.19200805E-02  0.130031317       4.05185018E-03
  0.171875000      0.859375000       2.81227920E-02  0.129145861       4.88678925E-03
  0.203125000      0.859375000       4.59714383E-02  0.124990210       4.97739017E-03
  0.234375000      0.859375000       6.42983764E-02  0.119020663       4.28474089E-03
  0.265625000      0.859375000       8.23237747E-02  0.111956455       2.88723130E-03
  0.296875000      0.859375000       9.95164216E-02  0.104171962       9.19079990E-04
  0.328125000      0.859375000      0.115488395       9.58799645E-02  -1.46087760E-03
  0.359375000      0.859375000      0.129940122       8.72247592E-02  -4.08566557E-03
  0.390625000      0.859375000      0.142635286       7.83283710E-02  -6.79031946E-03
  0.421875000      0.859375000      0.153390497       6.93102032E-02  -9.41952690E-03
  0.453125000      0.859375000      0.162071437       6.02919199E-02  -1.18339602E-02
  0.484375000      0.859375000      0.168590784       5.13937920E-02  -1.39153190E-02
  0.515625000      0.859375000      0.172905430       4.27266322E-02  -1.55698434E-02
  0.546875000      0.859375000      0.175012171       3.43813375E-02  -1.67299025E-02
  0.578125000      0.859375000      0.174941689       2.64158547E-02  -1.73537098E-02
  0.609375000      0.859375000      0.172748446       1.88347921E-02  -1.74230076E-02
  0.640625000      0.859375000      0.168485418       1.15436800E-02  -1.69389956E-02
  0.671875000      0.859375000      0.162068710       4.16595954E-03  -1.59164649E-02
  0.703125000      0.859375000      0.153387830      -3.84002109E-03  -1.44057460E-02
  0.734375000      0.859375000      0.142663121      -1.29662436E-02  -1.24143809E-02
  0.765625000      0.859375000      0.130034864      -2.41725892E-02  -9.82769951E-03
  0.796875000      0.859375000      0.115379304      -4.02332619E-02  -6.46754680E-03
  0.828125000      0.859375000       9.85618830E-02  -6.63887635E-02  -1.97897339E-03
  0.859375000      0.859375000       7.90755600E-02 -0.111397147       4.31755092E-03
  0.890625000      0.859375000       5.55745512E-02 -0.186836988       1.34557281E-02
  0.921875000      0.859375000       2.61747390E-02 -0.302316368       2.62863152E-02
  0.953125000      0.859375000      -3.39722168E-03 -0.442575514       4.22414094E-02
  0.984375000      0.859375000      -8.27861857E-03 -0.461226046       5.40125668E-02
   1.56250000E-02  0.890625000      -9.09597985E-03   5.00363335E-02  -8.81444663E-04
   4.68750000E-02  0.890625000      -2.23271139E-02   8.80842805E-02  -2.70610879E-04
   7.81250000E-02  0.890625000      -2.39611175E-02  0.104268536       1.63267355E-03
  0.109375000      0.890625000      -1.44173503E-02  0.111469835       3.87011468E-03
  0.140625000      0.890625000       2.17633368E-03  0.112962335       5.68208005E-03
  0.171875000      0.890625000       2.24153437E-02  0.109767705       6.95236400E-03
  0.203125000      0.890625000       4.40773740E-02  0.104852341       7.27016479E-03
  0.234375000      0.890625000       6.58367798E-02   9.90673155E-02   6.66680560E-03
  0.265625000      0.890625000       8.69286135E-02   9.27885324E-02   5.26936445E-03
  0.296875000      0.890625000      0.106869742       8.62031728E-02   3.24454135E-03
  0.328125000      0.890625000      0.125328749       7.94161111E-02   7.72728876E-04
  0.359375000      0.890625000      0.142064363       7.25009590E-02  -1.96503429E-03
  0.390625000      0.890625000      0.156897336       6.55250028E-02  -4.79495013E-03
  0.421875000      0.890625000      0.169698805       5.85590079E-02  -7.55630992E-03
  0.453125000      0.890625000      0.180385575       5.16784415E-02  -1.01064332E-02
  0.484375000      0.890625000      0.188917756       4.49595340E-02  -1.23245576E-02
  0.515625000      0.890625000      0.195295706       3.84725481E-02  -1.41144563E-02
  0.546875000      0.890625000      0.199555606       3.22731957E-02  -1.54052824E-02
  0.578125000      0.890625000      0.201762587       2.63918433E-02  -1.61504932E-02
  0.609375000      0.890625000      0.202000499       2.08180454E-02  -1.63247325E-02
  0.640625000      0.890625000      0.200354680       1.54725034E-02  -1.59182735E-02
  0.671875000      0.890625000      0.196868718       1.01420823E-02  -1.49281304E-02
  0.703125000      0.890625000      0.191412598       4.32193559E-03  -1.33417686E-02
  0.734375000      0.890625000      0.183775097      -2.76629208E-03  -1.11623136E-02
  0.765625000      0.890625000      0.174076572      -1.20477164E-02  -8.33451282E-03
  0.796875000      0.890625000      0.162346944      -2.59767808E-02  -4.35151672E-03
  0.828125000      0.890625000      0.148047417      -4.95341904E-02   1.43938186E-03
  0.859375000      0.890625000      0.129840225      -9.05662328E-02   1.02245258E-02
  0.890625000      0.890625000      0.105052367     -0.159389049       2.37717032E-02
  0.921875000      0.890625000       7.05213994E-02 -0.265845001       4.36419621E-02
  0.953125000      0.890625000       2.79784612E-02 -0.406944215       6.85382932E-02
  0.984375000      0.890625000       2.75047682E-03 -0.466758549       8.86149779E-02
   1.56250000E-02  0.921875000      -1.58848539E-02   7.50154331E-02  -3.25616891E-03
   4.68750000E-02  0.921875000      -3.61042395E-02   9.65517014E-02  -1.41997985E-03
   7.81250000E-02  0.921875000      -3.59046385E-02   9.72307026E-02   1.87417236E-03
  0.109375000      0.921875000      -2.16367692E-02   9.46906060E-02   5.14067523E-03
  0.140625000      0.921875000       7.92727340E-04   9.07122940E-02   7.53264502E-03
  0.171875000      0.921875000       2.67720707E-02   8.57928619E-02   9.15945880E-03
  0.203125000      0.921875000       5.32550253E-02   8.06756616E-02   9.60673112E-03
  0.234375000      0.921875000       7.92137682E-02   7.55197406E-02   9.01085697E-03
  0.265625000      0.921875000      0.104077846       7.03749359E-02   7.55214831E-03
  0.296875000      0.921875000      0.127493888       6.52554929E-02   5.42715145E-03
  0.328125000      0.921875000      0.149228767       6.01670928E-02   2.83398642E-03
  0.359375000      0.921875000      0.169122756       5.51189631E-02  -3.57023309E-05
  0.390625000      0.921875000      0.187067598       5.01291379E-02  -3.00193531E-03
  0.421875000      0.921875000      0.202997029       4.52251509E-02  -5.90060512E-03
  0.453125000      0.921875000      0.216882885       4.04418483E-02  -8.58718064E-03
  0.484375000      0.921875000      0.228732586       3.58172581E-02  -1.09396959E-02
  0.515625000      0.921875000      0.238585889       3.13871428E-02  -1.28605869E-02
  0.546875000      0.921875000      0.246509731       2.71786302E-02  -1.42768687E-02
  0.578125000      0.921875000      0.252590477       2.32024081E-02  -1.51383234E-02
  0.609375000      0.921875000      0.256922156       1.94412842E-02  -1.54132247E-02
  0.640625000      0.921875000      0.259588957       1.58310421E-02  -1.50808273E-02
  0.671875000      0.921875000      0.260637164       1.22231077E-02  -1.41189322E-02
  0.703125000      0.921875000      0.260027379       8.30738246E-03  -1.24833891E-02
  0.734375000      0.921875000      0.257514566       3.39767896E-03  -1.00720562E-02
  0.765625000      0.921875000      0.252787620      -3.78880929E-03  -6.79024030E-03
  0.796875000      0.921875000      0.245624214      -1.53472535E-02  -1.97344949E-03
  0.828125000      0.921875000      0.235030159      -3.52770723E-02   5.65269683E-03
  0.859375000      0.921875000      0.218220860      -6.98162168E-02   1.79707389E-02
  0.890625000      0.921875000      0.190368652     -0.127510548       3.78297865E-02
  0.921875000      0.921875000      0.145585075     -0.218422160       6.81406483E-02
  0.953125000      0.921875000       8.18745568E-02 -0.348127663      0.108318776    
  0.984375000      0.921875000       2.27641892E-02 -0.441248804      0.144254431    
   1.56250000E-02  0.953125000      -1.66981760E-02  0.107596599      -1.07598044E-02
   4.68750000E-02  0.953125000      -2.75724977E-02   9.50598940E-02  -3.74310883E-03
   7.81250000E-02  0.953125000      -8.22093152E-03   7.91660324E-02   2.09410232E-03
  0.109375000      0.953125000       2.14993935E-02   6.87610060E-02   6.59650192E-03
  0.140625000      0.953125000       5.44057488E-02   6.12991676E-02   9.71436501E-03
  0.171875000      0.953125000       8.77353251E-02   5.58896475E-02   1.14737926E-02
  0.203125000      0.953125000      0.120434359       5.13893738E-02   1.19255707E-02
  0.234375000      0.953125000      0.151855409       4.74191345E-02   1.12588918E-02
  0.265625000      0.953125000      0.181674331       4.37863134E-02   9.69089568E-03
  0.296875000      0.953125000      0.209715933       4.03814651E-02   7.43900798E-03
  0.328125000      0.953125000      0.235878170       3.71403396E-02   4.71264496E-03
  0.359375000      0.953125000      0.260101020       3.40266712E-02   1.70940952E-03
  0.390625000      0.953125000      0.282353640       3.10231633E-02  -1.38781627E-03
  0.421875000      0.953125000      0.302630007       2.81257778E-02  -4.41371277E-03
  0.453125000      0.953125000      0.320947409       2.53395103E-02  -7.22348876E-03
  0.484375000      0.953125000      0.337345421       2.26743110E-02  -9.69514623E-03
  0.515625000      0.953125000      0.351883948       2.01412886E-02  -1.17308246E-02
  0.546875000      0.953125000      0.364639223       1.77486930E-02  -1.32564157E-02
  0.578125000      0.953125000      0.375697285       1.54968547E-02  -1.42191779E-02
  0.609375000      0.953125000      0.385143816       1.33716762E-02  -1.45822130E-02
  0.640625000      0.953125000      0.393047363       1.13327354E-02  -1.43148154E-02
  0.671875000      0.953125000      0.399432838       9.28924140E-03  -1.33752404E-02
  0.703125000      0.953125000      0.404239714       7.04435492E-03  -1.16801672E-02
  0.734375000      0.953125000      0.407271117       4.14081663E-03  -9.04900674E-03
  0.765625000      0.953125000      0.408100575      -6.37500605E-04  -5.10202069E-03
  0.796875000      0.953125000      0.405660689      -8.90051574E-03   1.08286261E-03
  0.828125000      0.953125000      0.397546887      -2.30238307E-02   1.12150759E-02
  0.859375000      0.953125000      0.379294991      -4.70185019E-02   2.80653015E-02
  0.890625000      0.953125000      0.343743503      -8.69171470E-02   5.58308065E-02
  0.921875000      0.953125000      0.281055152     -0.151557922       9.95989218E-02
  0.953125000      0.953125000      0.181806743     -0.252047956      0.162094444    
  0.984375000      0.953125000       6.10328652E-02 -0.357456863      0.229473904    
   1.56250000E-02  0.984375000       6.21463209E-02   6.21469133E-02  -2.84756273E-02
   4.68750000E-02  0.984375000      0.168909147       4.46173809E-02  -3.15817329E-03
   7.81250000E-02  0.984375000      0.246343046       3.28184292E-02   5.60137630E-03
  0.109375000      0.984375000      0.305442542       2.62833461E-02   1.01996791E-02
  0.140625000      0.984375000      0.354015023       2.22917609E-02   1.29668340E-02
  0.171875000      0.984375000      0.395939827       1.96359046E-02   1.43694412E-02
  0.203125000      0.984375000      0.433224916       1.76521055E-02   1.45336557E-02
  0.234375000      0.984375000      0.466913998       1.60397440E-02   1.36302821E-02
  0.265625000      0.984375000      0.497603178       1.46518620E-02   1.18599469E-02
  0.296875000      0.984375000      0.525662899       1.34098837E-02   9.43024363E-03
  0.328125000      0.984375000      0.551340103       1.22688934E-02   6.54469011E-03
  0.359375000      0.984375000      0.574810624       1.12025626E-02   3.39682517E-03
  0.390625000      0.984375000      0.596208453       1.01957638E-02   1.66564394E-04
  0.421875000      0.984375000      0.615644693       9.24055651E-03  -2.98315217E-03
  0.453125000      0.984375000      0.633219302       8.33370816E-03  -5.90941450E-03
  0.484375000      0.984375000      0.649028540       7.47474516E-03  -8.49153940E-03
  0.515625000      0.984375000      0.663168609       6.66448660E-03  -1.06322747E-02
  0.546875000      0.984375000      0.675737798       5.90365520E-03  -1.22574316E-02
  0.578125000      0.984375000      0.686833441       5.19088097E-03  -1.33127868E-02
  0.609375000      0.984375000      0.696546137       4.52085119E-03  -1.37579199E-02
  0.640625000      0.984375000      0.704947948       3.88015201E-03  -1.35548608E-02
  0.671875000      0.984375000      0.712067008       3.23845050E-03  -1.26454318E-02
  0.703125000      0.984375000      0.717830300       2.52492353E-03  -1.09052267E-02
  0.734375000      0.984375000      0.721906185       1.55160401E-03  -8.02761875E-03
  0.765625000      0.984375000      0.723241091      -2.15471839E-04  -3.18774441E-03
  0.796875000      0.984375000      0.719688654      -3.33498372E-03   4.56789089E-03
  0.828125000      0.984375000      0.707778215      -8.57237540E-03   1.71743464E-02
  0.859375000      0.984375000      0.681876481      -1.73254721E-02   3.81608754E-02
  0.890625000      0.984375000      0.632676721      -3.18698324E-02   7.28054792E-02
  0.921875000      0.984375000      0.544774711      -5.60271814E-02  0.128170013    
  0.953125000      0.984375000      0.392587125      -9.61553454E-02  0.211458892    
  0.984375000      0.984375000      0.148214683     -0.148213267      0.323076934    
