 VARIABLES="X","Y","U","V","P"
 ZONE F=POINT, I=          32 , J=          32
   1.56250000E-02   1.56250000E-02  -2.86799914E-05   2.78428051E-05   2.16103811E-03
   4.68750000E-02   1.56250000E-02  -1.97883637E-04   1.39412979E-04   2.15007900E-03
   7.81250000E-02   1.56250000E-02  -5.49580087E-04   2.10050785E-04   2.14605615E-03
  0.109375000       1.56250000E-02  -1.00229285E-03   2.40392779E-04   2.15499569E-03
  0.140625000       1.56250000E-02  -1.49314653E-03   2.48142140E-04   2.17863079E-03
  0.171875000       1.56250000E-02  -1.98978093E-03   2.46130308E-04   2.21715192E-03
  0.203125000       1.56250000E-02  -2.47859745E-03   2.40292633E-04   2.27044453E-03
  0.234375000       1.56250000E-02  -2.95382831E-03   2.32525839E-04   2.33844062E-03
  0.265625000       1.56250000E-02  -3.41187487E-03   2.23098992E-04   2.42113089E-03
  0.296875000       1.56250000E-02  -3.84920090E-03   2.11801671E-04   2.51850393E-03
  0.328125000       1.56250000E-02  -4.26176284E-03   1.98332345E-04   2.63048522E-03
  0.359375000       1.56250000E-02  -4.64492338E-03   1.82393094E-04   2.75688758E-03
  0.390625000       1.56250000E-02  -4.99346992E-03   1.63704361E-04   2.89735338E-03
  0.421875000       1.56250000E-02  -5.30166645E-03   1.42014920E-04   3.05130961E-03
  0.453125000       1.56250000E-02  -5.56333270E-03   1.17123818E-04   3.21790925E-03
  0.484375000       1.56250000E-02  -5.77196665E-03   8.89068397E-05   3.39599606E-03
  0.515625000       1.56250000E-02  -5.92091167E-03   5.73317739E-05   3.58404312E-03
  0.546875000       1.56250000E-02  -6.00355491E-03   2.24731502E-05   3.78013821E-03
  0.578125000       1.56250000E-02  -6.01367839E-03  -1.53451274E-05   3.98194557E-03
  0.609375000       1.56250000E-02  -5.94505854E-03  -5.64406437E-05   4.18632664E-03
  0.640625000       1.56250000E-02  -5.79178846E-03  -1.00170051E-04   4.39004134E-03
  0.671875000       1.56250000E-02  -5.54956309E-03  -1.45569094E-04   4.58944310E-03
  0.703125000       1.56250000E-02  -5.21616451E-03  -1.91498781E-04   4.78054490E-03
  0.734375000       1.56250000E-02  -4.79182368E-03  -2.36640553E-04   4.95915953E-03
  0.765625000       1.56250000E-02  -4.27961908E-03  -2.79462547E-04   5.12105227E-03
  0.796875000       1.56250000E-02  -3.68604786E-03  -3.18078150E-04   5.26213832E-03
  0.828125000       1.56250000E-02  -3.02226632E-03  -3.49719630E-04   5.37869381E-03
  0.859375000       1.56250000E-02  -2.30720360E-03  -3.69394256E-04   5.46761788E-03
  0.890625000       1.56250000E-02  -1.57450524E-03  -3.67390079E-04   5.52686630E-03
  0.921875000       1.56250000E-02  -8.84643814E-04  -3.26591253E-04   5.55629469E-03
  0.953125000       1.56250000E-02  -3.37364327E-04  -2.24820571E-04   5.55939786E-03
  0.984375000       1.56250000E-02  -5.73041689E-05  -5.85770831E-05   5.54652140E-03
   1.56250000E-02   4.68750000E-02  -1.46014805E-04   2.00543509E-04   2.17204075E-03
   4.68750000E-02   4.68750000E-02  -6.45345019E-04   6.30712369E-04   2.16090819E-03
   7.81250000E-02   4.68750000E-02  -1.47646596E-03   8.96486687E-04   2.15969514E-03
  0.109375000       4.68750000E-02  -2.48973351E-03   1.01481343E-03   2.17067986E-03
  0.140625000       4.68750000E-02  -3.57729336E-03   1.04692054E-03   2.19508051E-03
  0.171875000       4.68750000E-02  -4.67709731E-03   1.03848311E-03   2.23345030E-03
  0.203125000       4.68750000E-02  -5.75779099E-03   1.01207849E-03   2.28604907E-03
  0.234375000       4.68750000E-02  -6.80306088E-03   9.75840725E-04   2.35302467E-03
  0.265625000       4.68750000E-02  -7.80221727E-03   9.31583229E-04   2.43446487E-03
  0.296875000       4.68750000E-02  -8.74596648E-03   8.78999243E-04   2.53039924E-03
  0.328125000       4.68750000E-02  -9.62489191E-03   8.17234977E-04   2.64077866E-03
  0.359375000       4.68750000E-02  -1.04289968E-02   7.45358178E-04   2.76543573E-03
  0.390625000       4.68750000E-02  -1.11476183E-02   6.62471983E-04   2.90403981E-03
  0.421875000       4.68750000E-02  -1.17694754E-02   5.67786221E-04   3.05605051E-03
  0.453125000       4.68750000E-02  -1.22827943E-02   4.60687559E-04   3.22065922E-03
  0.484375000       4.68750000E-02  -1.26755098E-02   3.40849569E-04   3.39673832E-03
  0.515625000       4.68750000E-02  -1.29355770E-02   2.08303187E-04   3.58279189E-03
  0.546875000       4.68750000E-02  -1.30513143E-02   6.34644020E-05   3.77694285E-03
  0.578125000       4.68750000E-02  -1.30114183E-02  -9.28891895E-05   3.97675857E-03
  0.609375000       4.68750000E-02  -1.28055345E-02  -2.60573725E-04   4.17924114E-03
  0.640625000       4.68750000E-02  -1.24254385E-02  -4.36978386E-04   4.38115979E-03
  0.671875000       4.68750000E-02  -1.18658375E-02  -6.18542370E-04   4.57885116E-03
  0.703125000       4.68750000E-02  -1.11250840E-02  -8.00968963E-04   4.76831943E-03
  0.734375000       4.68750000E-02  -1.02059431E-02  -9.79215838E-04   4.94538015E-03
  0.765625000       4.68750000E-02  -9.11644846E-03  -1.14735332E-03   5.10580791E-03
  0.796875000       4.68750000E-02  -7.87119661E-03  -1.29792374E-03   5.24556544E-03
  0.828125000       4.68750000E-02  -6.49397122E-03  -1.41989521E-03   5.36106247E-03
  0.859375000       4.68750000E-02  -5.02347155E-03  -1.49387121E-03   5.44948783E-03
  0.890625000       4.68750000E-02  -3.52439051E-03  -1.48384459E-03   5.50928712E-03
  0.921875000       4.68750000E-02  -2.10415106E-03  -1.32942665E-03   5.54082636E-03
  0.953125000       4.68750000E-02  -9.27837798E-04  -9.54740797E-04   5.54712629E-03
  0.984375000       4.68750000E-02  -2.12618557E-04  -3.31502320E-04   5.53397229E-03
   1.56250000E-02   7.81250000E-02  -2.27975834E-04   5.72216348E-04   2.17547477E-03
   4.68750000E-02   7.81250000E-02  -9.52147879E-04   1.47734466E-03   2.16108118E-03
   7.81250000E-02   7.81250000E-02  -2.09037471E-03   2.01347074E-03   2.15973193E-03
  0.109375000       7.81250000E-02  -3.43929324E-03   2.25428841E-03   2.17118021E-03
  0.140625000       7.81250000E-02  -4.87042591E-03   2.32033734E-03   2.19570054E-03
  0.171875000       7.81250000E-02  -6.31114468E-03   2.29969481E-03   2.23368290E-03
  0.203125000       7.81250000E-02  -7.72299059E-03   2.23745150E-03   2.28548329E-03
  0.234375000       7.81250000E-02  -9.08434298E-03   2.15112092E-03   2.35137134E-03
  0.265625000       7.81250000E-02  -1.03803528E-02   2.04551732E-03   2.43153423E-03
  0.296875000       7.81250000E-02  -1.15982974E-02   1.92083186E-03   2.52607535E-03
  0.328125000       7.81250000E-02  -1.27257630E-02   1.77587080E-03   2.63502263E-03
  0.359375000       7.81250000E-02  -1.37500148E-02   1.60912261E-03   2.75828177E-03
  0.390625000       7.81250000E-02  -1.46578038E-02   1.41908065E-03   2.89561297E-03
  0.421875000       7.81250000E-02  -1.54353585E-02   1.20441196E-03   3.04655498E-03
  0.453125000       7.81250000E-02  -1.60684697E-02   9.64108622E-04   3.21038859E-03
  0.484375000       7.81250000E-02  -1.65426657E-02   6.97691110E-04   3.38606164E-03
  0.515625000       7.81250000E-02  -1.68434829E-02   4.05376719E-04   3.57212825E-03
  0.546875000       7.81250000E-02  -1.69568434E-02   8.81529049E-05   3.76671599E-03
  0.578125000       7.81250000E-02  -1.68695413E-02  -2.52511702E-04   3.96733964E-03
  0.609375000       7.81250000E-02  -1.65704824E-02  -6.14038086E-04   4.17115539E-03
  0.640625000       7.81250000E-02  -1.60515234E-02  -9.91106150E-04   4.37480351E-03
  0.671875000       7.81250000E-02  -1.53077515E-02  -1.37666636E-03   4.57450701E-03
  0.703125000       7.81250000E-02  -1.43384617E-02  -1.76204415E-03   4.76613734E-03
  0.734375000       7.81250000E-02  -1.31481839E-02  -2.13691499E-03   4.94535966E-03
  0.765625000       7.81250000E-02  -1.17478240E-02  -2.48899171E-03   5.10779675E-03
  0.796875000       7.81250000E-02  -1.01562943E-02  -2.80262996E-03   5.24928607E-03
  0.828125000       7.81250000E-02  -8.40359554E-03  -3.05473339E-03   5.36616333E-03
  0.859375000       7.81250000E-02  -6.53709378E-03  -3.20570916E-03   5.45562292E-03
  0.890625000       7.81250000E-02  -4.63329256E-03  -3.18461331E-03   5.51614072E-03
  0.921875000       7.81250000E-02  -2.81625427E-03  -2.87568220E-03   5.54794632E-03
  0.953125000       7.81250000E-02  -1.27944537E-03  -2.13131774E-03   5.55321481E-03
  0.984375000       7.81250000E-02  -3.05153546E-04  -8.52691999E-04   5.53542795E-03
   1.56250000E-02  0.109375000      -2.71636032E-04   1.06951618E-03   2.16381554E-03
   4.68750000E-02  0.109375000      -1.12244335E-03   2.54981220E-03   2.14661751E-03
   7.81250000E-02  0.109375000      -2.43829121E-03   3.38932709E-03   2.14421889E-03
  0.109375000      0.109375000      -3.97768570E-03   3.76103586E-03   2.15522549E-03
  0.140625000      0.109375000      -5.59845101E-03   3.85972951E-03   2.17928202E-03
  0.171875000      0.109375000      -7.22355861E-03   3.82029079E-03   2.21656077E-03
  0.203125000      0.109375000      -8.81249085E-03   3.71174607E-03   2.26740376E-03
  0.234375000      0.109375000      -1.03419144E-02   3.56170768E-03   2.33214116E-03
  0.265625000      0.109375000      -1.17953476E-02   3.37849371E-03   2.41104933E-03
  0.296875000      0.109375000      -1.31585766E-02   3.16314911E-03   2.50432803E-03
  0.328125000      0.109375000      -1.44178616E-02   2.91438028E-03   2.61211535E-03
  0.359375000      0.109375000      -1.55592728E-02   2.63025006E-03   2.73444038E-03
  0.390625000      0.109375000      -1.65684596E-02   2.30873772E-03   2.87118973E-03
  0.421875000      0.109375000      -1.74305812E-02   1.94800878E-03   3.02203977E-03
  0.453125000      0.109375000      -1.81303285E-02   1.54666766E-03   3.18639888E-03
  0.484375000      0.109375000      -1.86520554E-02   1.10403239E-03   3.36331478E-03
  0.515625000      0.109375000      -1.89800113E-02   6.20441686E-04   3.55141587E-03
  0.546875000      0.109375000      -1.90987736E-02   9.75034563E-05   3.74885066E-03
  0.578125000      0.109375000      -1.89941339E-02  -4.61854303E-04   3.95315699E-03
  0.609375000      0.109375000      -1.86541267E-02  -1.05211651E-03   4.16140864E-03
  0.640625000      0.109375000      -1.80695932E-02  -1.66512118E-03   4.37011104E-03
  0.671875000      0.109375000      -1.72347948E-02  -2.28999555E-03   4.57528606E-03
  0.703125000      0.109375000      -1.61485318E-02  -2.91313254E-03   4.77256766E-03
  0.734375000      0.109375000      -1.48153882E-02  -3.51812970E-03   4.95732995E-03
  0.765625000      0.109375000      -1.32471090E-02  -4.08526696E-03   5.12489444E-03
  0.796875000      0.109375000      -1.14644840E-02  -4.58931457E-03   5.27081452E-03
  0.828125000      0.109375000      -9.50062275E-03  -4.99338843E-03   5.39118890E-03
  0.859375000      0.109375000      -7.40739144E-03  -5.23558352E-03   5.48303779E-03
  0.890625000      0.109375000      -5.26769087E-03  -5.20709576E-03   5.54470578E-03
  0.921875000      0.109375000      -3.21607292E-03  -4.73078154E-03   5.57624269E-03
  0.953125000      0.109375000      -1.46759674E-03  -3.57048889E-03   5.57948323E-03
  0.984375000      0.109375000      -3.51035880E-04  -1.51220488E-03   5.55750821E-03
   1.56250000E-02  0.140625000      -2.92801153E-04   1.63166365E-03   2.13401578E-03
   4.68750000E-02  0.140625000      -1.21071551E-03   3.75121715E-03   2.11493322E-03
   7.81250000E-02  0.140625000      -2.62718997E-03   4.91456036E-03   2.11137487E-03
  0.109375000      0.140625000      -4.27689170E-03   5.41929994E-03   2.12153094E-03
  0.140625000      0.140625000      -6.00730022E-03   5.54702012E-03   2.14475067E-03
  0.171875000      0.140625000      -7.73832109E-03   5.48344851E-03   2.18107551E-03
  0.203125000      0.140625000      -9.42882244E-03   5.32230455E-03   2.23082816E-03
  0.234375000      0.140625000      -1.10552898E-02   5.10130776E-03   2.29438557E-03
  0.265625000      0.140625000      -1.26009863E-02   4.83227847E-03   2.37211795E-03
  0.296875000      0.140625000      -1.40513685E-02   4.51717945E-03   2.46433960E-03
  0.328125000      0.140625000      -1.53923510E-02   4.15469892E-03   2.57132854E-03
  0.359375000      0.140625000      -1.66096464E-02   3.74252768E-03   2.69327429E-03
  0.390625000      0.140625000      -1.76885109E-02   3.27813672E-03   2.83022388E-03
  0.421875000      0.140625000      -1.86136123E-02   2.75913603E-03   2.98203388E-03
  0.453125000      0.140625000      -1.93689875E-02   2.18362804E-03   3.14825587E-03
  0.484375000      0.140625000      -1.99381448E-02   1.55057095E-03   3.32807447E-03
  0.515625000      0.140625000      -2.03042440E-02   8.60246073E-04   3.52022611E-03
  0.546875000      0.140625000      -2.04505250E-02   1.14758477E-04   3.72290588E-03
  0.578125000      0.140625000      -2.03611013E-02  -6.81381207E-04   3.93365417E-03
  0.609375000      0.140625000      -2.00217776E-02  -1.52027328E-03   4.14933916E-03
  0.640625000      0.140625000      -1.94208026E-02  -2.39088573E-03   4.36628610E-03
  0.671875000      0.140625000      -1.85499042E-02  -3.27832485E-03   4.58026445E-03
  0.703125000      0.140625000      -1.74056310E-02  -4.16363822E-03   4.78655426E-03
  0.734375000      0.140625000      -1.59909017E-02  -5.02365455E-03   4.98011289E-03
  0.765625000      0.140625000      -1.43167470E-02  -5.83019247E-03   5.15581854E-03
  0.796875000      0.140625000      -1.24045573E-02  -6.54711016E-03   5.30877290E-03
  0.828125000      0.140625000      -1.02897389E-02  -7.12214131E-03   5.43468865E-03
  0.859375000      0.140625000      -8.02857243E-03  -7.46914651E-03   5.53029589E-03
  0.890625000      0.140625000      -5.71131241E-03  -7.43854092E-03   5.59379905E-03
  0.921875000      0.140625000      -3.48487543E-03  -6.78560045E-03   5.62523399E-03
  0.953125000      0.140625000      -1.58587378E-03  -5.17152343E-03   5.62660024E-03
  0.984375000      0.140625000      -3.77297518E-04  -2.24376190E-03   5.60143450E-03
   1.56250000E-02  0.171875000      -3.04637826E-04   2.22683838E-03   2.08507688E-03
   4.68750000E-02  0.171875000      -1.26342452E-03   5.02765225E-03   2.06466508E-03
   7.81250000E-02  0.171875000      -2.74570892E-03   6.53133169E-03   2.06000498E-03
  0.109375000      0.171875000      -4.47085779E-03   7.17195589E-03   2.06914358E-03
  0.140625000      0.171875000      -6.27818797E-03   7.32668536E-03   2.09130975E-03
  0.171875000      0.171875000      -8.08474887E-03   7.23589677E-03   2.12649954E-03
  0.203125000      0.171875000      -9.84894577E-03   7.01904297E-03   2.17505358E-03
  0.234375000      0.171875000      -1.15474975E-02   6.72403956E-03   2.23742146E-03
  0.265625000      0.171875000      -1.31639875E-02   6.36612857E-03   2.31407117E-03
  0.296875000      0.171875000      -1.46841314E-02   5.94813516E-03   2.40545999E-03
  0.328125000      0.171875000      -1.60940215E-02   5.46869263E-03   2.51203123E-03
  0.359375000      0.171875000      -1.73794515E-02   4.92506195E-03   2.63415975E-03
  0.390625000      0.171875000      -1.85256135E-02   4.31409013E-03   2.77208025E-03
  0.421875000      0.171875000      -1.95168927E-02   3.63265397E-03   2.92585557E-03
  0.453125000      0.171875000      -2.03367472E-02   2.87808524E-03   3.09521426E-03
  0.484375000      0.171875000      -2.09677145E-02   2.04867194E-03   3.27950949E-03
  0.515625000      0.171875000      -2.13915370E-02   1.14426587E-03   3.47759109E-03
  0.546875000      0.171875000      -2.15894934E-02   1.67031103E-04   3.68775288E-03
  0.578125000      0.171875000      -2.15429217E-02  -8.77646729E-04   3.90754081E-03
  0.609375000      0.171875000      -2.12340653E-02  -1.98013615E-03   4.13354253E-03
  0.640625000      0.171875000      -2.06471309E-02  -3.12675722E-03   4.36188560E-03
  0.671875000      0.171875000      -1.97696239E-02  -4.29851608E-03   4.58801305E-03
  0.703125000      0.171875000      -1.85940824E-02  -5.47071174E-03   4.80676396E-03
  0.734375000      0.171875000      -1.71201043E-02  -6.61254860E-03   5.01254248E-03
  0.765625000      0.171875000      -1.53566729E-02  -7.68601382E-03   5.19960094E-03
  0.796875000      0.171875000      -1.33251036E-02  -8.64214264E-03   5.36240730E-03
  0.828125000      0.171875000      -1.10633932E-02  -9.41081531E-03   5.49611123E-03
  0.859375000      0.171875000      -8.63387994E-03  -9.87852924E-03   5.59704797E-03
  0.890625000      0.171875000      -6.13731612E-03  -9.85064358E-03   5.66328689E-03
  0.921875000      0.171875000      -3.73700168E-03  -9.00819805E-03   5.69505524E-03
  0.953125000      0.171875000      -1.69353525E-03  -6.89958036E-03   5.69487642E-03
  0.984375000      0.171875000      -4.00451128E-04  -3.02466471E-03   5.66705642E-03
   1.56250000E-02  0.203125000      -3.14316829E-04   2.84355902E-03   2.01670243E-03
   4.68750000E-02  0.203125000      -1.30716083E-03   6.35757390E-03   1.99513044E-03
   7.81250000E-02  0.203125000      -2.84576369E-03   8.21691565E-03   1.98937138E-03
  0.109375000      0.203125000      -4.63748397E-03   8.99802335E-03   1.99737633E-03
  0.140625000      0.203125000      -6.51456369E-03   9.17982496E-03   2.01832945E-03
  0.171875000      0.203125000      -8.39122944E-03   9.06072371E-03   2.05223449E-03
  0.203125000      0.203125000      -1.02253137E-02   8.78716819E-03   2.09948071E-03
  0.234375000      0.203125000      -1.19938338E-02   8.41758400E-03   2.16061668E-03
  0.265625000      0.203125000      -1.36809079E-02   7.97064416E-03   2.23623356E-03
  0.296875000      0.203125000      -1.52728064E-02   7.44997989E-03   2.32695043E-03
  0.328125000      0.203125000      -1.67561099E-02   6.85409643E-03   2.43339688E-03
  0.359375000      0.203125000      -1.81169771E-02   6.17969129E-03   2.55615520E-03
  0.390625000      0.203125000      -1.93407498E-02   5.42277517E-03   2.69567640E-03
  0.421875000      0.203125000      -2.04116590E-02   4.57918877E-03   2.85223732E-03
  0.453125000      0.203125000      -2.13125776E-02   3.64507735E-03   3.02579254E-03
  0.484375000      0.203125000      -2.20248774E-02   2.61752447E-03   3.21587897E-03
  0.515625000      0.203125000      -2.25284360E-02   1.49530661E-03   3.42151849E-03
  0.546875000      0.203125000      -2.28018016E-02   2.79859756E-04   3.64112854E-03
  0.578125000      0.203125000      -2.28225254E-02  -1.02363434E-03   3.87236476E-03
  0.609375000      0.203125000      -2.25681029E-02  -2.40452820E-03   4.11149673E-03
  0.640625000      0.203125000      -2.20172163E-02  -3.84705607E-03   4.35444666E-03
  0.671875000      0.203125000      -2.11513378E-02  -5.32826595E-03   4.59629344E-03
  0.703125000      0.203125000      -1.99570227E-02  -6.81733154E-03   4.83132293E-03
  0.734375000      0.203125000      -1.84286237E-02  -8.27476010E-03   5.05323522E-03
  0.765625000      0.203125000      -1.65715516E-02  -9.65082087E-03   5.25543233E-03
  0.796875000      0.203125000      -1.44063188E-02  -1.08808670E-02   5.43148909E-03
  0.828125000      0.203125000      -1.19741168E-02  -1.18730832E-02   5.57573605E-03
  0.859375000      0.203125000      -9.34565719E-03  -1.24817733E-02   5.68394549E-03
  0.890625000      0.203125000      -6.63629360E-03  -1.24613624E-02   5.75403497E-03
  0.921875000      0.203125000      -4.03096341E-03  -1.14115700E-02   5.78659633E-03
  0.953125000      0.203125000      -1.81910442E-03  -8.76019895E-03   5.78499492E-03
  0.984375000      0.203125000      -4.27738094E-04  -3.85600817E-03   5.75451646E-03
   1.56250000E-02  0.234375000      -3.24875524E-04   3.48055805E-03   1.92871969E-03
   4.68750000E-02  0.234375000      -1.35393278E-03   7.73761328E-03   1.90592045E-03
   7.81250000E-02  0.234375000      -2.95176893E-03   9.96811967E-03   1.89896522E-03
  0.109375000      0.234375000      -4.81381454E-03   1.08955726E-02   1.90570089E-03
  0.140625000      0.234375000      -6.76535442E-03   1.11058885E-02   1.92526821E-03
  0.171875000      0.234375000      -8.71773902E-03   1.09586194E-02   1.95770664E-03
  0.203125000      0.234375000      -1.06281526E-02   1.06285764E-02   2.00348673E-03
  0.234375000      0.234375000      -1.24739259E-02   1.01851597E-02   2.06326880E-03
  0.265625000      0.234375000      -1.42398439E-02   9.65060107E-03   2.13779113E-03
  0.296875000      0.234375000      -1.59129538E-02   9.02935304E-03   2.22785398E-03
  0.328125000      0.234375000      -1.74805932E-02   8.31970945E-03   2.33428087E-03
  0.359375000      0.234375000      -1.89295616E-02   7.51765631E-03   2.45787995E-03
  0.390625000      0.234375000      -2.02456247E-02   6.61809463E-03   2.59933691E-03
  0.421875000      0.234375000      -2.14130618E-02   5.61542530E-03   2.75917072E-03
  0.453125000      0.234375000      -2.24142540E-02   4.50404035E-03   2.93759699E-03
  0.484375000      0.234375000      -2.32293494E-02   3.27906804E-03   3.13439383E-03
  0.515625000      0.234375000      -2.38360539E-02   1.93727645E-03   3.34882969E-03
  0.546875000      0.234375000      -2.42095813E-02   4.78261500E-04   3.57952155E-03
  0.578125000      0.234375000      -2.43228897E-02  -1.09424535E-03   3.82441236E-03
  0.609375000      0.234375000      -2.41474733E-02  -2.76973029E-03   4.07948066E-03
  0.640625000      0.234375000      -2.36547217E-02  -4.53128479E-03   4.34047077E-03
  0.671875000      0.234375000      -2.28179134E-02  -6.35247072E-03   4.60206205E-03
  0.703125000      0.234375000      -2.16150954E-02  -8.19611270E-03   4.85789310E-03
  0.734375000      0.234375000      -2.00327858E-02  -1.00128204E-02   5.10072475E-03
  0.765625000      0.234375000      -1.80705860E-02  -1.17386160E-02   5.32282051E-03
  0.796875000      0.234375000      -1.57469362E-02  -1.32891275E-02   5.51647786E-03
  0.828125000      0.234375000      -1.31066330E-02  -1.45451985E-02   5.67482971E-03
  0.859375000      0.234375000      -1.02314781E-02  -1.53218806E-02   5.79279289E-03
  0.890625000      0.234375000      -7.25663081E-03  -1.53147522E-02   5.86803909E-03
  0.921875000      0.234375000      -4.39576618E-03  -1.40341287E-02   5.90170640E-03
  0.953125000      0.234375000      -1.97490491E-03  -1.07801855E-02   5.89836948E-03
  0.984375000      0.234375000      -4.61707794E-04  -4.74869460E-03   5.86466352E-03
   1.56250000E-02  0.265625000      -3.37355421E-04   4.14064992E-03   1.82089838E-03
   4.68750000E-02  0.265625000      -1.40825904E-03   9.17276554E-03   1.79668586E-03
   7.81250000E-02  0.265625000      -3.07344785E-03   1.17909871E-02   1.78836402E-03
  0.109375000      0.265625000      -5.01492247E-03   1.28714014E-02   1.79363554E-03
  0.140625000      0.265625000      -7.05045462E-03   1.31122861E-02   1.81159796E-03
  0.171875000      0.265625000      -9.08833928E-03   1.29375178E-02   1.84232579E-03
  0.203125000      0.265625000      -1.10850800E-02   1.25517156E-02   1.88638747E-03
  0.234375000      0.265625000      -1.30183883E-02   1.20358337E-02   1.94456941E-03
  0.265625000      0.265625000      -1.48738809E-02   1.14158951E-02   2.01777229E-03
  0.296875000      0.265625000      -1.66396257E-02   1.06972540E-02   2.10697064E-03
  0.328125000      0.265625000      -1.83040444E-02   9.87796672E-03   2.21319590E-03
  0.359375000      0.265625000      -1.98549666E-02   8.95316806E-03   2.33747950E-03
  0.390625000      0.265625000      -2.12789718E-02   7.91637227E-03   2.48078746E-03
  0.421875000      0.265625000      -2.25607716E-02   6.76005241E-03   2.64389813E-03
  0.453125000      0.265625000      -2.36825719E-02   5.47616836E-03   2.82734958E-03
  0.484375000      0.265625000      -2.46234722E-02   4.05693008E-03   3.03125242E-03
  0.515625000      0.265625000      -2.53589265E-02   2.49588210E-03   3.25523620E-03
  0.546875000      0.265625000      -2.58604251E-02   7.89324404E-04   3.49825970E-03
  0.578125000      0.265625000      -2.60958858E-02  -1.06160250E-03   3.75877623E-03
  0.609375000      0.265625000      -2.60294471E-02  -3.04914312E-03   4.03266493E-03
  0.640625000      0.265625000      -2.56228596E-02  -5.15620504E-03   4.31551179E-03
  0.671875000      0.265625000      -2.48385780E-02  -7.35395914E-03   4.60158428E-03
  0.703125000      0.265625000      -2.36428138E-02  -9.59908497E-03   4.88374569E-03
  0.734375000      0.265625000      -2.20105164E-02  -1.18311029E-02   5.15356613E-03
  0.765625000      0.265625000      -1.99319459E-02  -1.39686633E-02   5.40171051E-03
  0.796875000      0.265625000      -1.74210630E-02  -1.59021541E-02   5.61864441E-03
  0.828125000      0.265625000      -1.45260692E-02  -1.74769815E-02   5.79572842E-03
  0.859375000      0.265625000      -1.13429399E-02  -1.84587687E-02   5.92655363E-03
  0.890625000      0.265625000      -8.03351682E-03  -1.84732117E-02   6.00838382E-03
  0.921875000      0.265625000      -4.85029817E-03  -1.69311948E-02   6.04309281E-03
  0.953125000      0.265625000      -2.16735201E-03  -1.29981823E-02   6.03700988E-03
  0.984375000      0.265625000      -5.03168558E-04  -5.71694225E-03   5.99880796E-03
   1.56250000E-02  0.296875000      -3.52060248E-04   4.82798927E-03   1.69291859E-03
   4.68750000E-02  0.296875000      -1.47165032E-03   1.06713604E-02   1.66705786E-03
   7.81250000E-02  0.296875000      -3.21429921E-03   1.36954151E-02   1.65714789E-03
  0.109375000      0.296875000      -5.24634216E-03   1.49358381E-02   1.66071113E-03
  0.140625000      0.296875000      -7.37707689E-03   1.52093973E-02   1.67678134E-03
  0.171875000      0.296875000      -9.51144099E-03   1.50077622E-02   1.70547003E-03
  0.203125000      0.296875000      -1.16052423E-02   1.45669337E-02   1.74743705E-03
  0.234375000      0.296875000      -1.36366915E-02   1.39801148E-02   1.80360803E-03
  0.265625000      0.296875000      -1.55924568E-02   1.32774524E-02   1.87503500E-03
  0.296875000      0.296875000      -1.74619630E-02   1.24653652E-02   1.96286454E-03
  0.328125000      0.296875000      -1.92351453E-02   1.15417372E-02   2.06833053E-03
  0.359375000      0.296875000      -2.09013820E-02   1.05007542E-02   2.19269842E-03
  0.390625000      0.296875000      -2.24486515E-02   9.33429133E-03   2.33722292E-03
  0.421875000      0.296875000      -2.38627195E-02   8.03239737E-03   2.50301091E-03
  0.453125000      0.296875000      -2.51262374E-02   6.58382894E-03   2.69099651E-03
  0.484375000      0.296875000      -2.62177624E-02   4.97676805E-03   2.90177902E-03
  0.515625000      0.296875000      -2.71108542E-02   3.20005510E-03   3.13551142E-03
  0.546875000      0.296875000      -2.77733915E-02   1.24494603E-03   3.39174969E-03
  0.578125000      0.296875000      -2.81672981E-02  -8.92018608E-04   3.66938114E-03
  0.609375000      0.296875000      -2.82479767E-02  -3.20884632E-03   3.96517944E-03
  0.640625000      0.296875000      -2.79656630E-02  -5.69026452E-03   4.27418528E-03
  0.671875000      0.296875000      -2.72685103E-02  -8.30703881E-03   4.59035859E-03
  0.703125000      0.296875000      -2.61063371E-02  -1.10107316E-02   4.90566110E-03
  0.734375000      0.296875000      -2.44371481E-02  -1.37289576E-02   5.21011045E-03
  0.765625000      0.296875000      -2.22363546E-02  -1.63594261E-02   5.49218012E-03
  0.796875000      0.296875000      -1.95089988E-02  -1.87600255E-02   5.73972054E-03
  0.828125000      0.296875000      -1.63051188E-02  -2.07293257E-02   5.94144408E-03
  0.859375000      0.296875000      -1.27380751E-02  -2.19686236E-02   6.08892646E-03
  0.890625000      0.296875000      -9.00565740E-03  -2.20176354E-02   6.17872085E-03
  0.921875000      0.296875000      -5.41391131E-03  -2.01742370E-02   6.21374743E-03
  0.953125000      0.296875000      -2.40189000E-03  -1.54621489E-02   6.20290218E-03
  0.984375000      0.296875000      -5.52381447E-04  -6.77592121E-03   6.15802826E-03
   1.56250000E-02  0.328125000      -3.69106885E-04   5.54714305E-03   1.54439837E-03
   4.68750000E-02  0.328125000      -1.54473516E-03   1.22430194E-02   1.51662622E-03
   7.81250000E-02  0.328125000      -3.37579683E-03   1.56928245E-02   1.50486850E-03
  0.109375000      0.328125000      -5.51032927E-03   1.71004944E-02   1.50643056E-03
  0.140625000      0.328125000      -7.74793234E-03   1.74084529E-02   1.52025418E-03
  0.171875000      0.328125000      -9.98979434E-03   1.71800815E-02   1.54647208E-03
  0.203125000      0.328125000      -1.21909967E-02   1.66845489E-02   1.58583687E-03
  0.234375000      0.328125000      -1.43304020E-02   1.60281174E-02   1.63938687E-03
  0.265625000      0.328125000      -1.63960308E-02   1.52455028E-02   1.70831068E-03
  0.296875000      0.328125000      -1.83790848E-02   1.43444790E-02   1.79391401E-03
  0.328125000      0.328125000      -2.02715714E-02   1.33229140E-02   1.89761596E-03
  0.359375000      0.328125000      -2.20650956E-02   1.21740643E-02   2.02093017E-03
  0.390625000      0.328125000      -2.37498526E-02   1.08879665E-02   2.16541160E-03
  0.421875000      0.328125000      -2.53135785E-02   9.45181772E-03   2.33259029E-03
  0.453125000      0.328125000      -2.67403182E-02   7.85037316E-03   2.52390583E-03
  0.484375000      0.328125000      -2.80090794E-02   6.06662268E-03   2.74060457E-03
  0.515625000      0.328125000      -2.90924292E-02   4.08304296E-03   2.98359781E-03
  0.546875000      0.328125000      -2.99550816E-02   1.88360503E-03   3.25329811E-03
  0.578125000      0.328125000      -3.05521507E-02  -5.43564151E-04   3.54936509E-03
  0.609375000      0.328125000      -3.08292396E-02  -3.20407376E-03   3.87006463E-03
  0.640625000      0.328125000      -3.07233259E-02  -6.08881656E-03   4.20990773E-03
  0.671875000      0.328125000      -3.01641747E-02  -9.17166844E-03   4.56262892E-03
  0.703125000      0.328125000      -2.90792659E-02  -1.24014951E-02   4.91917226E-03
  0.734375000      0.328125000      -2.74020936E-02  -1.56942476E-02   5.26759773E-03
  0.765625000      0.328125000      -2.50847265E-02  -1.89231485E-02   5.59342187E-03
  0.796875000      0.328125000      -2.21155286E-02  -2.19045226E-02   5.88079169E-03
  0.828125000      0.328125000      -1.85419880E-02  -2.43743267E-02   6.11453457E-03
  0.859375000      0.328125000      -1.44972727E-02  -2.59475037E-02   6.28317054E-03
  0.890625000      0.328125000      -1.02272043E-02  -2.60531493E-02   6.38210867E-03
  0.921875000      0.328125000      -6.11318927E-03  -2.38560177E-02   6.41575642E-03
  0.953125000      0.328125000      -2.68532801E-03  -1.82312392E-02   6.39685243E-03
  0.984375000      0.328125000      -6.09347480E-04  -7.94087164E-03   6.34207996E-03
   1.56250000E-02  0.359375000      -3.88642657E-04   6.30293787E-03   1.37489941E-03
   4.68750000E-02  0.359375000      -1.62814453E-03   1.38980914E-02   1.34493760E-03
   7.81250000E-02  0.359375000      -3.55921313E-03   1.77953988E-02   1.33105891E-03
  0.109375000      0.359375000      -5.80860954E-03   1.93774588E-02   1.33028615E-03
  0.140625000      0.359375000      -8.16481747E-03   1.97207350E-02   1.34144316E-03
  0.171875000      0.359375000      -1.05247926E-02   1.94648057E-02   1.36466231E-03
  0.203125000      0.359375000      -1.28428480E-02   1.89140327E-02   1.40075758E-03
  0.234375000      0.359375000      -1.50986854E-02   1.81887113E-02   1.45085715E-03
  0.265625000      0.359375000      -1.72820240E-02   1.73287094E-02   1.51625462E-03
  0.296875000      0.359375000      -1.93863548E-02   1.63435917E-02   1.59837946E-03
  0.328125000      0.359375000      -2.14064494E-02   1.52315153E-02   1.69882807E-03
  0.359375000      0.359375000      -2.33370066E-02   1.39849717E-02   1.81936123E-03
  0.390625000      0.359375000      -2.51714960E-02   1.25921182E-02   1.96188735E-03
  0.421875000      0.359375000      -2.69008465E-02   1.10369790E-02   2.12842831E-03
  0.453125000      0.359375000      -2.85118930E-02   9.29962005E-03   2.32108776E-03
  0.484375000      0.359375000      -2.99855247E-02   7.35664833E-03   2.54193856E-03
  0.515625000      0.359375000      -3.12946215E-02   5.18233422E-03   2.79288739E-03
  0.546875000      0.359375000      -3.24016511E-02   2.75050197E-03   3.07548186E-03
  0.578125000      0.359375000      -3.32563967E-02   3.70262424E-05   3.39052500E-03
  0.609375000      0.359375000      -3.37939858E-02  -2.97543150E-03   3.73876560E-03
  0.640625000      0.359375000      -3.39351967E-02  -6.28895685E-03   4.11406578E-03
  0.671875000      0.359375000      -3.35874334E-02  -9.88673232E-03   4.51019034E-03
  0.703125000      0.359375000      -3.26486602E-02  -1.37197357E-02   4.91705257E-03
  0.734375000      0.359375000      -3.10177114E-02  -1.76947117E-02   5.32034039E-03
  0.765625000      0.359375000      -2.86107883E-02  -2.16579884E-02   5.70175704E-03
  0.796875000      0.359375000      -2.53865030E-02  -2.53740139E-02   6.04033284E-03
  0.828125000      0.359375000      -2.13799719E-02  -2.84950808E-02   6.31529186E-03
  0.859375000      0.359375000      -1.67431850E-02  -3.05174384E-02   6.51051151E-03
  0.890625000      0.359375000      -1.17840655E-02  -3.07205655E-02   6.61951397E-03
  0.921875000      0.359375000      -6.99135428E-03  -2.81027313E-02   6.64888415E-03
  0.953125000      0.359375000      -3.02857300E-03  -2.13823020E-02   6.61708694E-03
  0.984375000      0.359375000      -6.73859031E-04  -9.22663137E-03   6.54806104E-03
   1.56250000E-02  0.390625000      -4.10935521E-04   7.10060541E-03   1.18394184E-03
   4.68750000E-02  0.390625000      -1.72289030E-03   1.56477373E-02   1.15149794E-03
   7.81250000E-02  0.390625000      -3.76643729E-03   2.00160295E-02   1.13520608E-03
  0.109375000      0.390625000      -6.14363700E-03   2.17791498E-02   1.13174692E-03
  0.140625000      0.390625000      -8.63022171E-03   2.21573450E-02   1.13976444E-03
  0.171875000      0.390625000      -1.11183608E-02   2.18715221E-02   1.15935039E-03
  0.203125000      0.390625000      -1.35615431E-02   2.12635733E-02   1.19135762E-03
  0.234375000      0.390625000      -1.59405097E-02   2.04689726E-02   1.23695796E-03
  0.265625000      0.390625000      -1.82470828E-02   1.95335019E-02   1.29749393E-03
  0.296875000      0.390625000      -2.04776619E-02   1.84691250E-02   1.37449475E-03
  0.328125000      0.390625000      -2.26305835E-02   1.72747858E-02   1.46971364E-03
  0.359375000      0.390625000      -2.47046798E-02   1.59425810E-02   1.58516574E-03
  0.390625000      0.390625000      -2.66979765E-02   1.44589702E-02   1.72315293E-03
  0.421875000      0.390625000      -2.86061820E-02   1.28047261E-02   1.88628561E-03
  0.453125000      0.390625000      -3.04207578E-02   1.09547433E-02   2.07745191E-03
  0.484375000      0.390625000      -3.21265534E-02   8.87816213E-03   2.29974370E-03
  0.515625000      0.390625000      -3.36989239E-02   6.53907983E-03   2.55631655E-03
  0.546875000      0.390625000      -3.51002589E-02   3.89810232E-03   2.85016187E-03
  0.578125000      0.390625000      -3.62764671E-02   9.15094861E-04   3.18363728E-03
  0.609375000      0.390625000      -3.71544287E-02  -2.44457158E-03   3.56028485E-03
  0.640625000      0.390625000      -3.76372561E-02  -6.20363280E-03   3.97465099E-03
  0.671875000      0.390625000      -3.76043171E-02  -1.03617013E-02   4.42049699E-03
  0.703125000      0.390625000      -3.69166359E-02  -1.48807317E-02   4.88687912E-03
  0.734375000      0.390625000      -3.54257822E-02  -1.96648389E-02   5.35695162E-03
  0.765625000      0.390625000      -3.29945683E-02  -2.45343298E-02   5.80772664E-03
  0.796875000      0.390625000      -2.95311417E-02  -2.91920230E-02   6.21148851E-03
  0.828125000      0.390625000      -2.50385832E-02  -3.31807137E-02   6.53947424E-03
  0.859375000      0.390625000      -1.96772665E-02  -3.58324125E-02   6.76842593E-03
  0.890625000      0.390625000      -1.38280857E-02  -3.62147987E-02   6.88857445E-03
  0.921875000      0.390625000      -8.13084841E-03  -3.30985337E-02   6.90942118E-03
  0.953125000      0.390625000      -3.45463934E-03  -2.50259750E-02   6.85801543E-03
  0.984375000      0.390625000      -7.46178383E-04  -1.06479675E-02   6.76904619E-03
   1.56250000E-02  0.421875000      -4.36440518E-04   7.94609822E-03   9.70985042E-04
   4.68750000E-02  0.421875000      -1.83063513E-03   1.75043568E-02   9.35747579E-04
   7.81250000E-02  0.421875000      -4.00049239E-03   2.23686304E-02   9.16739402E-04
  0.109375000      0.421875000      -6.51932834E-03   2.43184417E-02   9.10217292E-04
  0.140625000      0.421875000      -9.14824661E-03   2.47291587E-02   9.14584147E-04
  0.171875000      0.421875000      -1.17739886E-02   2.44088918E-02   9.29841655E-04
  0.203125000      0.421875000      -1.43491542E-02   2.37397198E-02   9.56809381E-04
  0.234375000      0.421875000      -1.68557614E-02   2.28736661E-02   9.96657880E-04
  0.265625000      0.421875000      -1.92882009E-02   2.18633935E-02   1.05074118E-03
  0.296875000      0.421875000      -2.16464344E-02   2.07240582E-02   1.12062483E-03
  0.328125000      0.421875000      -2.39332840E-02   1.94561370E-02   1.20819896E-03
  0.359375000      0.421875000      -2.61529014E-02   1.80519503E-02   1.31573656E-03
  0.390625000      0.421875000      -2.83093862E-02   1.64967831E-02   1.44597201E-03
  0.421875000      0.421875000      -3.04051023E-02   1.47684291E-02   1.60215504E-03
  0.453125000      0.421875000      -3.24385017E-02   1.28365261E-02   1.78805902E-03
  0.484375000      0.421875000      -3.44012603E-02   1.06620248E-02   2.00792518E-03
  0.515625000      0.421875000      -3.62745374E-02   8.19716975E-03   2.26635020E-03
  0.546875000      0.421875000      -3.80244181E-02   5.38643543E-03   2.56804889E-03
  0.578125000      0.421875000      -3.95968258E-02   2.16939067E-03   2.91743339E-03
  0.609375000      0.421875000      -4.09121290E-02  -1.51284295E-03   3.31948977E-03
  0.640625000      0.421875000      -4.18564826E-02  -5.71608730E-03   3.77439475E-03
  0.671875000      0.421875000      -4.22797576E-02  -1.04666259E-02   4.27419599E-03
  0.703125000      0.421875000      -4.19984087E-02  -1.57516338E-02   4.80798678E-03
  0.734375000      0.421875000      -4.08024341E-02  -2.14855969E-02   5.35676116E-03
  0.765625000      0.421875000      -3.84789817E-02  -2.74702534E-02   5.89241181E-03
  0.796875000      0.421875000      -3.48553658E-02  -3.33418585E-02   6.37876708E-03
  0.828125000      0.421875000      -2.98670009E-02  -3.85073312E-02   6.77593937E-03
  0.859375000      0.421875000      -2.36506760E-02  -4.20765057E-02   7.04952655E-03
  0.890625000      0.421875000      -1.66522544E-02  -4.28100303E-02   7.18338788E-03
  0.921875000      0.421875000      -9.71077941E-03  -3.91335376E-02   7.19022285E-03
  0.953125000      0.421875000      -4.02347790E-03  -2.93472614E-02   7.10979477E-03
  0.984375000      0.421875000      -8.30700912E-04  -1.22243781E-02   6.99280296E-03
   1.56250000E-02  0.453125000      -4.65872959E-04   8.84653907E-03   7.35389884E-04
   4.68750000E-02  0.453125000      -1.95397483E-03   1.94822736E-02   6.96998206E-04
   7.81250000E-02  0.453125000      -4.26608836E-03   2.48686858E-02   6.74981042E-04
  0.109375000      0.453125000      -6.94182422E-03   2.70089954E-02   6.65047613E-04
  0.140625000      0.453125000      -9.72547568E-03   2.74469350E-02   6.65259431E-04
  0.171875000      0.453125000      -1.24976570E-02   2.70845145E-02   6.75450603E-04
  0.203125000      0.453125000      -1.52100269E-02   2.63470449E-02   6.96359726E-04
  0.234375000      0.453125000      -1.78461596E-02   2.54047196E-02   7.29081745E-04
  0.265625000      0.453125000      -2.04035155E-02   2.43182294E-02   7.74914923E-04
  0.296875000      0.453125000      -2.28863619E-02   2.31069699E-02   8.35434650E-04
  0.328125000      0.453125000      -2.53029764E-02   2.17739139E-02   9.12610732E-04
  0.359375000      0.453125000      -2.76640914E-02   2.03125775E-02   1.00896321E-03
  0.390625000      0.453125000      -2.99815200E-02   1.87079739E-02   1.12765038E-03
  0.421875000      0.453125000      -3.22664604E-02   1.69357359E-02   1.27256149E-03
  0.453125000      0.453125000      -3.45271900E-02   1.49607956E-02   1.44836493E-03
  0.484375000      0.453125000      -3.67658958E-02   1.27359601E-02   1.66047050E-03
  0.515625000      0.453125000      -3.89743820E-02   1.02007948E-02   1.91495195E-03
  0.546875000      0.453125000      -4.11282927E-02   7.28138303E-03   2.21833866E-03
  0.578125000      0.453125000      -4.31793332E-02   3.89194908E-03   2.57718889E-03
  0.609375000      0.453125000      -4.50447090E-02  -6.13378652E-05   2.99748592E-03
  0.640625000      0.453125000      -4.65989411E-02  -4.67498973E-03   3.48935137E-03
  0.671875000      0.453125000      -4.76665050E-02  -1.00206565E-02   4.04261239E-03
  0.703125000      0.453125000      -4.80147228E-02  -1.61316171E-02   4.64794971E-03
  0.734375000      0.453125000      -4.73592542E-02  -2.29540356E-02   5.28550381E-03
  0.765625000      0.453125000      -4.53875735E-02  -3.02895103E-02   5.92265511E-03
  0.796875000      0.453125000      -4.18064669E-02  -3.77156660E-02   6.51360396E-03
  0.828125000      0.453125000      -3.64250466E-02  -4.44884971E-02   7.00359326E-03
  0.859375000      0.453125000      -2.92836837E-02  -4.94368188E-02   7.34069897E-03
  0.890625000      0.453125000      -2.08334234E-02  -5.08826263E-02   7.49576092E-03
  0.921875000      0.453125000      -1.21334177E-02  -4.66881171E-02   7.48264417E-03
  0.953125000      0.453125000      -4.89797117E-03  -3.47029716E-02   7.35926395E-03
  0.984375000      0.453125000      -9.49306763E-04  -1.40020251E-02   7.20048975E-03
   1.56250000E-02  0.484375000      -5.00338851E-04   9.81087238E-03   4.76359390E-04
   4.68750000E-02  0.484375000      -2.09684670E-03   2.15986930E-02   4.34399175E-04
   7.81250000E-02  0.484375000      -4.57030395E-03   2.75340416E-02   4.09080705E-04
  0.109375000      0.484375000      -7.42038945E-03   2.98657380E-02   3.95433482E-04
  0.140625000      0.484375000      -1.03720017E-02   3.03214639E-02   3.91052919E-04
  0.171875000      0.484375000      -1.32989045E-02   2.99048107E-02   3.95514886E-04
  0.203125000      0.484375000      -1.61518250E-02   2.90877819E-02   4.09371773E-04
  0.234375000      0.484375000      -1.89162418E-02   2.80606076E-02   4.33577690E-04
  0.265625000      0.484375000      -2.15932801E-02   2.68933699E-02   4.69313411E-04
  0.296875000      0.484375000      -2.41922885E-02   2.56109498E-02   5.18089451E-04
  0.328125000      0.484375000      -2.67279707E-02   2.42200419E-02   5.81921544E-04
  0.359375000      0.484375000      -2.92188916E-02   2.27166303E-02   6.63503946E-04
  0.390625000      0.484375000      -3.16862389E-02   2.10868586E-02   7.66344194E-04
  0.421875000      0.484375000      -3.41522917E-02   1.93056911E-02   8.94876663E-04
  0.453125000      0.484375000      -3.66382971E-02   1.73348282E-02   1.05452910E-03
  0.484375000      0.484375000      -3.91613021E-02   1.51201347E-02   1.25172222E-03
  0.515625000      0.484375000      -4.17293496E-02   1.25889210E-02   1.49384490E-03
  0.546875000      0.484375000      -4.43344191E-02   9.64756869E-03   1.78912748E-03
  0.578125000      0.484375000      -4.69423234E-02   6.18021376E-03   2.14628107E-03
  0.609375000      0.484375000      -4.94803786E-02   2.05036718E-03   2.57386779E-03
  0.640625000      0.484375000      -5.18270843E-02  -2.88694538E-03   3.08747147E-03
  0.671875000      0.484375000      -5.37858084E-02  -8.77966825E-03   3.68546927E-03
  0.703125000      0.484375000      -5.50746694E-02  -1.57277659E-02   4.35902085E-03
  0.734375000      0.484375000      -5.53333946E-02  -2.37415805E-02   5.09018591E-03
  0.765625000      0.484375000      -5.41310385E-02  -3.26579288E-02   5.84433693E-03
  0.796875000      0.484375000      -5.10077812E-02  -4.20298651E-02   6.56684628E-03
  0.828125000      0.484375000      -4.55587357E-02  -5.09817041E-02   7.18492176E-03
  0.859375000      0.484375000      -3.75928357E-02  -5.80293760E-02   7.62007665E-03
  0.890625000      0.484375000      -2.74124816E-02  -6.09031767E-02   7.81664718E-03
  0.921875000      0.484375000      -1.62248518E-02  -5.65421358E-02   7.78032653E-03
  0.953125000      0.484375000      -6.47950266E-03  -4.18187529E-02   7.59270182E-03
  0.984375000      0.484375000      -1.17881515E-03  -1.61266811E-02   7.36524165E-03
   1.56250000E-02  0.515625000      -5.41489513E-04   1.08508030E-02   1.92855980E-04
   4.68750000E-02  0.515625000      -2.26509874E-03   2.38751061E-02   1.46818289E-04
   7.81250000E-02  0.515625000      -4.92356624E-03   3.03859971E-02   1.17948897E-04
  0.109375000      0.515625000      -7.96861015E-03   3.29054743E-02   1.00405188E-04
  0.140625000      0.515625000      -1.11027248E-02   3.33637595E-02   9.11612224E-05
  0.171875000      0.515625000      -1.41921155E-02   3.28748748E-02   8.94088735E-05
  0.203125000      0.515625000      -1.71867497E-02   3.19614150E-02   9.54100251E-05
  0.234375000      0.515625000      -2.00745501E-02   3.08357272E-02   1.09870467E-04
  0.265625000      0.515625000      -2.28609964E-02   2.95788646E-02   1.33786321E-04
  0.296875000      0.515625000      -2.55613253E-02   2.82225423E-02   1.68517785E-04
  0.328125000      0.515625000      -2.81975977E-02   2.67785899E-02   2.16029788E-04
  0.359375000      0.515625000      -3.07973158E-02   2.52470672E-02   2.79090571E-04
  0.390625000      0.515625000      -3.33924703E-02   2.36171093E-02   3.61404265E-04
  0.421875000      0.515625000      -3.60185094E-02   2.18652915E-02   4.67707752E-04
  0.453125000      0.515625000      -3.87127846E-02   1.99527200E-02   6.03853841E-04
  0.484375000      0.515625000      -4.15119044E-02   1.78211182E-02   7.76910805E-04
  0.515625000      0.515625000      -4.44472134E-02   1.53879840E-02   9.95181268E-04
  0.546875000      0.515625000      -4.75374535E-02   1.25411469E-02   1.26822467E-03
  0.578125000      0.515625000      -5.07777184E-02   9.13377386E-03   1.60675088E-03
  0.609375000      0.515625000      -5.41230813E-02   4.98234294E-03   2.02239701E-03
  0.640625000      0.515625000      -5.74631169E-02  -1.26924424E-04   2.52734590E-03
  0.671875000      0.515625000      -6.06034175E-02  -6.43021846E-03   3.14958394E-03
  0.703125000      0.515625000      -6.32422864E-02  -1.41319688E-02   3.87491286E-03
  0.734375000      0.515625000      -6.49493635E-02  -2.33485252E-02   4.69247904E-03
  0.765625000      0.515625000      -6.51644245E-02  -3.40112038E-02   5.57143241E-03
  0.796875000      0.515625000      -6.32083267E-02  -4.57275435E-02   6.45353692E-03
  0.828125000      0.515625000      -5.83405420E-02  -5.75745925E-02   7.24883424E-03
  0.859375000      0.515625000      -4.99372706E-02  -6.77848309E-02   7.84280244E-03
  0.890625000      0.515625000      -3.78974155E-02  -7.33549148E-02   8.13010987E-03
  0.921875000      0.515625000      -2.33554076E-02  -6.98151141E-02   8.08130298E-03
  0.953125000      0.515625000      -9.58462991E-03  -5.20601906E-02   7.79946754E-03
  0.984375000      0.515625000      -1.73196441E-03  -1.90352257E-02   7.45239574E-03
   1.56250000E-02  0.546875000      -5.91795193E-04   1.19821541E-02  -1.16529744E-04
   4.68750000E-02  0.546875000      -2.46733660E-03   2.63391826E-02  -1.67279344E-04
   7.81250000E-02  0.546875000      -5.34102321E-03   3.34507525E-02  -1.99871574E-04
  0.109375000      0.546875000      -8.60607345E-03   3.61476764E-02  -2.21275812E-04
  0.140625000      0.546875000      -1.19390618E-02   3.65852937E-02  -2.35339045E-04
  0.171875000      0.546875000      -1.51981506E-02   3.59982513E-02  -2.43441769E-04
  0.203125000      0.546875000      -1.83330812E-02   3.49641368E-02  -2.45731702E-04
  0.234375000      0.546875000      -2.13350356E-02   3.37197110E-02  -2.41845279E-04
  0.265625000      0.546875000      -2.42147706E-02   3.23585831E-02  -2.31109923E-04
  0.296875000      0.546875000      -2.69942880E-02   3.09207104E-02  -2.12408238E-04
  0.328125000      0.546875000      -2.97037698E-02   2.94245034E-02  -1.83947661E-04
  0.359375000      0.546875000      -3.23804244E-02   2.78758407E-02  -1.43084966E-04
  0.390625000      0.546875000      -3.50680314E-02   2.62691639E-02  -8.62039014E-05
  0.421875000      0.546875000      -3.78167182E-02   2.45857053E-02  -8.63253990E-06
  0.453125000      0.546875000      -4.06825319E-02   2.27899626E-02   9.54176721E-05
  0.484375000      0.546875000      -4.37261686E-02   2.08244324E-02   2.33014711E-04
  0.515625000      0.546875000      -4.70097288E-02   1.86023135E-02   4.12654510E-04
  0.546875000      0.546875000      -5.05901724E-02   1.59982815E-02   6.44445361E-04
  0.578125000      0.546875000      -5.45074120E-02   1.28381215E-02   9.40247322E-04
  0.609375000      0.546875000      -5.87651543E-02   8.88964534E-03   1.31379976E-03
  0.640625000      0.546875000      -6.33046851E-02   3.85920471E-03   1.78057654E-03
  0.671875000      0.546875000      -6.79722130E-02  -2.59029842E-03   2.37044296E-03
  0.703125000      0.546875000      -7.24695623E-02  -1.08112460E-02   3.10862483E-03
  0.734375000      0.546875000      -7.63179362E-02  -2.10832618E-02   3.98072926E-03
  0.765625000      0.546875000      -7.88204670E-02  -3.35269421E-02   4.96916752E-03
  0.796875000      0.546875000      -7.90086910E-02  -4.79500294E-02   6.02474017E-03
  0.828125000      0.546875000      -7.56528825E-02  -6.35515749E-02   7.05175521E-03
  0.859375000      0.546875000      -6.74710721E-02  -7.83758909E-02   7.89767504E-03
  0.890625000      0.546875000      -5.36922403E-02  -8.85730311E-02   8.37805960E-03
  0.921875000      0.546875000      -3.50722782E-02  -8.77584070E-02   8.37240182E-03
  0.953125000      0.546875000      -1.54582262E-02  -6.75085038E-02   7.97017105E-03
  0.984375000      0.546875000      -3.06755886E-03  -2.38373037E-02   7.42827728E-03
   1.56250000E-02  0.578125000      -6.54944219E-04   1.32269021E-02  -4.53758810E-04
   4.68750000E-02  0.578125000      -2.71619577E-03   2.90275048E-02  -5.10015117E-04
   7.81250000E-02  0.578125000      -5.84452180E-03   3.67613062E-02  -5.46365336E-04
  0.109375000      0.578125000      -9.36059654E-03   3.96153890E-02  -5.71217504E-04
  0.140625000      0.578125000      -1.29111391E-02   3.99980471E-02  -5.89560717E-04
  0.171875000      0.578125000      -1.63463112E-02   3.92765179E-02  -6.03549066E-04
  0.203125000      0.578125000      -1.96168199E-02   3.80881801E-02  -6.13925280E-04
  0.234375000      0.578125000      -2.27185357E-02   3.66965942E-02  -6.20805309E-04
  0.265625000      0.578125000      -2.56687514E-02   3.52093950E-02  -6.23963191E-04
  0.296875000      0.578125000      -2.84972005E-02   3.36759612E-02  -6.22667139E-04
  0.328125000      0.578125000      -3.12427878E-02   3.21225375E-02  -6.15481520E-04
  0.359375000      0.578125000      -3.39526869E-02   3.05624753E-02  -6.00142812E-04
  0.390625000      0.578125000      -3.66825908E-02   2.89979801E-02  -5.73500351E-04
  0.421875000      0.578125000      -3.94977070E-02   2.74186395E-02  -5.31469588E-04
  0.453125000      0.578125000      -4.24741060E-02   2.57976782E-02  -4.69001476E-04
  0.484375000      0.578125000      -4.56997566E-02   2.40856633E-02  -3.79860256E-04
  0.515625000      0.578125000      -4.92742173E-02   2.22009458E-02  -2.56385771E-04
  0.546875000      0.578125000      -5.33051044E-02   2.00161282E-02  -8.91257805E-05
  0.578125000      0.578125000      -5.78986630E-02   1.73406284E-02   1.33575726E-04
  0.609375000      0.578125000      -6.31405264E-02   1.39016742E-02   4.25987469E-04
  0.640625000      0.578125000      -6.90621659E-02   9.32995044E-03   8.05436401E-04
  0.671875000      0.578125000      -7.55893439E-02   3.16031766E-03   1.29269529E-03
  0.703125000      0.578125000      -8.24824646E-02  -5.14396373E-03   1.95226260E-03
  0.734375000      0.578125000      -8.92288983E-02  -1.61253959E-02   2.80312356E-03
  0.765625000      0.578125000      -9.49418768E-02  -3.02378945E-02   3.83448601E-03
  0.796875000      0.578125000      -9.82652828E-02  -4.77019474E-02   5.02852770E-03
  0.828125000      0.578125000      -9.73329470E-02  -6.80684745E-02   6.31497521E-03
  0.859375000      0.578125000      -9.00618434E-02  -8.92949551E-02   7.52301980E-03
  0.890625000      0.578125000      -7.48964101E-02 -0.106579483       8.36970843E-03
  0.921875000      0.578125000      -5.20056598E-02 -0.111245289       8.56433995E-03
  0.953125000      0.578125000      -2.52585132E-02  -9.03778225E-02   8.07775557E-03
  0.984375000      0.578125000      -5.85726043E-03  -3.27697210E-02   7.28495326E-03
   1.56250000E-02  0.609375000      -7.36496120E-04   1.46162584E-02  -8.21623020E-04
   4.68750000E-02  0.609375000      -3.03032598E-03   3.19894142E-02  -8.84402194E-04
   7.81250000E-02  0.609375000      -6.46555144E-03   4.03598696E-02  -9.24288004E-04
  0.109375000      0.609375000      -1.02714207E-02   4.33360673E-02  -9.51598806E-04
  0.140625000      0.609375000      -1.40606835E-02   4.36143279E-02  -9.72896698E-04
  0.171875000      0.609375000      -1.76767055E-02   4.27084304E-02  -9.91433742E-04
  0.203125000      0.609375000      -2.10735872E-02   4.13207561E-02  -1.00873783E-03
  0.234375000      0.609375000      -2.42542680E-02   3.97438295E-02  -1.02559850E-03
  0.265625000      0.609375000      -2.72445064E-02   3.81003693E-02  -1.04238745E-03
  0.296875000      0.609375000      -3.00829187E-02   3.64497826E-02  -1.05892331E-03
  0.328125000      0.609375000      -3.28174829E-02   3.48267928E-02  -1.07437500E-03
  0.359375000      0.609375000      -3.55049074E-02   3.32533643E-02  -1.08716136E-03
  0.390625000      0.609375000      -3.82117182E-02   3.17417048E-02  -1.09502231E-03
  0.421875000      0.609375000      -4.10168692E-02   3.02936323E-02  -1.09508017E-03
  0.453125000      0.609375000      -4.40154150E-02   2.88973991E-02  -1.08380686E-03
  0.484375000      0.609375000      -4.73230630E-02   2.75212768E-02  -1.05679408E-03
  0.515625000      0.609375000      -5.10805771E-02   2.61026360E-02  -1.00850686E-03
  0.546875000      0.609375000      -5.54563664E-02   2.45306715E-02  -9.31814255E-04
  0.578125000      0.609375000      -6.06435351E-02   2.26213597E-02  -8.17510299E-04
  0.609375000      0.609375000      -6.68449551E-02   2.00842358E-02  -6.53894909E-04
  0.640625000      0.609375000      -7.42349178E-02   1.64844058E-02  -4.25992766E-04
  0.671875000      0.609375000      -8.28800276E-02   1.12089366E-02  -1.13841401E-04
  0.703125000      0.609375000      -9.26026329E-02   3.45436321E-03   3.10664822E-04
  0.734375000      0.609375000     -0.102814883      -7.74114067E-03   9.71482834E-04
  0.765625000      0.609375000     -0.112343311      -2.33610421E-02   1.89310126E-03
  0.796875000      0.609375000     -0.119338624      -4.42431942E-02   3.08950944E-03
  0.828125000      0.609375000     -0.121281691      -7.05018416E-02   4.57827514E-03
  0.859375000      0.609375000     -0.115361243     -0.100028940       6.22799806E-03
  0.890625000      0.609375000      -9.93571132E-02 -0.126972139       7.67311361E-03
  0.921875000      0.609375000      -7.27985129E-02 -0.140244707       8.38206243E-03
  0.953125000      0.609375000      -3.89789529E-02 -0.121897265       8.03315081E-03
  0.984375000      0.609375000      -1.04930829E-02  -4.91226204E-02   7.04459939E-03
   1.56250000E-02  0.640625000      -8.44993629E-04   1.61955450E-02  -1.22421992E-03
   4.68750000E-02  0.640625000      -3.43758892E-03   3.52925435E-02  -1.29480497E-03
   7.81250000E-02  0.640625000      -7.24967849E-03   4.43008915E-02  -1.33755174E-03
  0.109375000      0.640625000      -1.13936272E-02   4.73421738E-02  -1.36542879E-03
  0.140625000      0.640625000      -1.54446904E-02   4.74457666E-02  -1.38721173E-03
  0.171875000      0.640625000      -1.92428790E-02   4.62882817E-02  -1.40767056E-03
  0.203125000      0.640625000      -2.27502771E-02   4.46423478E-02  -1.42942322E-03
  0.234375000      0.640625000      -2.59809196E-02   4.28309664E-02  -1.45414122E-03
  0.265625000      0.640625000      -2.89718620E-02   4.09920216E-02  -1.48296682E-03
  0.296875000      0.640625000      -3.17721292E-02   3.91944647E-02  -1.51648757E-03
  0.328125000      0.640625000      -3.44388708E-02   3.74809876E-02  -1.55469403E-03
  0.359375000      0.640625000      -3.70370373E-02   3.58823165E-02  -1.59700098E-03
  0.390625000      0.640625000      -3.96414250E-02   3.44219618E-02  -1.64249027E-03
  0.421875000      0.640625000      -4.23410013E-02   3.31172943E-02  -1.69006793E-03
  0.453125000      0.640625000      -4.52453718E-02   3.19779888E-02  -1.73849461E-03
  0.484375000      0.640625000      -4.84936200E-02   3.10010277E-02  -1.78629952E-03
  0.515625000      0.640625000      -5.22652343E-02   3.01604085E-02  -1.83149567E-03
  0.546875000      0.640625000      -5.67918979E-02   2.93882769E-02  -1.87140820E-03
  0.578125000      0.640625000      -6.23660684E-02   2.85428148E-02  -1.90257363E-03
  0.609375000      0.640625000      -6.93348944E-02   2.73555294E-02  -1.92089588E-03
  0.640625000      0.640625000      -7.80550689E-02   2.53499411E-02  -1.92146515E-03
  0.671875000      0.640625000      -8.87689069E-02   2.17317007E-02  -1.89577602E-03
  0.703125000      0.640625000     -0.101370677       1.52861532E-02  -1.82328618E-03
  0.734375000      0.640625000     -0.115097493       4.38793981E-03  -1.65495940E-03
  0.765625000      0.640625000     -0.128317118      -1.27363671E-02  -1.14362244E-03
  0.796875000      0.640625000     -0.138693005      -3.74969095E-02  -2.27945682E-04
  0.828125000      0.640625000     -0.143310755      -7.06789494E-02   1.26399053E-03
  0.859375000      0.640625000     -0.138966188     -0.110086739       3.34352697E-03
  0.890625000      0.640625000     -0.122995242     -0.148827791       5.62935835E-03
  0.921875000      0.640625000      -9.42104757E-02 -0.173643053       7.32149091E-03
  0.953125000      0.640625000      -5.47304600E-02 -0.161702946       7.60995504E-03
  0.984375000      0.640625000      -1.64361317E-02  -7.60358050E-02   6.65632170E-03
   1.56250000E-02  0.671875000      -9.93896392E-04   1.80320963E-02  -1.66775705E-03
   4.68750000E-02  0.671875000      -3.98035021E-03   3.90307903E-02  -1.74776348E-03
   7.81250000E-02  0.671875000      -8.26334674E-03   4.86543849E-02  -1.79189537E-03
  0.109375000      0.671875000      -1.28043164E-02   5.16707823E-02  -1.81700999E-03
  0.140625000      0.671875000      -1.71398669E-02   5.15009016E-02  -1.83508091E-03
  0.171875000      0.671875000      -2.11143512E-02   5.00028282E-02  -1.85304950E-03
  0.203125000      0.671875000      -2.47060098E-02   4.80239466E-02  -1.87499449E-03
  0.234375000      0.671875000      -2.79464200E-02   4.59176973E-02  -1.90372881E-03
  0.265625000      0.671875000      -3.08882073E-02   4.38354276E-02  -1.94136030E-03
  0.296875000      0.671875000      -3.35927904E-02   4.18532975E-02  -1.98940164E-03
  0.328125000      0.671875000      -3.61263268E-02   4.00197431E-02  -2.04883632E-03
  0.359375000      0.671875000      -3.85597721E-02   3.83726545E-02  -2.12034886E-03
  0.390625000      0.671875000      -4.09719422E-02   3.69464830E-02  -2.20469199E-03
  0.421875000      0.671875000      -4.34553735E-02   3.57758105E-02  -2.30301055E-03
  0.453125000      0.671875000      -4.61254120E-02   3.48966420E-02  -2.41701119E-03
  0.484375000      0.671875000      -4.91333008E-02   3.43448147E-02  -2.54906574E-03
  0.515625000      0.671875000      -5.26840016E-02   3.41492444E-02  -2.70226086E-03
  0.546875000      0.671875000      -5.70584349E-02   3.43149900E-02  -2.88079842E-03
  0.578125000      0.671875000      -6.26353770E-02   3.47856432E-02  -3.09110642E-03
  0.609375000      0.671875000      -6.98956251E-02   3.53639722E-02  -3.34383501E-03
  0.640625000      0.671875000      -7.93680400E-02   3.55594233E-02  -3.65578523E-03
  0.671875000      0.671875000      -9.14551318E-02   3.43497731E-02  -4.04674187E-03
  0.703125000      0.671875000     -0.106105000       2.99436022E-02  -4.52176295E-03
  0.734375000      0.671875000     -0.122419871       1.97900571E-02  -5.03102317E-03
  0.765625000      0.671875000     -0.138437122       1.10186404E-03  -5.42366877E-03
  0.796875000      0.671875000     -0.151309162      -2.80994009E-02  -5.21566113E-03
  0.828125000      0.671875000     -0.158062428      -6.87129200E-02  -4.07636259E-03
  0.859375000      0.671875000     -0.155663565     -0.118780136      -1.70970662E-03
  0.890625000      0.671875000     -0.141108170     -0.170615718       1.59361190E-03
  0.921875000      0.671875000     -0.112267226     -0.209406048       4.79127467E-03
  0.953125000      0.671875000      -6.94646612E-02 -0.208121955       6.41314592E-03
  0.984375000      0.671875000      -2.24241186E-02 -0.114866227       5.87502029E-03
   1.56250000E-02  0.703125000      -1.20507227E-03   2.02286020E-02  -2.16191821E-03
   4.68750000E-02  0.703125000      -4.72435635E-03   4.33355495E-02  -2.25334801E-03
   7.81250000E-02  0.703125000      -9.60420258E-03   5.35089448E-02  -2.29592994E-03
  0.109375000      0.703125000      -1.46107683E-02   5.63607588E-02  -2.31256825E-03
  0.140625000      0.703125000      -1.92471482E-02   5.57797551E-02  -2.32012267E-03
  0.171875000      0.703125000      -2.33774986E-02   5.38255498E-02  -2.32866453E-03
  0.203125000      0.703125000      -2.70101205E-02   5.14223240E-02  -2.34426185E-03
  0.234375000      0.703125000      -3.02040912E-02   4.89507541E-02  -2.37110141E-03
  0.265625000      0.703125000      -3.30335423E-02   4.65708375E-02  -2.41238298E-03
  0.296875000      0.703125000      -3.55747454E-02   4.43609208E-02  -2.47059530E-03
  0.328125000      0.703125000      -3.79023738E-02   4.23705466E-02  -2.54779914E-03
  0.359375000      0.703125000      -4.00902927E-02   4.06408645E-02  -2.64600967E-03
  0.390625000      0.703125000      -4.22154889E-02   3.92144024E-02  -2.76779570E-03
  0.421875000      0.703125000      -4.43649963E-02   3.81416380E-02  -2.91672302E-03
  0.453125000      0.703125000      -4.66466099E-02   3.74861732E-02  -3.09779495E-03
  0.484375000      0.703125000      -4.92045395E-02   3.73282433E-02  -3.31784971E-03
  0.515625000      0.703125000      -5.22416346E-02   3.77642624E-02  -3.58621846E-03
  0.546875000      0.703125000      -5.60483038E-02   3.88950184E-02  -3.91626125E-03
  0.578125000      0.703125000      -6.10325150E-02   4.07837406E-02  -4.32859221E-03
  0.609375000      0.703125000      -6.77300766E-02   4.33436558E-02  -4.85647470E-03
  0.640625000      0.703125000      -7.67498389E-02   4.60944921E-02  -5.55181270E-03
  0.671875000      0.703125000      -8.85928124E-02   4.77676168E-02  -6.48277951E-03
  0.703125000      0.703125000     -0.103321716       4.59222682E-02  -7.70364329E-03
  0.734375000      0.703125000     -0.120167255       3.69781107E-02  -9.17767547E-03
  0.765625000      0.703125000     -0.137257278       1.70178022E-02  -1.06726335E-02
  0.796875000      0.703125000     -0.151648343      -1.67737659E-02  -1.17152287E-02
  0.828125000      0.703125000     -0.160414010      -6.45538196E-02  -1.14102475E-02
  0.859375000      0.703125000     -0.160785228     -0.124991059      -9.03300755E-03
  0.890625000      0.703125000     -0.149554640     -0.190200359      -4.68720635E-03
  0.921875000      0.703125000     -0.123422518     -0.244781107       4.19432123E-04
  0.953125000      0.703125000      -8.03922415E-02 -0.258528709       4.05820133E-03
  0.984375000      0.703125000      -2.72825826E-02 -0.164552376       4.39511286E-03
   1.56250000E-02  0.734375000      -1.51519000E-03   2.29463112E-02  -2.72220001E-03
   4.68750000E-02  0.734375000      -5.77364815E-03   4.83909920E-02  -2.82734330E-03
   7.81250000E-02  0.734375000      -1.14159007E-02   5.89719936E-02  -2.86263926E-03
  0.109375000      0.734375000      -1.69592015E-02   6.14443906E-02  -2.86106020E-03
  0.140625000      0.734375000      -2.18927860E-02   6.02626465E-02  -2.84720375E-03
  0.171875000      0.734375000      -2.61296630E-02   5.77061884E-02  -2.83583789E-03
  0.203125000      0.734375000      -2.97308415E-02   5.47718778E-02  -2.83566164E-03
  0.234375000      0.734375000      -3.27973031E-02   5.18583730E-02  -2.85235839E-03
  0.265625000      0.734375000      -3.54322195E-02   4.91246656E-02  -2.89010303E-03
  0.296875000      0.734375000      -3.77292410E-02   4.66426015E-02  -2.95220758E-03
  0.328125000      0.734375000      -3.97705361E-02   4.44553047E-02  -3.04161361E-03
  0.359375000      0.734375000      -4.16289829E-02   4.26005870E-02  -3.16154491E-03
  0.390625000      0.734375000      -4.33728956E-02   4.11231555E-02  -3.31618171E-03
  0.421875000      0.734375000      -4.50731516E-02   4.00840491E-02  -3.51134851E-03
  0.453125000      0.734375000      -4.68135849E-02   3.95698398E-02  -3.75521416E-03
  0.484375000      0.734375000      -4.87059951E-02   3.97017971E-02  -4.05915407E-03
  0.515625000      0.734375000      -5.09112179E-02   4.06425633E-02  -4.43923706E-03
  0.546875000      0.734375000      -5.36662526E-02   4.25903201E-02  -4.91929241E-03
  0.578125000      0.734375000      -5.73121831E-02   4.57328968E-02  -5.53684635E-03
  0.609375000      0.734375000      -6.23073280E-02   5.01044616E-02  -6.35295082E-03
  0.640625000      0.734375000      -6.91973567E-02   5.52635938E-02  -7.46355206E-03
  0.671875000      0.734375000      -7.85083622E-02   5.97722195E-02  -8.99951626E-03
  0.703125000      0.734375000      -9.05374810E-02   6.06869645E-02  -1.10846739E-02
  0.734375000      0.734375000     -0.105040342       5.35552204E-02  -1.37178190E-02
  0.765625000      0.734375000     -0.120875821       3.33402380E-02  -1.66024826E-02
  0.796875000      0.734375000     -0.135818124      -3.80596635E-03  -1.90727487E-02
  0.828125000      0.734375000     -0.146800876      -5.78331575E-02  -2.00104564E-02
  0.859375000      0.734375000     -0.151008695     -0.127200246      -1.79667585E-02
  0.890625000      0.734375000     -0.145326927     -0.204969347      -1.27558755E-02
  0.921875000      0.734375000     -0.125112742     -0.276411057      -5.60067361E-03
  0.953125000      0.734375000      -8.56310874E-02 -0.309427142       5.48037700E-04
  0.984375000      0.734375000      -3.02778650E-02 -0.222117513       2.22938112E-03
   1.56250000E-02  0.765625000      -1.98736787E-03   2.64462829E-02  -3.37422313E-03
   4.68750000E-02  0.765625000      -7.29468837E-03   5.44523001E-02  -3.49501288E-03
   7.81250000E-02  0.765625000      -1.39063410E-02   6.51611537E-02  -3.51162208E-03
  0.109375000      0.765625000      -2.00374946E-02   6.69263899E-02  -3.47491866E-03
  0.140625000      0.765625000      -2.52143256E-02   6.48871511E-02  -3.42232315E-03
  0.171875000      0.765625000      -2.94508208E-02   6.15507141E-02  -3.37559613E-03
  0.203125000      0.765625000      -3.28955762E-02   5.79690635E-02  -3.34669137E-03
  0.234375000      0.765625000      -3.57104614E-02   5.45388311E-02  -3.34250415E-03
  0.265625000      0.765625000      -3.80356200E-02   5.14012240E-02  -3.36762751E-03
  0.296875000      0.765625000      -3.99836078E-02   4.86085638E-02  -3.42562539E-03
  0.328125000      0.765625000      -4.16420698E-02   4.61871661E-02  -3.51982983E-03
  0.359375000      0.765625000      -4.30785641E-02   4.41625342E-02  -3.65412375E-03
  0.390625000      0.765625000      -4.43460494E-02   4.25726995E-02  -3.83378123E-03
  0.421875000      0.765625000      -4.54890952E-02   4.14796174E-02  -4.06628568E-03
  0.453125000      0.765625000      -4.65518981E-02   4.09813300E-02  -4.36236709E-03
  0.484375000      0.765625000      -4.75888364E-02   4.12254743E-02  -4.73726681E-03
  0.515625000      0.765625000      -4.86784354E-02   4.24212739E-02  -5.21321967E-03
  0.546875000      0.765625000      -4.99408841E-02   4.48383465E-02  -5.82407694E-03
  0.578125000      0.765625000      -5.15572354E-02   4.87587936E-02  -6.62383437E-03
  0.609375000      0.765625000      -5.37871718E-02   5.43189831E-02  -7.70028261E-03
  0.640625000      0.765625000      -5.69851398E-02   6.11563437E-02  -9.19113960E-03
  0.671875000      0.765625000      -6.16153777E-02   6.78397864E-02  -1.12869842E-02
  0.703125000      0.765625000      -6.82424307E-02   7.12839589E-02  -1.41831804E-02
  0.734375000      0.765625000      -7.74099082E-02   6.66134134E-02  -1.79309119E-02
  0.765625000      0.765625000      -8.92720297E-02   4.79345918E-02  -2.21970398E-02
  0.796875000      0.765625000     -0.102909595       1.01108933E-02  -2.60741673E-02
  0.828125000      0.765625000     -0.115589812      -4.81644198E-02  -2.84302328E-02
  0.859375000      0.765625000     -0.124576077     -0.123751245      -2.70432979E-02
  0.890625000      0.765625000     -0.126668602     -0.212086037      -2.13240720E-02
  0.921875000      0.765625000     -0.115772054     -0.300484002      -1.22743314E-02
  0.953125000      0.765625000      -8.40962455E-02 -0.356572151      -3.35957482E-03
  0.984375000      0.765625000      -3.10245492E-02 -0.283448517       1.05825355E-04
   1.56250000E-02  0.796875000      -2.73204735E-03   3.11631206E-02  -4.16223146E-03
   4.68750000E-02  0.796875000      -9.55229253E-03   6.18588403E-02  -4.29766718E-03
   7.81250000E-02  0.796875000      -1.73593536E-02   7.21703321E-02  -4.27210238E-03
  0.109375000      0.796875000      -2.40487140E-02   7.27344006E-02  -4.17016353E-03
  0.140625000      0.796875000      -2.92973593E-02   6.95001483E-02  -4.05107904E-03
  0.171875000      0.796875000      -3.33093479E-02   6.51809573E-02  -3.94675508E-03
  0.203125000      0.796875000      -3.63707691E-02   6.08398393E-02  -3.87218245E-03
  0.234375000      0.796875000      -3.87255773E-02   5.68333901E-02  -3.83415865E-03
  0.265625000      0.796875000      -4.05559912E-02   5.32589927E-02  -3.83626996E-03
  0.296875000      0.796875000      -4.19919416E-02   5.01325727E-02  -3.88113013E-03
  0.328125000      0.796875000      -4.31229547E-02   4.74514738E-02  -3.97150544E-03
  0.359375000      0.796875000      -4.40073013E-02   4.52189073E-02  -4.11111023E-03
  0.390625000      0.796875000      -4.46780249E-02   4.34554890E-02  -4.30540740E-03
  0.421875000      0.796875000      -4.51473296E-02   4.22113761E-02  -4.56264615E-03
  0.453125000      0.796875000      -4.54107821E-02   4.15792763E-02  -4.89500212E-03
  0.484375000      0.796875000      -4.54511419E-02   4.17094082E-02  -5.32037113E-03
  0.515625000      0.796875000      -4.52417620E-02   4.28232253E-02  -5.86549286E-03
  0.546875000      0.796875000      -4.47518416E-02   4.52161506E-02  -6.57210499E-03
  0.578125000      0.796875000      -4.39572483E-02   4.92129363E-02  -7.50684086E-03
  0.609375000      0.796875000      -4.28649932E-02   5.50176203E-02  -8.77660792E-03
  0.640625000      0.796875000      -4.15687710E-02   6.23799413E-02  -1.05457623E-02
  0.671875000      0.796875000      -4.03504446E-02   7.00495243E-02  -1.30392555E-02
  0.703125000      0.796875000      -3.98208685E-02   7.51828253E-02  -1.64975189E-02
  0.734375000      0.796875000      -4.10265848E-02   7.30751157E-02  -2.10200455E-02
  0.765625000      0.796875000      -4.54217233E-02   5.76877594E-02  -2.63039917E-02
  0.796875000      0.796875000      -5.44232056E-02   2.29443200E-02  -3.13238576E-02
  0.828125000      0.796875000      -6.72982931E-02  -3.55075300E-02  -3.47844400E-02
  0.859375000      0.796875000      -8.15164298E-02 -0.113253124      -3.42705362E-02
  0.890625000      0.796875000      -9.30711776E-02 -0.208963603      -2.84486413E-02
  0.921875000      0.796875000      -9.45784748E-02 -0.313043416      -1.78213250E-02
  0.953125000      0.796875000      -7.51438066E-02 -0.395184666      -5.97004406E-03
  0.984375000      0.796875000      -2.93053202E-02 -0.343820840      -2.54532933E-04
   1.56250000E-02  0.828125000      -3.94261722E-03   3.78351621E-02  -5.16756671E-03
   4.68750000E-02  0.828125000      -1.29519273E-02   7.10125193E-02  -5.30458102E-03
   7.81250000E-02  0.828125000      -2.21009701E-02   7.99703598E-02  -5.18592913E-03
  0.109375000      0.828125000      -2.90864166E-02   7.86058679E-02  -4.96359915E-03
  0.140625000      0.828125000      -3.39707509E-02   7.37564713E-02  -4.73366072E-03
  0.171875000      0.828125000      -3.72906551E-02   6.82500675E-02  -4.54062968E-03
  0.203125000      0.828125000      -3.95327285E-02   6.30677491E-02  -4.39979648E-03
  0.234375000      0.828125000      -4.10386994E-02   5.84608540E-02  -4.31387965E-03
  0.265625000      0.828125000      -4.20283936E-02   5.44479042E-02  -4.28251363E-03
  0.296875000      0.828125000      -4.26416174E-02   5.09908721E-02  -4.30544000E-03
  0.328125000      0.828125000      -4.29645032E-02   4.80467230E-02  -4.38351091E-03
  0.359375000      0.828125000      -4.30438519E-02   4.55883369E-02  -4.51914640E-03
  0.390625000      0.828125000      -4.28932719E-02   4.36082743E-02  -4.71692951E-03
  0.421875000      0.828125000      -4.24946807E-02   4.21322286E-02  -4.98477090E-03
  0.453125000      0.828125000      -4.17994335E-02   4.12302017E-02  -5.33518987E-03
  0.484375000      0.828125000      -4.07258794E-02   4.10294197E-02  -5.78725012E-03
  0.515625000      0.828125000      -3.91509309E-02   4.17238101E-02  -6.36991719E-03
  0.546875000      0.828125000      -3.69038135E-02   4.35852483E-02  -7.13001983E-03
  0.578125000      0.828125000      -3.37721966E-02   4.69280891E-02  -8.14155862E-03
  0.609375000      0.828125000      -2.95358151E-02   5.19902483E-02  -9.52031743E-03
  0.640625000      0.828125000      -2.40513273E-02   5.86495064E-02  -1.14360098E-02
  0.671875000      0.828125000      -1.73819084E-02   6.59175068E-02  -1.41044743E-02
  0.703125000      0.828125000      -9.99555271E-03   7.14167655E-02  -1.77574027E-02
  0.734375000      0.828125000      -2.90683075E-03   7.09660202E-02  -2.24794969E-02
  0.765625000      0.828125000       2.19337875E-03   5.90910614E-02  -2.80448943E-02
  0.796875000      0.828125000       2.51407782E-03   3.02280076E-02  -3.35906260E-02
  0.828125000      0.828125000      -6.43814262E-03  -2.09317859E-02  -3.73841003E-02
  0.859375000      0.828125000      -2.44655740E-02  -9.55584943E-02  -3.78340408E-02
  0.890625000      0.828125000      -4.53082994E-02 -0.194234103      -3.20293680E-02
  0.921875000      0.828125000      -6.09778129E-02 -0.310569972      -2.00200435E-02
  0.953125000      0.828125000      -5.80277815E-02 -0.420064032      -4.70747054E-03
  0.984375000      0.828125000      -2.48521157E-02 -0.398023248       4.01482871E-03
   1.56250000E-02  0.859375000      -5.94719220E-03   4.77221236E-02  -6.55330904E-03
   4.68750000E-02  0.859375000      -1.80388428E-02   8.22228193E-02  -6.63391501E-03
   7.81250000E-02  0.859375000      -2.82785278E-02   8.81469697E-02  -6.30599586E-03
  0.109375000      0.859375000      -3.47043015E-02   8.38372111E-02  -5.86012192E-03
  0.140625000      0.859375000      -3.82092223E-02   7.69084468E-02  -5.44976164E-03
  0.171875000      0.859375000      -3.98658514E-02   7.00667873E-02  -5.12769725E-03
  0.203125000      0.859375000      -4.04202864E-02   6.40393719E-02  -4.89894161E-03
  0.234375000      0.859375000      -4.03034613E-02   5.88713661E-02  -4.75265179E-03
  0.265625000      0.859375000      -3.97478566E-02   5.44666201E-02  -4.67970455E-03
  0.296875000      0.859375000      -3.88872102E-02   5.07223979E-02  -4.67435410E-03
  0.328125000      0.859375000      -3.77969481E-02   4.75478917E-02  -4.73407749E-03
  0.359375000      0.859375000      -3.65131274E-02   4.48847562E-02  -4.85889520E-03
  0.390625000      0.859375000      -3.50365862E-02   4.26882468E-02  -5.05128549E-03
  0.421875000      0.859375000      -3.33301798E-02   4.09517437E-02  -5.31799905E-03
  0.453125000      0.859375000      -3.13209742E-02   3.97113413E-02  -5.67122735E-03
  0.484375000      0.859375000      -2.88954489E-02   3.90547998E-02  -6.13041641E-03
  0.515625000      0.859375000      -2.58772261E-02   3.91116776E-02  -6.72356784E-03
  0.546875000      0.859375000      -2.20120046E-02   4.00934033E-02  -7.50128739E-03
  0.578125000      0.859375000      -1.69680715E-02   4.22559977E-02  -8.54052044E-03
  0.609375000      0.859375000      -1.03661213E-02   4.58403341E-02  -9.95901134E-03
  0.640625000      0.859375000      -1.83590408E-03   5.08014075E-02  -1.19203804E-02
  0.671875000      0.859375000       8.81074276E-03   5.64754605E-02  -1.45745501E-02
  0.703125000      0.859375000       2.12250799E-02   6.10904507E-02  -1.81019399E-02
  0.734375000      0.859375000       3.42550613E-02   6.11978695E-02  -2.26084776E-02
  0.765625000      0.859375000       4.58160192E-02   5.22175357E-02  -2.78091505E-02
  0.796875000      0.859375000       5.28898463E-02   2.97306590E-02  -3.28232944E-02
  0.828125000      0.859375000       5.16532958E-02  -1.01576708E-02  -3.60634178E-02
  0.859375000      0.859375000       3.89015973E-02  -7.53942877E-02  -3.60356197E-02
  0.890625000      0.859375000       1.47613855E-02 -0.169259682      -3.03539746E-02
  0.921875000      0.859375000      -1.38350008E-02 -0.291177630      -1.68133080E-02
  0.953125000      0.859375000      -3.08778733E-02 -0.425342083       3.68898734E-03
  0.984375000      0.859375000      -1.69665832E-02 -0.439879298       1.71247851E-02
   1.56250000E-02  0.890625000      -9.21985414E-03   6.28858358E-02  -8.68659187E-03
   4.68750000E-02  0.890625000      -2.51638591E-02   9.50908363E-02  -8.48037098E-03
   7.81250000E-02  0.890625000      -3.48882191E-02   9.52418149E-02  -7.66849611E-03
  0.109375000      0.890625000      -3.84702384E-02   8.67474228E-02  -6.80931564E-03
  0.140625000      0.890625000      -3.83614451E-02   7.73883909E-02  -6.11881353E-03
  0.171875000      0.890625000      -3.63798626E-02   6.92532510E-02  -5.62571688E-03
  0.203125000      0.890625000      -3.35215926E-02   6.25393465E-02  -5.29581076E-03
  0.234375000      0.890625000      -3.02368253E-02   5.69607094E-02  -5.08436002E-03
  0.265625000      0.890625000      -2.67177634E-02   5.22955284E-02  -4.96862317E-03
  0.296875000      0.890625000      -2.30669230E-02   4.83780503E-02  -4.93497541E-03
  0.328125000      0.890625000      -1.93341747E-02   4.50684428E-02  -4.97685885E-03
  0.359375000      0.890625000      -1.55408103E-02   4.22889143E-02  -5.09089045E-03
  0.390625000      0.890625000      -1.16783148E-02   3.99494544E-02  -5.27591072E-03
  0.421875000      0.890625000      -7.70119764E-03   3.80134806E-02  -5.53735066E-03
  0.453125000      0.890625000      -3.53326905E-03   3.64804566E-02  -5.88753447E-03
  0.484375000      0.890625000       9.49090987E-04   3.53864245E-02  -6.34822994E-03
  0.515625000      0.890625000       5.91361988E-03   3.48080620E-02  -6.93853945E-03
  0.546875000      0.890625000       1.15908980E-02   3.48674990E-02  -7.71813001E-03
  0.578125000      0.890625000       1.83152258E-02   3.57283652E-02  -8.75575840E-03
  0.609375000      0.890625000       2.65275836E-02   3.75716314E-02  -1.01538841E-02
  0.640625000      0.890625000       3.66884209E-02   4.03942391E-02  -1.20565882E-02
  0.671875000      0.890625000       4.91093919E-02   4.38369066E-02  -1.46177951E-02
  0.703125000      0.890625000       6.36789501E-02   4.67730649E-02  -1.79819278E-02
  0.734375000      0.890625000       7.94028789E-02   4.67736684E-02  -2.21662559E-02
  0.765625000      0.890625000       9.40795913E-02   4.04005423E-02  -2.68238988E-02
  0.796875000      0.890625000      0.104506135       2.40492318E-02  -3.10350470E-02
  0.828125000      0.890625000      0.107445173      -6.13718946E-03  -3.32907140E-02
  0.859375000      0.890625000      0.100095600      -5.91634065E-02  -3.12460978E-02
  0.890625000      0.890625000       8.05032700E-02 -0.141560256      -2.20488310E-02
  0.921875000      0.890625000       4.88628894E-02 -0.258473873      -3.42652947E-03
  0.953125000      0.890625000       1.14417523E-02 -0.403484881       2.29816362E-02
  0.984375000      0.890625000      -3.67338024E-03 -0.460541725       4.51834798E-02
   1.56250000E-02  0.921875000      -1.38102248E-02   8.59120637E-02  -1.25113083E-02
   4.68750000E-02  0.921875000      -3.21100056E-02  0.106304258      -1.10779218E-02
   7.81250000E-02  0.921875000      -3.54518592E-02   9.70947444E-02  -9.15317237E-03
  0.109375000      0.921875000      -3.05541996E-02   8.35785195E-02  -7.57243158E-03
  0.140625000      0.921875000      -2.21688934E-02   7.20598921E-02  -6.50300598E-03
  0.171875000      0.921875000      -1.27394404E-02   6.31642565E-02  -5.83191775E-03
  0.203125000      0.921875000      -3.17126466E-03   5.61928153E-02  -5.42421965E-03
  0.234375000      0.921875000       6.24148222E-03   5.05999476E-02  -5.16288914E-03
  0.265625000      0.921875000       1.53450780E-02   4.60245758E-02  -5.02005173E-03
  0.296875000      0.921875000       2.41166335E-02   4.22186926E-02  -4.98318393E-03
  0.328125000      0.921875000       3.25939767E-02   3.90121900E-02  -5.02656493E-03
  0.359375000      0.921875000       4.08320129E-02   3.63112167E-02  -5.13960794E-03
  0.390625000      0.921875000       4.88857031E-02   3.40118036E-02  -5.32430410E-03
  0.421875000      0.921875000       5.68055958E-02   3.20587903E-02  -5.58560248E-03
  0.453125000      0.921875000       6.46570027E-02   3.04244645E-02  -5.93468733E-03
  0.484375000      0.921875000       7.25258440E-02   2.91034356E-02  -6.39064889E-03
  0.515625000      0.921875000       8.05375576E-02   2.81321425E-02  -6.98196515E-03
  0.546875000      0.921875000       8.88691917E-02   2.75559016E-02  -7.75905978E-03
  0.578125000      0.921875000       9.77596194E-02   2.74486430E-02  -8.79164785E-03
  0.609375000      0.921875000      0.107529953       2.78934259E-02  -1.01769064E-02
  0.640625000      0.921875000      0.118560195       2.89029740E-02  -1.20418007E-02
  0.671875000      0.921875000      0.131187886       3.02932747E-02  -1.45225320E-02
  0.703125000      0.921875000      0.145485759       3.14498842E-02  -1.77188162E-02
  0.734375000      0.921875000      0.160853460       3.09870988E-02  -2.15728767E-02
  0.765625000      0.921875000      0.175622702       2.67070923E-02  -2.56553143E-02
  0.796875000      0.921875000      0.187135339       1.57720335E-02  -2.89571155E-02
  0.828125000      0.921875000      0.193309993      -6.98352885E-03  -2.97553949E-02
  0.859375000      0.921875000      0.190621734      -4.82452214E-02  -2.43406482E-02
  0.890625000      0.921875000      0.172800452     -0.114972726      -9.16293263E-03
  0.921875000      0.921875000      0.134121880     -0.214591056       1.93625614E-02
  0.953125000      0.921875000       7.43824616E-02 -0.350067496       6.03372902E-02
  0.984375000      0.921875000       1.99008547E-02 -0.444318056       9.78993475E-02
   1.56250000E-02  0.953125000      -1.35182235E-02  0.113236085      -2.06157845E-02
   4.68750000E-02  0.953125000      -1.85124539E-02  0.102268890      -1.40282270E-02
   7.81250000E-02  0.953125000       3.52596957E-03   8.24339986E-02  -9.90621466E-03
  0.109375000      0.953125000       3.01671419E-02   6.67037070E-02  -7.44407391E-03
  0.140625000      0.953125000       5.52693382E-02   5.54504171E-02  -6.11799676E-03
  0.171875000      0.953125000       7.82023147E-02   4.74129580E-02  -5.35307825E-03
  0.203125000      0.953125000       9.92271379E-02   4.13500592E-02  -4.92183585E-03
  0.234375000      0.953125000      0.118617103       3.66366878E-02  -4.68568970E-03
  0.265625000      0.953125000      0.136632442       3.28636169E-02  -4.58323210E-03
  0.296875000      0.953125000      0.153471932       2.97607165E-02  -4.58368659E-03
  0.328125000      0.953125000      0.169290900       2.71648429E-02  -4.66403039E-03
  0.359375000      0.953125000      0.184227511       2.49751545E-02  -4.81277891E-03
  0.390625000      0.953125000      0.198404104       2.31100917E-02  -5.02968021E-03
  0.421875000      0.953125000      0.211925596       2.15145051E-02  -5.31980954E-03
  0.453125000      0.953125000      0.224889755       2.01531295E-02  -5.69454161E-03
  0.484375000      0.953125000      0.237395450       1.90064870E-02  -6.17346726E-03
  0.515625000      0.953125000      0.249553561       1.80734098E-02  -6.78790640E-03
  0.546875000      0.953125000      0.261496156       1.73625965E-02  -7.58729223E-03
  0.578125000      0.953125000      0.273383588       1.68928541E-02  -8.64158291E-03
  0.609375000      0.953125000      0.285410702       1.66836865E-02  -1.00445310E-02
  0.640625000      0.953125000      0.297796607       1.67250875E-02  -1.19104264E-02
  0.671875000      0.953125000      0.310735941       1.69204790E-02  -1.43502820E-02
  0.703125000      0.953125000      0.324277192       1.69784389E-02  -1.74124632E-02
  0.734375000      0.953125000      0.338093370       1.62411332E-02  -2.09545791E-02
  0.765625000      0.953125000      0.351257622       1.34610841E-02  -2.44325958E-02
  0.796875000      0.953125000      0.362450957       6.23455457E-03  -2.66956836E-02
  0.828125000      0.953125000      0.368362397      -9.57418792E-03  -2.44361553E-02
  0.859375000      0.953125000      0.362585098      -3.71755287E-02  -1.41858244E-02
  0.890625000      0.953125000      0.336369157      -8.19594190E-02   9.15419310E-03
  0.921875000      0.953125000      0.279122412     -0.151600480       5.13712652E-02
  0.953125000      0.953125000      0.181848571     -0.255952448      0.114937201    
  0.984375000      0.953125000       6.11808598E-02 -0.363245606      0.184364572    
   1.56250000E-02  0.984375000       6.33710027E-02   6.33759573E-02  -3.77662852E-02
   4.68750000E-02  0.984375000      0.173608795       4.68720123E-02  -1.28288940E-02
   7.81250000E-02  0.984375000      0.254932225       3.44601758E-02  -6.10493356E-03
  0.109375000      0.984375000      0.316176564       2.67893244E-02  -4.05494031E-03
  0.140625000      0.984375000      0.364702553       2.17384808E-02  -3.37200938E-03
  0.171875000      0.984375000      0.404670298       1.82285868E-02  -3.13371979E-03
  0.203125000      0.984375000      0.438543379       1.56419333E-02  -3.08700162E-03
  0.234375000      0.984375000      0.467846274       1.36571452E-02  -3.13807465E-03
  0.265625000      0.984375000      0.493592858       1.20850932E-02  -3.25484481E-03
  0.296875000      0.984375000      0.516488135       1.08060539E-02  -3.42568662E-03
  0.328125000      0.984375000      0.537042677       9.74507723E-03  -3.64337349E-03
  0.359375000      0.984375000      0.555643857       8.85382388E-03  -3.90629284E-03
  0.390625000      0.984375000      0.572595954       8.09745677E-03  -4.21951944E-03
  0.421875000      0.984375000      0.588144064       7.45130051E-03  -4.59237536E-03
  0.453125000      0.984375000      0.602492034       6.89848606E-03  -5.03980741E-03
  0.484375000      0.984375000      0.615816116       6.42806198E-03  -5.58412820E-03
  0.515625000      0.984375000      0.628276765       6.03465177E-03  -6.25943951E-03
  0.546875000      0.984375000      0.640027344       5.71649894E-03  -7.11633731E-03
  0.578125000      0.984375000      0.651220322       5.47449058E-03  -8.22497532E-03
  0.609375000      0.984375000      0.662008762       5.30896196E-03  -9.67640989E-03
  0.640625000      0.984375000      0.672536612       5.21121873E-03  -1.15745738E-02
  0.671875000      0.984375000      0.682904065       5.14798611E-03  -1.40072331E-02
  0.703125000      0.984375000      0.693088770       5.03121875E-03  -1.69748683E-02
  0.734375000      0.984375000      0.702781677       4.66277217E-03  -2.02432927E-02
  0.765625000      0.984375000      0.711025059       3.59084364E-03  -2.30359063E-02
  0.796875000      0.984375000      0.715246558       6.35316363E-04  -2.32831929E-02
  0.828125000      0.984375000      0.710608482      -5.27265761E-03  -1.77206676E-02
  0.859375000      0.984375000      0.690122008      -1.52081251E-02  -2.80212658E-03
  0.890625000      0.984375000      0.643666685      -3.12440936E-02   2.78251953E-02
  0.921875000      0.984375000      0.555521369      -5.68986237E-02   8.19047391E-02
  0.953125000      0.984375000      0.400391102      -9.82247815E-02  0.166508138    
  0.984375000      0.984375000      0.151080549     -0.151038453      0.280809134    
