 VARIABLES="X","Y","U","V","P"
 ZONE F=POINT, I=          32 , J=          32
   1.56250000E-02   1.56250000E-02   4.03822894E-04  -4.04453836E-04   1.57808140E-02
   4.68750000E-02   1.56250000E-02   1.31065608E-03  -5.03859250E-04   1.57416873E-02
   7.81250000E-02   1.56250000E-02   2.06893543E-03  -2.56106840E-04   1.56036913E-02
  0.109375000       1.56250000E-02   2.24158308E-03   8.18051485E-05   1.53899975E-02
  0.140625000       1.56250000E-02   1.74003118E-03   4.18144016E-04   1.51195489E-02
  0.171875000       1.56250000E-02   5.85449394E-04   7.34898611E-04   1.48046184E-02
  0.203125000       1.56250000E-02  -1.19586196E-03   1.04494684E-03   1.44509617E-02
  0.234375000       1.56250000E-02  -3.60155734E-03   1.35936425E-03   1.40658133E-02
  0.265625000       1.56250000E-02  -6.64025173E-03   1.67803466E-03   1.36634652E-02
  0.296875000       1.56250000E-02  -1.03054950E-02   1.98600534E-03   1.32652018E-02
  0.328125000       1.56250000E-02  -1.45518612E-02   2.25924887E-03   1.29003963E-02
  0.359375000       1.56250000E-02  -1.92810427E-02   2.46890401E-03   1.26054827E-02
  0.390625000       1.56250000E-02  -2.43359134E-02   2.58500571E-03   1.24218380E-02
  0.421875000       1.56250000E-02  -2.95018069E-02   2.57998402E-03   1.23926802E-02
  0.453125000       1.56250000E-02  -3.45141888E-02   2.43152562E-03   1.25591774E-02
  0.484375000       1.56250000E-02  -3.90710756E-02   2.12449860E-03   1.29558304E-02
  0.515625000       1.56250000E-02  -4.28484008E-02   1.65194366E-03   1.36053097E-02
  0.546875000       1.56250000E-02  -4.55172248E-02   1.01593079E-03   1.45127550E-02
  0.578125000       1.56250000E-02  -4.67651933E-02   2.31006110E-04   1.56596471E-02
  0.609375000       1.56250000E-02  -4.63404991E-02  -6.56827644E-04   1.69725437E-02
  0.640625000       1.56250000E-02  -4.39756103E-02  -1.70931011E-03   1.83208603E-02
  0.671875000       1.56250000E-02  -3.94643173E-02  -2.80334661E-03   1.95888784E-02
  0.703125000       1.56250000E-02  -3.28724235E-02  -3.79001908E-03   2.06389353E-02
  0.734375000       1.56250000E-02  -2.45813653E-02  -4.50257538E-03   2.13392004E-02
  0.765625000       1.56250000E-02  -1.53213600E-02  -4.75898711E-03   2.15990841E-02
  0.796875000       1.56250000E-02  -6.18164428E-03  -4.38227039E-03   2.14075819E-02
  0.828125000       1.56250000E-02   1.44786132E-03  -3.24871880E-03   2.08675172E-02
  0.859375000       1.56250000E-02   6.19652728E-03  -1.50135253E-03   2.01636590E-02
  0.890625000       1.56250000E-02   7.53816776E-03   1.58389696E-04   1.94945503E-02
  0.921875000       1.56250000E-02   6.14785356E-03   1.23066839E-03   1.90126337E-02
  0.953125000       1.56250000E-02   3.35330167E-03   1.56266871E-03   1.87669620E-02
  0.984375000       1.56250000E-02   8.95016768E-04   8.94638360E-04   1.87482778E-02
   1.56250000E-02   4.68750000E-02   5.03515359E-04  -1.31327927E-03   1.58185177E-02
   4.68750000E-02   4.68750000E-02   1.33868703E-03  -1.34044606E-03   1.57741737E-02
   7.81250000E-02   4.68750000E-02   1.34166214E-03  -1.84589269E-04   1.56461000E-02
  0.109375000       4.68750000E-02  -1.48931867E-04   1.32448878E-03   1.54578239E-02
  0.140625000       4.68750000E-02  -3.29924515E-03   2.82369088E-03   1.52193429E-02
  0.171875000       4.68750000E-02  -8.05817917E-03   4.23937198E-03   1.49367154E-02
  0.203125000       4.68750000E-02  -1.43262874E-02   5.58655709E-03   1.46122500E-02
  0.234375000       4.68750000E-02  -2.19736658E-02   6.86767139E-03   1.42507916E-02
  0.265625000       4.68750000E-02  -3.08154877E-02   8.04729015E-03   1.38634443E-02
  0.296875000       4.68750000E-02  -4.05920818E-02   9.05584171E-03   1.34691391E-02
  0.328125000       4.68750000E-02  -5.09680435E-02   9.80921276E-03   1.30953910E-02
  0.359375000       4.68750000E-02  -6.15451261E-02   1.02228746E-02   1.27777606E-02
  0.390625000       4.68750000E-02  -7.18825758E-02   1.02211814E-02   1.25579722E-02
  0.421875000       4.68750000E-02  -8.15186948E-02   9.74379107E-03   1.24808270E-02
  0.453125000       4.68750000E-02  -8.99905041E-02   8.74995906E-03   1.25901280E-02
  0.484375000       4.68750000E-02  -9.68503505E-02   7.22087361E-03   1.29237566E-02
  0.515625000       4.68750000E-02 -0.101679832       5.16040437E-03   1.35082975E-02
  0.546875000       4.68750000E-02 -0.104101345       2.59571755E-03   1.43535286E-02
  0.578125000       4.68750000E-02 -0.103786074      -4.18368669E-04   1.54479947E-02
  0.609375000       4.68750000E-02 -0.100389078      -3.83163965E-03   1.66725200E-02
  0.640625000       4.68750000E-02  -9.37410444E-02  -7.55018555E-03   1.79565419E-02
  0.671875000       4.68750000E-02  -8.39795694E-02  -1.12382565E-02   1.91747379E-02
  0.703125000       4.68750000E-02  -7.14389235E-02  -1.44908885E-02   2.01898236E-02
  0.734375000       4.68750000E-02  -5.66950440E-02  -1.68400444E-02   2.08736509E-02
  0.765625000       4.68750000E-02  -4.06217352E-02  -1.77582931E-02   2.11404003E-02
  0.796875000       4.68750000E-02  -2.44429559E-02  -1.67048778E-02   2.09838543E-02
  0.828125000       4.68750000E-02  -9.74076893E-03  -1.32610882E-02   2.05025245E-02
  0.859375000       4.68750000E-02   1.58630300E-03  -7.56784203E-03   1.98898986E-02
  0.890625000       4.68750000E-02   7.65028410E-03  -1.18369819E-03   1.93241909E-02
  0.921875000       4.68750000E-02   8.20760615E-03   3.40292836E-03   1.89259723E-02
  0.953125000       4.68750000E-02   5.19404886E-03   5.19577786E-03   1.87264942E-02
  0.984375000       4.68750000E-02   1.56142528E-03   3.35017499E-03   1.87208205E-02
   1.56250000E-02   7.81250000E-02   1.12042122E-04  -1.93056127E-03   1.59641337E-02
   4.68750000E-02   7.81250000E-02  -4.17483563E-04  -1.03268377E-03   1.58912577E-02
   7.81250000E-02   7.81250000E-02  -2.79387832E-03   1.87679636E-03   1.57565325E-02
  0.109375000       7.81250000E-02  -7.37490924E-03   5.33053698E-03   1.55754182E-02
  0.140625000       7.81250000E-02  -1.41130108E-02   8.70198291E-03   1.53513979E-02
  0.171875000       7.81250000E-02  -2.28297971E-02   1.18328687E-02   1.50805842E-02
  0.203125000       7.81250000E-02  -3.32629532E-02   1.46905715E-02   1.47584509E-02
  0.234375000       7.81250000E-02  -4.50770259E-02   1.72215588E-02   1.43851275E-02
  0.265625000       7.81250000E-02  -5.78690842E-02   1.93239693E-02   1.39687844E-02
  0.296875000       7.81250000E-02  -7.11838752E-02   2.08674632E-02   1.35273384E-02
  0.328125000       7.81250000E-02  -8.45345855E-02   2.17214432E-02   1.30889993E-02
  0.359375000       7.81250000E-02  -9.74233747E-02   2.17739418E-02   1.26916384E-02
  0.390625000       7.81250000E-02 -0.109359577       2.09414009E-02   1.23807332E-02
  0.421875000       7.81250000E-02 -0.119875044       1.91729777E-02   1.22060087E-02
  0.453125000       7.81250000E-02 -0.128536373       1.64518412E-02   1.22168222E-02
  0.484375000       7.81250000E-02 -0.134953976       1.27944155E-02   1.24567132E-02
  0.515625000       7.81250000E-02 -0.138788015       8.24833568E-03   1.29575320E-02
  0.546875000       7.81250000E-02 -0.139750630       2.88973469E-03   1.37337595E-02
  0.578125000       7.81250000E-02 -0.137601465      -3.17919906E-03   1.47504583E-02
  0.609375000       7.81250000E-02 -0.132210493      -9.86139663E-03   1.59266684E-02
  0.640625000       7.81250000E-02 -0.123624191      -1.67576559E-02   1.71907283E-02
  0.671875000       7.81250000E-02 -0.112026617      -2.33929865E-02   1.84170194E-02
  0.703125000       7.81250000E-02  -9.77197438E-02  -2.91870832E-02   1.94670502E-02
  0.734375000       7.81250000E-02  -8.11702460E-02  -3.34408246E-02   2.02101190E-02
  0.765625000       7.81250000E-02  -6.30696118E-02  -3.53351384E-02   2.05545835E-02
  0.796875000       7.81250000E-02  -4.43981066E-02  -3.39819677E-02   2.04838067E-02
  0.828125000       7.81250000E-02  -2.64816284E-02  -2.86061913E-02   2.00824644E-02
  0.859375000       7.81250000E-02  -1.10073024E-02  -1.90275107E-02   1.95283815E-02
  0.890625000       7.81250000E-02   2.21612863E-05  -6.82068383E-03   1.90120079E-02
  0.921875000       7.81250000E-02   4.76004556E-03   3.74163548E-03   1.86424758E-02
  0.953125000       7.81250000E-02   4.02608514E-03   8.60158633E-03   1.84705518E-02
  0.984375000       7.81250000E-02   1.34499045E-03   6.25554798E-03   1.84643585E-02
   1.56250000E-02  0.109375000      -6.27139525E-04  -1.41721196E-03   1.61977615E-02
   4.68750000E-02  0.109375000      -3.38078779E-03   1.73321529E-03   1.60747673E-02
   7.81250000E-02  0.109375000      -8.96453392E-03   7.06671737E-03   1.59169696E-02
  0.109375000      0.109375000      -1.70227326E-02   1.27756177E-02   1.57229230E-02
  0.140625000      0.109375000      -2.72049606E-02   1.81731321E-02   1.54835619E-02
  0.171875000      0.109375000      -3.91722396E-02   2.30418295E-02   1.51858926E-02
  0.203125000      0.109375000      -5.25422730E-02   2.72810403E-02   1.48190279E-02
  0.234375000      0.109375000      -6.68747872E-02   3.07741426E-02   1.43794212E-02
  0.265625000      0.109375000      -8.16886425E-02   3.33740190E-02   1.38742235E-02
  0.296875000      0.109375000      -9.64872390E-02   3.49277928E-02   1.33228954E-02
  0.328125000      0.109375000     -0.110780574       3.53024453E-02   1.27574224E-02
  0.359375000      0.109375000     -0.124101646       3.44003737E-02   1.22211482E-02
  0.390625000      0.109375000     -0.136018589       3.21659520E-02   1.17660332E-02
  0.421875000      0.109375000     -0.146143496       2.85868477E-02   1.14485556E-02
  0.453125000      0.109375000     -0.154138371       2.36923713E-02   1.13243684E-02
  0.484375000      0.109375000     -0.159718499       1.75498836E-02   1.14421686E-02
  0.515625000      0.109375000     -0.162653252       1.02599319E-02   1.18372869E-02
  0.546875000      0.109375000     -0.162764132       1.94977620E-03   1.25255138E-02
  0.578125000      0.109375000     -0.159918547      -7.23601878E-03   1.34599525E-02
  0.609375000      0.109375000     -0.154089436      -1.70269199E-02   1.46077964E-02
  0.640625000      0.109375000     -0.145330697      -2.69396901E-02   1.58801749E-02
  0.671875000      0.109375000     -0.133727461      -3.64145637E-02   1.71572939E-02
  0.703125000      0.109375000     -0.119451307      -4.47515808E-02   1.83021314E-02
  0.734375000      0.109375000     -0.102799661      -5.10807261E-02   1.91805456E-02
  0.765625000      0.109375000      -8.42479765E-02  -5.43509349E-02   1.96897946E-02
  0.796875000      0.109375000      -6.45150393E-02  -5.33740148E-02   1.97921004E-02
  0.828125000      0.109375000      -4.46424708E-02  -4.70065251E-02   1.95417628E-02
  0.859375000      0.109375000      -2.60942075E-02  -3.46529856E-02   1.90850459E-02
  0.890625000      0.109375000      -1.08783422E-02  -1.74436159E-02   1.86092667E-02
  0.921875000      0.109375000      -1.29699078E-03   4.23649326E-05   1.82538368E-02
  0.953125000      0.109375000       1.73118687E-03   1.00037437E-02   1.80496275E-02
  0.984375000      0.109375000       8.31848243E-04   8.43138248E-03   1.80080906E-02
   1.56250000E-02  0.140625000      -1.56391913E-03   7.72060361E-04   1.64673794E-02
   4.68750000E-02  0.140625000      -6.82012131E-03   7.54978508E-03   1.62855089E-02
   7.81250000E-02  0.140625000      -1.55823873E-02   1.55917704E-02   1.60906389E-02
  0.109375000      0.140625000      -2.67068520E-02   2.34289579E-02   1.58564840E-02
  0.140625000      0.140625000      -3.95757481E-02   3.05667873E-02   1.55614605E-02
  0.171875000      0.140625000      -5.37683442E-02   3.68040800E-02   1.51861385E-02
  0.203125000      0.140625000      -6.88755587E-02   4.19923030E-02   1.47165386E-02
  0.234375000      0.140625000      -8.44564140E-02   4.59728017E-02   1.41487159E-02
  0.265625000      0.140625000     -0.100052603       4.85822558E-02   1.34919863E-02
  0.296875000      0.140625000     -0.115212798       4.96755391E-02   1.27703138E-02
  0.328125000      0.140625000     -0.129511774       4.91445288E-02   1.20219318E-02
  0.359375000      0.140625000     -0.142562613       4.69280705E-02   1.12973526E-02
  0.390625000      0.140625000     -0.154023752       4.30145301E-02   1.06557664E-02
  0.421875000      0.140625000     -0.163602203       3.74400653E-02   1.01601444E-02
  0.453125000      0.140625000     -0.171053708       3.02841458E-02   9.87128168E-03
  0.484375000      0.140625000     -0.176180542       2.16637887E-02   9.84125305E-03
  0.515625000      0.140625000     -0.178827971       1.17269661E-02   1.01065272E-02
  0.546875000      0.140625000     -0.178881019       6.45333901E-04   1.06811970E-02
  0.578125000      0.140625000     -0.176265597      -1.13941003E-02   1.15382643E-02
  0.609375000      0.140625000     -0.170936316      -2.40289643E-02   1.26563357E-02
  0.640625000      0.140625000     -0.162861422      -3.67732458E-02   1.39517654E-02
  0.671875000      0.140625000     -0.152035743      -4.90122177E-02   1.53116453E-02
  0.703125000      0.140625000     -0.138507023      -5.99613786E-02   1.66028254E-02
  0.734375000      0.140625000     -0.122408524      -6.86238781E-02   1.76882390E-02
  0.765625000      0.140625000     -0.104007050      -7.37639219E-02   1.84511244E-02
  0.796875000      0.140625000      -8.37724358E-02  -7.39316568E-02   1.88248791E-02
  0.828125000      0.140625000      -6.24790266E-02  -6.76179379E-02   1.88205484E-02
  0.859375000      0.140625000      -4.13596481E-02  -5.37122414E-02   1.85367782E-02
  0.890625000      0.140625000      -2.23303623E-02  -3.26324403E-02   1.81332976E-02
  0.921875000      0.140625000      -8.08817707E-03  -8.59517884E-03   1.77592747E-02
  0.953125000      0.140625000      -9.83807724E-04   8.50598421E-03   1.74979530E-02
  0.984375000      0.140625000       2.90040683E-04   9.55231488E-03   1.73932482E-02
   1.56250000E-02  0.171875000      -2.47247936E-03   4.80661960E-03   1.66946407E-02
   4.68750000E-02  0.171875000      -9.99355409E-03   1.62883922E-02   1.64533444E-02
   7.81250000E-02  0.171875000      -2.13809013E-02   2.69983057E-02   1.62078328E-02
  0.109375000      0.171875000      -3.48153338E-02   3.65770049E-02   1.59044806E-02
  0.140625000      0.171875000      -4.95152697E-02   4.49834354E-02   1.55119821E-02
  0.171875000      0.171875000      -6.50439486E-02   5.21047860E-02   1.50086647E-02
  0.203125000      0.171875000      -8.10213238E-02   5.77725619E-02   1.43816918E-02
  0.234375000      0.171875000      -9.70581323E-02   6.18069395E-02   1.36304311E-02
  0.265625000      0.171875000     -0.112763606       6.40468746E-02   1.27693322E-02
  0.296875000      0.171875000     -0.127765194       6.43701851E-02   1.18288910E-02
  0.328125000      0.171875000     -0.141723245       6.27048165E-02   1.08546335E-02
  0.359375000      0.171875000     -0.154338866       5.90325743E-02   9.90431383E-03
  0.390625000      0.171875000     -0.165356219       5.33871800E-02   9.04364511E-03
  0.421875000      0.171875000     -0.174560577       4.58491966E-02   8.34085140E-03
  0.453125000      0.171875000     -0.181774050       3.65391746E-02   7.86048733E-03
  0.484375000      0.171875000     -0.186849952       2.56108288E-02   7.65678752E-03
  0.515625000      0.171875000     -0.189668119       1.32448990E-02   7.76689686E-03
  0.546875000      0.171875000     -0.190133005      -3.55371623E-04   8.20425525E-03
  0.578125000      0.171875000     -0.188175961      -1.49666909E-02   8.96983221E-03
  0.609375000      0.171875000     -0.183726951      -3.02357320E-02   1.00504952E-02
  0.640625000      0.171875000     -0.176701084      -4.56685573E-02   1.13733076E-02
  0.671875000      0.171875000     -0.167018950      -6.06263466E-02   1.28355371E-02
  0.703125000      0.171875000     -0.154617578      -7.42793083E-02   1.43107995E-02
  0.734375000      0.171875000     -0.139474779      -8.55494887E-02   1.56608149E-02
  0.765625000      0.171875000     -0.121654347      -9.30626914E-02   1.67541243E-02
  0.796875000      0.171875000     -0.101381533      -9.51429754E-02   1.74909197E-02
  0.828125000      0.171875000      -7.91642964E-02  -8.99200141E-02   1.78298540E-02
  0.859375000      0.171875000      -5.59897274E-02  -7.57068843E-02   1.78074092E-02
  0.890625000      0.171875000      -3.36386412E-02  -5.20209000E-02   1.75361224E-02
  0.921875000      0.171875000      -1.50576048E-02  -2.20325887E-02   1.71671864E-02
  0.953125000      0.171875000      -3.77843436E-03   3.55726411E-03   1.68263745E-02
  0.984375000      0.171875000      -1.97441637E-04   9.64402128E-03   1.66334659E-02
   1.56250000E-02  0.203125000      -3.19225178E-03   1.04694683E-02   1.67805906E-02
   4.68750000E-02  0.203125000      -1.24206599E-02   2.73708347E-02   1.64871104E-02
   7.81250000E-02  0.203125000      -2.56582983E-02   4.05363180E-02   1.61803346E-02
  0.109375000      0.203125000      -4.06044386E-02   5.14152274E-02   1.57834552E-02
  0.140625000      0.203125000      -5.63816167E-02   6.06182292E-02   1.52598657E-02
  0.171875000      0.203125000      -7.25643486E-02   6.81776032E-02   1.45895723E-02
  0.203125000      0.203125000      -8.88213366E-02   7.39306659E-02   1.37643237E-02
  0.234375000      0.203125000     -0.104831353       7.76926503E-02   1.27895866E-02
  0.265625000      0.203125000     -0.120282188       7.93149173E-02   1.16868410E-02
  0.296875000      0.203125000     -0.134883851       7.87033141E-02   1.04939984E-02
  0.328125000      0.203125000     -0.148378149       7.58224726E-02   9.26382281E-03
  0.359375000      0.203125000     -0.160542071       7.06933662E-02   8.06060061E-03
  0.390625000      0.203125000     -0.171186149       6.33870810E-02   6.95547368E-03
  0.421875000      0.203125000     -0.180149764       5.40168807E-02   6.02085376E-03
  0.453125000      0.203125000     -0.187295288       4.27303761E-02   5.32436557E-03
  0.484375000      0.203125000     -0.192503124       2.97034346E-02   4.92241280E-03
  0.515625000      0.203125000     -0.195669323       1.51367541E-02   4.85376036E-03
  0.546875000      0.203125000     -0.196707219      -7.44401128E-04   5.13326935E-03
  0.578125000      0.203125000     -0.195553467      -1.76885128E-02   5.78678446E-03
  0.609375000      0.203125000     -0.192135602      -3.53810675E-02   6.81567006E-03
  0.640625000      0.203125000     -0.186345458      -5.33398241E-02   8.15932918E-03
  0.671875000      0.203125000     -0.178047150      -7.09364265E-02   9.72777419E-03
  0.703125000      0.203125000     -0.167079046      -8.73399377E-02   1.14045246E-02
  0.734375000      0.203125000     -0.153271705     -0.101440579       1.30532570E-02
  0.765625000      0.203125000     -0.136491299     -0.111774310       1.45299463E-02
  0.796875000      0.203125000     -0.116720237     -0.116477355       1.57014467E-02
  0.828125000      0.203125000      -9.41940919E-02 -0.113331363       1.64698362E-02
  0.859375000      0.203125000      -6.96289241E-02 -0.100037724       1.67989619E-02
  0.890625000      0.203125000      -4.45987731E-02  -7.50737786E-02   1.67361796E-02
  0.921875000      0.203125000      -2.21006759E-02  -4.00612988E-02   1.64147746E-02
  0.953125000      0.203125000      -6.62655057E-03  -5.16971853E-03   1.60111208E-02
  0.984375000      0.203125000      -6.42150524E-04   8.80361628E-03   1.57074481E-02
   1.56250000E-02  0.234375000      -3.63405072E-03   1.72938798E-02   1.66342612E-02
   4.68750000E-02  0.234375000      -1.38856219E-02   4.00221981E-02   1.62995569E-02
   7.81250000E-02  0.234375000      -2.81807110E-02   5.54131567E-02   1.59259662E-02
  0.109375000      0.234375000      -4.39128764E-02   6.72124028E-02   1.54206837E-02
  0.140625000      0.234375000      -6.01399206E-02   7.68212900E-02   1.47458762E-02
  0.171875000      0.234375000      -7.64510185E-02   8.44647884E-02   1.38858771E-02
  0.203125000      0.234375000      -9.25632417E-02   9.00095552E-02   1.28390230E-02
  0.234375000      0.234375000     -0.108220458       9.32783633E-02   1.16183516E-02
  0.265625000      0.234375000     -0.123182230       9.41397250E-02   1.02531528E-02
  0.296875000      0.234375000     -0.137230039       9.25264508E-02   8.78882408E-03
  0.328125000      0.234375000     -0.150171816       8.84344652E-02   7.28489365E-03
  0.359375000      0.234375000     -0.161842123       8.19151402E-02   5.81139373E-03
  0.390625000      0.234375000     -0.172098666       7.30659217E-02   4.44416422E-03
  0.421875000      0.234375000     -0.180817723       6.20210990E-02   3.25942598E-03
  0.453125000      0.234375000     -0.187890053       4.89446893E-02   2.32794834E-03
  0.484375000      0.234375000     -0.193218797       3.40265557E-02   1.70906191E-03
  0.515625000      0.234375000     -0.196720168       1.74821075E-02   1.44452252E-03
  0.546875000      0.234375000     -0.198326558      -4.44574631E-04   1.55267050E-03
  0.578125000      0.234375000     -0.197992742      -1.94751471E-02   2.07443675E-03
  0.609375000      0.234375000     -0.195662424      -3.93420830E-02   3.03297513E-03
  0.640625000      0.234375000     -0.191225260      -5.96058890E-02   4.38033696E-03
  0.671875000      0.234375000     -0.184505463      -7.96885714E-02   6.04112819E-03
  0.703125000      0.234375000     -0.175256044      -9.88057405E-02   7.91217014E-03
  0.734375000      0.234375000     -0.163170919     -0.115868077       9.86373518E-03
  0.765625000      0.234375000     -0.147925943     -0.129373387       1.17445113E-02
  0.796875000      0.234375000     -0.129263043     -0.137313783       1.33925788E-02
  0.828125000      0.234375000     -0.107137866     -0.137148112       1.46548711E-02
  0.859375000      0.234375000      -8.19683746E-02 -0.125957698       1.54173775E-02
  0.890625000      0.234375000      -5.50526455E-02 -0.101101860       1.56462137E-02
  0.921875000      0.234375000      -2.92611271E-02  -6.23250380E-02   1.54303107E-02
  0.953125000      0.234375000      -9.75653343E-03  -1.78868603E-02   1.49793867E-02
  0.984375000      0.234375000      -1.19135296E-03   6.96938951E-03   1.45636853E-02
   1.56250000E-02  0.265625000      -3.77709931E-03   2.47031804E-02   1.61915291E-02
   4.68750000E-02  0.265625000      -1.43690519E-02   5.34523129E-02   1.58286840E-02
   7.81250000E-02  0.265625000      -2.89955791E-02   7.09002465E-02   1.53887914E-02
  0.109375000      0.265625000      -4.48848791E-02   8.33426416E-02   1.47707723E-02
  0.140625000      0.265625000      -6.10393733E-02   9.30688381E-02   1.39386356E-02
  0.171875000      0.265625000      -7.70547092E-02  0.100540385       1.28823239E-02
  0.203125000      0.265625000      -9.26864892E-02  0.105675206       1.16074448E-02
  0.234375000      0.265625000     -0.107731782      0.108313069       1.01349400E-02
  0.265625000      0.265625000     -0.122007549      0.108341008       8.50187242E-03
  0.296875000      0.265625000     -0.135350302      0.105714813       6.76083239E-03
  0.328125000      0.265625000     -0.147616923      0.100454226       4.97760065E-03
  0.359375000      0.265625000     -0.158683166       9.26322043E-02   3.22751794E-03
  0.390625000      0.265625000     -0.168440998       8.23640376E-02   1.59090897E-03
  0.421875000      0.265625000     -0.176796407       6.97986409E-02   1.47899322E-04
  0.453125000      0.265625000     -0.183668494       5.51130511E-02  -1.02710398E-03
  0.484375000      0.265625000     -0.188990444       3.85105573E-02  -1.87110750E-03
  0.515625000      0.265625000     -0.192711130       2.02219281E-02  -2.33830581E-03
  0.546875000      0.265625000     -0.194796741       5.09361620E-04  -2.40563974E-03
  0.578125000      0.265625000     -0.195231050      -2.03269906E-02  -2.02926877E-03
  0.609375000      0.265625000     -0.193986624      -4.20636162E-02  -1.16045179E-03
  0.640625000      0.265625000     -0.190969139      -6.43379390E-02   1.64980622E-04
  0.671875000      0.265625000     -0.185980201      -8.66645202E-02   1.88743277E-03
  0.703125000      0.265625000     -0.178703696     -0.108355314       3.92036838E-03
  0.734375000      0.265625000     -0.168710962     -0.128396422       6.14650920E-03
  0.765625000      0.265625000     -0.155497923     -0.145303532       8.41531530E-03
  0.796875000      0.265625000     -0.138569549     -0.156975806       1.05450945E-02
  0.828125000      0.265625000     -0.117594317     -0.160587758       1.23349801E-02
  0.859375000      0.265625000      -9.26674530E-02 -0.152615979       1.35939904E-02
  0.890625000      0.265625000      -6.47564679E-02 -0.129272074       1.41957328E-02
  0.921875000      0.265625000      -3.64724211E-02  -8.82322714E-02   1.41586866E-02
  0.953125000      0.265625000      -1.32349599E-02  -3.47235501E-02   1.37033705E-02
  0.984375000      0.265625000      -1.88651145E-03   3.89090553E-03   1.31727457E-02
   1.56250000E-02  0.296875000      -3.64433089E-03   3.21228504E-02   1.54265389E-02
   4.68750000E-02  0.296875000      -1.39623899E-02   6.69387430E-02   1.50493551E-02
   7.81250000E-02  0.296875000      -2.82886066E-02   8.63623917E-02   1.45489909E-02
  0.109375000      0.296875000      -4.37997431E-02   9.92770717E-02   1.38229355E-02
  0.140625000      0.296875000      -5.94424158E-02  0.108928144       1.28391003E-02
  0.171875000      0.296875000      -7.48057291E-02  0.116056815       1.15933204E-02
  0.203125000      0.296875000      -8.96705240E-02  0.120653033       1.00982115E-02
  0.234375000      0.296875000     -0.103872672      0.122581057       8.38220585E-03
  0.265625000      0.296875000     -0.117270872      0.121746071       6.48966571E-03
  0.296875000      0.296875000     -0.129740775      0.118122190       4.47988696E-03
  0.328125000      0.296875000     -0.141173512      0.111746624       2.42459727E-03
  0.359375000      0.296875000     -0.151474416      0.102708012       4.04327468E-04
  0.390625000      0.296875000     -0.160562754       9.11360085E-02  -1.49600825E-03
  0.421875000      0.296875000     -0.168372869       7.71941841E-02  -3.19210277E-03
  0.453125000      0.296875000     -0.174856812       6.10758625E-02  -4.60558664E-03
  0.484375000      0.296875000     -0.179987192       4.30025682E-02  -5.66948391E-03
  0.515625000      0.296875000     -0.183757812       2.32238155E-02  -6.33354811E-03
  0.546875000      0.296875000     -0.186180711       2.01852527E-03  -6.56940276E-03
  0.578125000      0.296875000     -0.187279016      -2.03011185E-02  -6.34300988E-03
  0.609375000      0.296875000     -0.187065154      -4.35455814E-02  -5.58041036E-03
  0.640625000      0.296875000     -0.185476303      -6.74604177E-02  -4.30704001E-03
  0.671875000      0.296875000     -0.182311222      -9.16945189E-02  -2.56654038E-03
  0.703125000      0.296875000     -0.177205086     -0.115706787      -4.25929233E-04
  0.734375000      0.296875000     -0.169625401     -0.138616592       2.01621675E-03
  0.765625000      0.296875000     -0.158902198     -0.159019291       4.62004729E-03
  0.796875000      0.296875000     -0.144309312     -0.174781457       7.19676539E-03
  0.828125000      0.296875000     -0.125221521     -0.182845742       9.51036718E-03
  0.859375000      0.296875000     -0.101387434     -0.179120004       1.13003971E-02
  0.890625000      0.296875000      -7.33947605E-02 -0.158673048       1.23426300E-02
  0.921875000      0.296875000      -4.34924960E-02 -0.117019102       1.25604197E-02
  0.953125000      0.296875000      -1.70451682E-02  -5.56230396E-02   1.21494262E-02
  0.984375000      0.296875000      -2.80418876E-03  -8.00297013E-04   1.15178563E-02
   1.56250000E-02  0.328125000      -3.28105176E-03   3.90466042E-02   1.43528869E-02
   4.68750000E-02  0.328125000      -1.28085669E-02   7.98569545E-02   1.39746601E-02
   7.81250000E-02  0.328125000      -2.63014622E-02  0.101259455       1.34233674E-02
  0.109375000      0.328125000      -4.09844369E-02  0.114570633       1.26005458E-02
  0.140625000      0.328125000      -5.57455048E-02  0.124035329       1.14792474E-02
  0.171875000      0.328125000      -7.01529980E-02  0.130718023       1.00609371E-02
  0.203125000      0.328125000      -8.39995891E-02  0.134701446       8.36447813E-03
  0.234375000      0.328125000      -9.71466303E-02  0.135880798       6.42493227E-03
  0.265625000      0.328125000     -0.109481148      0.134178787       4.29326808E-03
  0.296875000      0.328125000     -0.120905340      0.129584074       2.03501224E-03
  0.328125000      0.328125000     -0.131333917      0.122147255      -2.72378966E-04
  0.359375000      0.328125000     -0.140694231      0.111970425      -2.54314090E-03
  0.390625000      0.328125000     -0.148928732       9.91988033E-02  -4.68758121E-03
  0.421875000      0.328125000     -0.155999869       8.40154141E-02  -6.61709718E-03
  0.453125000      0.328125000     -0.161895752       6.66375458E-02  -8.24940111E-03
  0.484375000      0.328125000     -0.166634277       4.73130792E-02  -9.51385219E-03
  0.515625000      0.328125000     -0.170262337       2.63153128E-02  -1.03563610E-02
  0.546875000      0.328125000     -0.172847182       3.93801834E-03  -1.07437847E-02
  0.578125000      0.328125000     -0.174460530      -1.95057988E-02  -1.06598577E-02
  0.609375000      0.328125000     -0.175164372      -4.38480079E-02  -1.00132385E-02
  0.640625000      0.328125000     -0.174942940      -6.89656585E-02  -8.82140361E-03
  0.671875000      0.328125000     -0.173614547      -9.46804881E-02  -7.11299432E-03
  0.703125000      0.328125000     -0.170791358     -0.120648250      -4.93383827E-03
  0.734375000      0.328125000     -0.165862277     -0.146182388      -2.35814974E-03
  0.765625000      0.328125000     -0.158011168     -0.170026779       4.95263026E-04
  0.796875000      0.328125000     -0.146290511     -0.190087020       3.44542065E-03
  0.828125000      0.328125000     -0.129777133     -0.203141332       6.23816997E-03
  0.859375000      0.328125000     -0.107850976     -0.204585075       8.55736062E-03
  0.890625000      0.328125000      -8.06746930E-02 -0.188377738       1.00827450E-02
  0.921875000      0.328125000      -5.00511564E-02 -0.147841275       1.06222723E-02
  0.953125000      0.328125000      -2.10647993E-02  -8.02357197E-02   1.03041530E-02
  0.984375000      0.328125000      -3.94475134E-03  -7.54961371E-03   9.58546437E-03
   1.56250000E-02  0.359375000      -2.74219248E-03   4.50683832E-02   1.30173136E-02
   4.68750000E-02  0.359375000      -1.10697551E-02   9.16870087E-02   1.26500307E-02
   7.81250000E-02  0.359375000      -2.32911352E-02  0.115140267       1.20595694E-02
  0.109375000      0.359375000      -3.67732421E-02  0.128851861       1.11554777E-02
  0.140625000      0.359375000      -5.03449701E-02  0.138084382       9.91672650E-03
  0.171875000      0.359375000      -6.35404363E-02  0.144270062       8.34988337E-03
  0.203125000      0.359375000      -7.61521384E-02  0.147606522       6.47909194E-03
  0.234375000      0.359375000      -8.80563557E-02  0.148026586       4.34503239E-03
  0.265625000      0.359375000      -9.91588235E-02  0.145470396       2.00446416E-03
  0.296875000      0.359375000     -0.109379850      0.139938861      -4.71371633E-04
  0.328125000      0.359375000     -0.118651129      0.131494209      -2.99949315E-03
  0.359375000      0.359375000     -0.126917154      0.120252356      -5.48888464E-03
  0.390625000      0.359375000     -0.134140298      0.106377646      -7.84503575E-03
  0.421875000      0.359375000     -0.140308738       9.00796652E-02  -9.97509807E-03
  0.453125000      0.359375000     -0.145445049       7.16092587E-02  -1.17933666E-02
  0.484375000      0.359375000     -0.149611920       5.12507334E-02  -1.32264793E-02
  0.515625000      0.359375000     -0.152910769       2.93085240E-02  -1.42179085E-02
  0.546875000      0.359375000     -0.155468702       6.09146617E-03  -1.47313047E-02
  0.578125000      0.359375000     -0.157413378      -1.80974584E-02  -1.47702266E-02
  0.609375000      0.359375000     -0.158865318      -4.30970564E-02  -1.42399576E-02
  0.640625000      0.359375000     -0.159870625      -6.89295232E-02  -1.31530529E-02
  0.671875000      0.359375000     -0.160292223      -9.56205428E-02  -1.15255257E-02
  0.703125000      0.359375000     -0.159752205     -0.123068884      -9.38213337E-03
  0.734375000      0.359375000     -0.157595485     -0.150845438      -6.76905829E-03
  0.765625000      0.359375000     -0.152888238     -0.177920461      -3.77478404E-03
  0.796875000      0.359375000     -0.144477680     -0.202323467      -5.57188760E-04
  0.828125000      0.359375000     -0.131142825     -0.220752493       2.63134809E-03
  0.859375000      0.359375000     -0.111876681     -0.228166074       5.43848192E-03
  0.890625000      0.359375000      -8.63777548E-02 -0.217472225       7.45810987E-03
  0.921875000      0.359375000      -5.59368096E-02 -0.179811835       8.37167446E-03
  0.953125000      0.359375000      -2.52078362E-02 -0.107981220       8.20143241E-03
  0.984375000      0.359375000      -5.31901326E-03  -1.68136302E-02   7.43306894E-03
   1.56250000E-02  0.390625000      -2.08635395E-03   4.98956628E-02   1.14894509E-02
   4.68750000E-02  0.390625000      -8.91299918E-03  0.102011137       1.11435736E-02
   7.81250000E-02  0.390625000      -1.95126683E-02  0.127634272       1.05270492E-02
  0.109375000      0.390625000      -3.14907804E-02  0.141815543       9.55981575E-03
  0.140625000      0.390625000      -4.36227582E-02  0.150822386       8.22722353E-03
  0.171875000      0.390625000      -5.53965829E-02  0.156499997       6.54045912E-03
  0.203125000      0.390625000      -6.65943548E-02  0.159185469       4.52795811E-03
  0.234375000      0.390625000      -7.70998001E-02  0.158857524       2.23496906E-03
  0.265625000      0.390625000      -8.68316293E-02  0.155474812      -2.76863546E-04
  0.296875000      0.390625000      -9.57241431E-02  0.149049819      -2.93121766E-03
  0.328125000      0.390625000     -0.103723004      0.139655948      -5.63992467E-03
  0.359375000      0.390625000     -0.110787421      0.127424270      -8.30686931E-03
  0.390625000      0.390625000     -0.116896719      0.112541951      -1.08328313E-02
  0.421875000      0.390625000     -0.122060180       9.52514261E-02  -1.31210303E-02
  0.453125000      0.390625000     -0.126327962       7.58459717E-02  -1.50830187E-02
  0.484375000      0.390625000     -0.129799366       5.46568371E-02  -1.66440401E-02
  0.515625000      0.390625000     -0.132622927       3.20293382E-02  -1.77471042E-02
  0.546875000      0.390625000     -0.134981588       8.29164870E-03  -1.83550119E-02
  0.578125000      0.390625000     -0.137059972      -1.62703209E-02  -1.84871592E-02
  0.609375000      0.390625000     -0.139044046      -4.14841846E-02  -1.80632565E-02
  0.640625000      0.390625000     -0.141055211      -6.75222129E-02  -1.70940906E-02
  0.671875000      0.390625000     -0.143027246      -9.46308523E-02  -1.55866854E-02
  0.703125000      0.390625000     -0.144634113     -0.122988716      -1.35474522E-02
  0.734375000      0.390625000     -0.145224810     -0.152489007      -1.09938784E-02
  0.765625000      0.390625000     -0.143789381     -0.182417378      -7.97774922E-03
  0.796875000      0.390625000     -0.138995588     -0.211029202      -4.62003890E-03
  0.828125000      0.390625000     -0.129330546     -0.235045478      -1.15052518E-03
  0.859375000      0.390625000     -0.113385677     -0.249083444       2.06644228E-03
  0.890625000      0.390625000      -9.03597027E-02 -0.245079577       4.55781911E-03
  0.921875000      0.390625000      -6.09690621E-02 -0.212036252       5.87893371E-03
  0.953125000      0.390625000      -2.93088946E-02 -0.138146311       5.91436401E-03
  0.984375000      0.390625000      -6.85691228E-03  -2.89896913E-02   5.14037628E-03
   1.56250000E-02  0.421875000      -1.37437112E-03   5.33553287E-02   9.85050388E-03
   4.68750000E-02  0.421875000      -6.50606956E-03  0.110507481       9.53552034E-03
   7.81250000E-02  0.421875000      -1.52131543E-02  0.138442278       8.90715700E-03
  0.109375000      0.421875000      -2.54455879E-02  0.153216094       7.89659470E-03
  0.140625000      0.421875000      -3.59401144E-02  0.162046880       6.49593258E-03
  0.171875000      0.421875000      -4.61283252E-02  0.167236745       4.72062035E-03
  0.203125000      0.421875000      -5.57727888E-02  0.169290960       2.60251923E-03
  0.234375000      0.421875000      -6.47594854E-02  0.168244973       1.90362261E-04
  0.265625000      0.421875000      -7.30178058E-02  0.164079145      -2.45038304E-03
  0.296875000      0.421875000      -8.04954916E-02  0.156818107      -5.23913559E-03
  0.328125000      0.421875000      -8.71526301E-02  0.146546811      -8.08313396E-03
  0.359375000      0.421875000      -9.29634124E-02  0.133412391      -1.08815767E-02
  0.390625000      0.421875000      -9.79225263E-02  0.117626563      -1.35308225E-02
  0.421875000      0.421875000     -0.102055132       9.94675756E-02  -1.59305818E-02
  0.453125000      0.421875000     -0.105428919       7.92762786E-02  -1.79903377E-02
  0.484375000      0.421875000     -0.108165056       5.74390925E-02  -1.96352229E-02
  0.515625000      0.421875000     -0.110442750       3.43533009E-02  -2.08098572E-02
  0.546875000      0.421875000     -0.112487257       1.03756748E-02  -2.14789342E-02
  0.578125000      0.421875000     -0.114525884      -1.42326923E-02  -2.16683429E-02
  0.609375000      0.421875000     -0.116808891      -3.92503515E-02  -2.13321131E-02
  0.640625000      0.421875000     -0.119542658      -6.50070161E-02  -2.04803199E-02
  0.671875000      0.421875000     -0.122753859      -9.19590741E-02  -1.91158149E-02
  0.703125000      0.421875000     -0.126220629     -0.120583460      -1.72322579E-02
  0.734375000      0.421875000     -0.129362285     -0.151158899      -1.48219112E-02
  0.765625000      0.421875000     -0.131153196     -0.183389366      -1.18978694E-02
  0.796875000      0.421875000     -0.130121812     -0.215880245      -8.53392668E-03
  0.828125000      0.421875000     -0.124477133     -0.245502502      -4.91768029E-03
  0.859375000      0.421875000     -0.112397641     -0.266649604      -1.39870693E-03
  0.890625000      0.421875000      -9.25474018E-02 -0.270388961       1.50959566E-03
  0.921875000      0.421875000      -6.50054589E-02 -0.243659228       3.24858516E-03
  0.953125000      0.421875000      -3.31868492E-02 -0.170002148       3.54315666E-03
  0.984375000      0.421875000      -8.46307073E-03  -4.43097055E-02   2.80942768E-03
   1.56250000E-02  0.453125000      -6.71383459E-04   5.54002188E-02   8.18254985E-03
   4.68750000E-02  0.453125000      -4.01926320E-03  0.116940275       7.90883228E-03
   7.81250000E-02  0.453125000      -1.06304763E-02  0.147325888       7.28415651E-03
  0.109375000      0.453125000      -1.89278461E-02  0.162860781       6.25119451E-03
  0.140625000      0.453125000      -2.76346654E-02  0.171602562       4.80939262E-03
  0.171875000      0.453125000      -3.61164026E-02  0.176350713       2.97830626E-03
  0.203125000      0.453125000      -4.41068597E-02  0.177812397       7.92435487E-04
  0.234375000      0.453125000      -5.14901504E-02  0.176094830      -1.69716217E-03
  0.265625000      0.453125000      -5.82061410E-02  0.171205759      -4.42241458E-03
  0.296875000      0.453125000      -6.42181784E-02  0.163184166      -7.29962159E-03
  0.328125000      0.453125000      -6.95040897E-02  0.152127475      -1.02323741E-02
  0.359375000      0.453125000      -7.40561858E-02  0.138198897      -1.31159015E-02
  0.390625000      0.453125000      -7.78857917E-02  0.121633552      -1.58426836E-02
  0.421875000      0.453125000      -8.10310543E-02  0.102743581      -1.83092691E-02
  0.453125000      0.453125000      -8.35672319E-02   8.19155574E-02  -2.04235222E-02
  0.484375000      0.453125000      -8.56180489E-02   5.95921576E-02  -2.21112166E-02
  0.515625000      0.453125000      -8.73653591E-02   3.62305604E-02  -2.33203806E-02
  0.546875000      0.453125000      -8.90512243E-02   1.22339288E-02  -2.40219366E-02
  0.578125000      0.453125000      -9.09597725E-02  -1.21388044E-02  -2.42270939E-02
  0.609375000      0.453125000      -9.33721066E-02  -3.66442092E-02  -2.39580106E-02
  0.640625000      0.453125000      -9.65309888E-02  -6.17161095E-02  -2.32103914E-02
  0.671875000      0.453125000     -0.100587264      -8.79784524E-02  -2.19908953E-02
  0.703125000      0.453125000     -0.105485246     -0.116195619      -2.02891659E-02
  0.734375000      0.453125000     -0.110800631     -0.147086352      -1.80801414E-02
  0.765625000      0.453125000     -0.115578115     -0.180890560      -1.53416749E-02
  0.796875000      0.453125000     -0.118269086     -0.216716960      -1.20955184E-02
  0.828125000      0.453125000     -0.116831258     -0.251746207      -8.47113971E-03
  0.859375000      0.453125000     -0.109022595     -0.280292451      -4.77664126E-03
  0.890625000      0.453125000      -9.29373279E-02 -0.292680502      -1.53397117E-03
  0.921875000      0.453125000      -6.79527000E-02 -0.273893625       6.07032503E-04
  0.953125000      0.453125000      -3.66877615E-02 -0.202850997       1.20167201E-03
  0.984375000      0.453125000      -1.00497585E-02  -6.28224760E-02   5.51338773E-04
   1.56250000E-02  0.484375000      -4.74972039E-05   5.61184138E-02   6.55824412E-03
   4.68750000E-02  0.484375000      -1.62567536E-03  0.121146634       6.34347368E-03
   7.81250000E-02  0.484375000      -5.99247124E-03  0.154096037       5.73812285E-03
  0.109375000      0.484375000      -1.22089125E-02  0.170603335       4.70389053E-03
  0.140625000      0.484375000      -1.90196522E-02  0.179377019       3.24840541E-03
  0.171875000      0.484375000      -2.57130060E-02  0.183751449       1.39473123E-03
  0.203125000      0.484375000      -3.19839418E-02  0.184673905      -8.20676854E-04
  0.234375000      0.484375000      -3.77098359E-02  0.182344198      -3.34574655E-03
  0.265625000      0.484375000      -4.28415015E-02  0.176806584      -6.11131964E-03
  0.296875000      0.484375000      -4.73613441E-02  0.168118536      -9.03203618E-03
  0.328125000      0.484375000      -5.12699857E-02  0.156391710      -1.20091746E-02
  0.359375000      0.484375000      -5.45833781E-02  0.141804844      -1.49350371E-02
  0.390625000      0.484375000      -5.73344380E-02  0.124613419      -1.76989846E-02
  0.421875000      0.484375000      -5.95771596E-02  0.105157152      -2.01947875E-02
  0.453125000      0.484375000      -6.13927171E-02   8.38593468E-02  -2.23286636E-02
  0.484375000      0.484375000      -6.28974140E-02   6.12095445E-02  -2.40267273E-02
  0.515625000      0.484375000      -6.42526224E-02   3.77213024E-02  -2.52402816E-02
  0.546875000      0.484375000      -6.56768978E-02   1.38587616E-02  -2.59471443E-02
  0.578125000      0.484375000      -6.74593747E-02  -1.00673866E-02  -2.61484794E-02
  0.609375000      0.484375000      -6.98812082E-02  -3.38765197E-02  -2.59205066E-02
  0.640625000      0.484375000      -7.32048601E-02  -5.79966381E-02  -2.52519809E-02
  0.671875000      0.484375000      -7.76956156E-02  -8.31466094E-02  -2.41586417E-02
  0.703125000      0.484375000      -8.35044831E-02 -0.110316679      -2.26357318E-02
  0.734375000      0.484375000      -9.04577225E-02 -0.140693069      -2.06523091E-02
  0.765625000      0.484375000      -9.77852121E-02 -0.175175667      -1.81599446E-02
  0.796875000      0.484375000     -0.103958204     -0.213565111      -1.51301585E-02
  0.828125000      0.484375000     -0.106733158     -0.253558606      -1.16243977E-02
  0.859375000      0.484375000     -0.103447884     -0.289572179      -7.88564514E-03
  0.890625000      0.484375000      -9.15914103E-02 -0.311341226      -4.41058492E-03
  0.921875000      0.484375000      -6.97736964E-02 -0.302034378      -1.90891395E-03
  0.953125000      0.484375000      -3.97073328E-02 -0.236041009      -9.91497887E-04
  0.984375000      0.484375000      -1.15526877E-02  -8.44247937E-02  -1.52136059E-03
   1.56250000E-02  0.515625000       4.94601380E-04   5.56707680E-02   5.05143544E-03
   4.68750000E-02  0.515625000       5.54584083E-04  0.123111293       4.89139790E-03
   7.81250000E-02  0.515625000      -1.53855083E-03  0.158590138       4.33937320E-03
  0.109375000      0.515625000      -5.54907089E-03  0.176335379       3.32362182E-03
  0.140625000      0.515625000      -1.03875799E-02  0.185293943       1.88246206E-03
  0.171875000      0.515625000      -1.52428690E-02  0.189383566       3.92477159E-05
  0.203125000      0.515625000      -1.97587777E-02  0.189829826      -2.16785306E-03
  0.234375000      0.515625000      -2.37973575E-02  0.186954767      -4.68733860E-03
  0.265625000      0.515625000      -2.73199808E-02  0.180853143      -7.45082181E-03
  0.296875000      0.515625000      -3.03315613E-02  0.171607047      -1.03730857E-02
  0.328125000      0.515625000      -3.28604914E-02  0.159345135      -1.33546805E-02
  0.359375000      0.515625000      -3.49523425E-02  0.144261643      -1.62863601E-02
  0.390625000      0.515625000      -3.66682410E-02  0.126629010      -1.90553591E-02
  0.421875000      0.515625000      -3.80850136E-02  0.106806785      -2.15531401E-02
  0.453125000      0.515625000      -3.92962620E-02   8.52423981E-02  -2.36840285E-02
  0.484375000      0.515625000      -4.04143408E-02   6.24551997E-02  -2.53734812E-02
  0.515625000      0.515625000      -4.15737927E-02   3.89961526E-02  -2.65741758E-02
  0.546875000      0.515625000      -4.29377593E-02   1.53778130E-02  -2.72680447E-02
  0.578125000      0.515625000      -4.47099581E-02  -8.02634284E-03  -2.74624284E-02
  0.609375000      0.515625000      -4.71362919E-02  -3.10642663E-02  -2.72507034E-02
  0.640625000      0.515625000      -5.04960865E-02  -5.41206226E-02  -2.66307481E-02
  0.671875000      0.515625000      -5.51082119E-02  -7.79152587E-02  -2.56291777E-02
  0.703125000      0.515625000      -6.13222048E-02 -0.103521049      -2.42559258E-02
  0.734375000      0.515625000      -6.92910478E-02 -0.132562876      -2.24871002E-02
  0.765625000      0.515625000      -7.85650238E-02 -0.166701078      -2.02614591E-02
  0.796875000      0.515625000      -8.77808928E-02 -0.206647962      -1.75094344E-02
  0.828125000      0.515625000      -9.45865884E-02 -0.250892639      -1.42223090E-02
  0.859375000      0.515625000      -9.59180892E-02 -0.294189870      -1.05602806E-02
  0.890625000      0.515625000      -8.86255950E-02 -0.325870931      -6.96226815E-03
  0.921875000      0.515625000      -7.04846978E-02 -0.327462196      -4.16106591E-03
  0.953125000      0.515625000      -4.21943218E-02 -0.268969238      -2.91735772E-03
  0.984375000      0.515625000      -1.29338782E-02 -0.108911201      -3.29721346E-03
   1.56250000E-02  0.546875000       9.88467713E-04   5.41872606E-02   3.73094995E-03
   4.68750000E-02  0.546875000       2.51527410E-03  0.123007067       3.60625749E-03
   7.81250000E-02  0.546875000       2.53417436E-03  0.160767719       3.10726766E-03
  0.109375000      0.546875000       7.55156041E-04  0.179946780       2.16191704E-03
  0.140625000      0.546875000      -2.02349480E-03  0.189299643       7.66318815E-04
  0.171875000      0.546875000      -5.01003349E-03  0.193220288      -1.03432976E-03
  0.203125000      0.546875000      -7.75772473E-03  0.193258077      -3.19575612E-03
  0.234375000      0.546875000      -1.00952713E-02  0.189904839      -5.66987135E-03
  0.265625000      0.546875000      -1.19924210E-02  0.183325857      -8.39140918E-03
  0.296875000      0.546875000      -1.34786144E-02  0.173635960      -1.12771709E-02
  0.328125000      0.546875000      -1.46134095E-02  0.160984516      -1.42287016E-02
  0.359375000      0.546875000      -1.54763404E-02  0.145582169      -1.71367526E-02
  0.390625000      0.546875000      -1.61620565E-02  0.127715677      -1.98875591E-02
  0.421875000      0.546875000      -1.67768225E-02  0.107757553      -2.23708488E-02
  0.453125000      0.546875000      -1.74350180E-02   8.61671418E-02  -2.44888812E-02
  0.484375000      0.546875000      -1.82548575E-02   6.34744838E-02  -2.61652283E-02
  0.515625000      0.546875000      -1.93523504E-02   4.02398258E-02  -2.73516122E-02
  0.546875000      0.546875000      -2.08339095E-02   1.69854946E-02  -2.80308723E-02
  0.578125000      0.546875000      -2.27993801E-02  -5.89076150E-03  -2.82149315E-02
  0.609375000      0.546875000      -2.54035052E-02  -2.81640850E-02  -2.80063711E-02
  0.640625000      0.546875000      -2.88746767E-02  -5.01848496E-02  -2.74083689E-02
  0.671875000      0.546875000      -3.35060991E-02  -7.26028606E-02  -2.64576357E-02
  0.703125000      0.546875000      -3.97782661E-02  -9.63430852E-02  -2.51882635E-02
  0.734375000      0.546875000      -4.81825769E-02 -0.123363905      -2.35943478E-02
  0.765625000      0.546875000      -5.87078109E-02 -0.156097472      -2.16164086E-02
  0.796875000      0.546875000      -7.03548342E-02 -0.196385711      -1.91605147E-02
  0.828125000      0.546875000      -8.08247104E-02 -0.243876785      -1.61542650E-02
  0.859375000      0.546875000      -8.67075771E-02 -0.293989241      -1.26653751E-02
  0.890625000      0.546875000      -8.41893107E-02 -0.335880697      -9.04711895E-03
  0.921875000      0.546875000      -7.01413900E-02 -0.349640071      -6.01668376E-03
  0.953125000      0.546875000      -4.41405810E-02 -0.301081747      -4.45799530E-03
  0.984375000      0.546875000      -1.41771622E-02 -0.136022061      -4.66530118E-03
   1.56250000E-02  0.578125000       1.39468827E-03   5.18037304E-02   2.62352126E-03
   4.68750000E-02  0.578125000       4.19759331E-03  0.121060058       2.54241168E-03
   7.81250000E-02  0.578125000       6.14642352E-03  0.160746217       2.09818175E-03
  0.109375000      0.578125000       6.48784917E-03  0.181405395       1.22277625E-03
  0.140625000      0.578125000       5.75240981E-03  0.191355139      -8.48087075E-05
  0.171875000      0.578125000       4.66768863E-03  0.195236742      -1.79373869E-03
  0.203125000      0.578125000       3.71306366E-03  0.194945365      -3.86786950E-03
  0.234375000      0.578125000       3.08959745E-03  0.191180781      -6.25777245E-03
  0.265625000      0.578125000       2.83360947E-03  0.184206083      -8.90024751E-03
  0.296875000      0.578125000       2.89665884E-03  0.174182683      -1.17155118E-02
  0.328125000      0.578125000       3.18705058E-03  0.161286712      -1.46078169E-02
  0.359375000      0.578125000       3.58841661E-03  0.145746693      -1.74693689E-02
  0.390625000      0.578125000       3.96917714E-03  0.127861768      -2.01865435E-02
  0.421875000      0.578125000       4.18958114E-03  0.108011812      -2.26479732E-02
  0.453125000      0.578125000       4.10911255E-03   8.66577178E-02  -2.47536376E-02
  0.484375000      0.578125000       3.59547208E-03   6.43236041E-02  -2.64239684E-02
  0.515625000      0.578125000       2.53521139E-03   4.15546075E-02  -2.76070889E-02
  0.546875000      0.578125000       8.45249509E-04   1.88482087E-02  -2.82822940E-02
  0.578125000      0.578125000      -1.50314497E-03  -3.43388296E-03  -2.84613930E-02
  0.609375000      0.578125000      -4.51850938E-03  -2.49960329E-02  -2.82537937E-02
  0.640625000      0.578125000      -8.30796827E-03  -4.60871644E-02  -2.76609380E-02
  0.671875000      0.578125000      -1.30884741E-02  -6.72838986E-02  -2.67195627E-02
  0.703125000      0.578125000      -1.93522833E-02  -8.91217887E-02  -2.55055465E-02
  0.734375000      0.578125000      -2.78089345E-02 -0.113720417      -2.40316242E-02
  0.765625000      0.578125000      -3.89193520E-02 -0.144101948      -2.22492926E-02
  0.796875000      0.578125000      -5.22727817E-02 -0.183377862      -2.00663712E-02
  0.828125000      0.578125000      -6.58723190E-02 -0.232812762      -1.73603166E-02
  0.859375000      0.578125000      -7.60877654E-02 -0.288952947      -1.41053572E-02
  0.890625000      0.578125000      -7.84370154E-02 -0.341084480      -1.05481856E-02
  0.921875000      0.578125000      -6.88157827E-02 -0.368104339      -7.35381385E-03
  0.953125000      0.578125000      -4.55632769E-02 -0.331870019      -5.49686002E-03
  0.984375000      0.578125000      -1.52804768E-02 -0.165479556      -5.51308319E-03
   1.56250000E-02  0.609375000       1.69689895E-03   4.87117767E-02   1.73786143E-03
   4.68750000E-02  0.609375000       5.54706156E-03  0.117498145       1.70254172E-03
   7.81250000E-02  0.609375000       9.19978134E-03  0.158705801       1.32653560E-03
  0.109375000      0.609375000       1.15029700E-02  0.180800706       5.43232833E-04
  0.140625000      0.609375000       1.27369817E-02  0.191461235      -6.53612544E-04
  0.171875000      0.609375000       1.35369785E-02  0.195415944      -2.24244129E-03
  0.203125000      0.609375000       1.43834632E-02  0.194875598      -4.19290829E-03
  0.234375000      0.609375000       1.54960994E-02  0.190763474      -6.46333257E-03
  0.265625000      0.609375000       1.69097707E-02  0.183468610      -8.99638981E-03
  0.296875000      0.609375000       1.85536798E-02  0.173216894      -1.17162447E-02
  0.328125000      0.609375000       2.03015916E-02  0.160218656      -1.45293437E-02
  0.359375000      0.609375000       2.19982695E-02  0.144721806      -1.73283815E-02
  0.390625000      0.609375000       2.34741457E-02  0.127035603      -1.99988652E-02
  0.421875000      0.609375000       2.45561022E-02  0.107541561      -2.24275384E-02
  0.453125000      0.609375000       2.50784643E-02   8.66922438E-02  -2.45118756E-02
  0.484375000      0.609375000       2.48958804E-02   6.49915412E-02  -2.61694379E-02
  0.515625000      0.609375000       2.38984525E-02   4.29505482E-02  -2.73454934E-02
  0.546875000      0.609375000       2.20289603E-02   2.10177545E-02  -2.80171074E-02
  0.578125000      0.609375000       1.92920081E-02  -5.12290513E-04  -2.81929746E-02
  0.609375000      0.609375000       1.57956053E-02  -2.14003567E-02  -2.79800501E-02
  0.640625000      0.609375000       1.15845203E-02  -4.16771472E-02  -2.73888521E-02
  0.671875000      0.609375000       6.40963670E-03  -6.17337935E-02  -2.64862031E-02
  0.703125000      0.609375000      -1.11186993E-04  -8.18829983E-02  -2.52942126E-02
  0.734375000      0.609375000      -8.53400026E-03 -0.104075983      -2.38882732E-02
  0.765625000      0.609375000      -1.97276548E-02 -0.131439045      -2.22235974E-02
  0.796875000      0.609375000      -3.40507254E-02 -0.168361485      -2.02576835E-02
  0.828125000      0.609375000      -5.01096100E-02 -0.218168423      -1.78299639E-02
  0.859375000      0.609375000      -6.42920807E-02 -0.279197544      -1.48281725E-02
  0.890625000      0.609375000      -7.14939386E-02 -0.341287374      -1.13792028E-02
  0.921875000      0.609375000      -6.65662289E-02 -0.382449418      -8.06467887E-03
  0.953125000      0.609375000      -4.64821868E-02 -0.360860884      -5.91771211E-03
  0.984375000      0.609375000      -1.62467100E-02 -0.197006658      -5.72258094E-03
   1.56250000E-02  0.640625000       1.88508315E-03   4.51294035E-02   1.06839882E-03
   4.68750000E-02  0.640625000       6.51644357E-03  0.112598121       1.07791647E-03
   7.81250000E-02  0.640625000       1.15925521E-02  0.154876113       7.82753632E-04
  0.109375000      0.640625000       1.56497173E-02  0.178269431       1.16544637E-04
  0.140625000      0.640625000       1.87403541E-02  0.189667672      -9.38391080E-04
  0.171875000      0.640625000       2.13852040E-02  0.193765044      -2.37376965E-03
  0.203125000      0.640625000       2.40330696E-02  0.193033218      -4.16956656E-03
  0.234375000      0.640625000       2.69009508E-02  0.188627183      -6.29282696E-03
  0.265625000      0.640625000       3.00121456E-02  0.181082696      -8.69276933E-03
  0.296875000      0.640625000       3.32691073E-02  0.170705408      -1.12979403E-02
  0.328125000      0.640625000       3.65092903E-02  0.157746285      -1.40169859E-02
  0.359375000      0.640625000       3.95387635E-02  0.142472908      -1.67429745E-02
  0.390625000      0.640625000       4.21521440E-02  0.125200659      -1.93604268E-02
  0.421875000      0.640625000       4.41471487E-02  0.106305353      -2.17541419E-02
  0.453125000      0.640625000       4.53383774E-02   8.62209201E-02  -2.38190331E-02
  0.484375000      0.640625000       4.55716774E-02   6.54183030E-02  -2.54695266E-02
  0.515625000      0.640625000       4.47373986E-02   4.43616062E-02  -2.66470574E-02
  0.546875000      0.640625000       4.27785330E-02   2.34410353E-02  -2.73237638E-02
  0.578125000      0.640625000       3.96961831E-02   2.88948370E-03  -2.75013223E-02
  0.609375000      0.640625000       3.56250964E-02  -1.72291920E-02  -2.72879284E-02
  0.640625000      0.640625000       3.06841061E-02  -3.66911516E-02  -2.66821198E-02
  0.671875000      0.640625000       2.48227976E-02  -5.56789413E-02  -2.57473793E-02
  0.703125000      0.640625000       1.79520156E-02  -7.45420754E-02  -2.45476626E-02
  0.734375000      0.640625000       9.63108428E-03  -9.46695209E-02  -2.31679473E-02
  0.765625000      0.640625000      -1.38244010E-03 -0.118635267      -2.16185786E-02
  0.796875000      0.640625000      -1.60816591E-02 -0.152140468      -1.97999906E-02
  0.828125000      0.640625000      -3.38422209E-02 -0.200567991      -1.75948162E-02
  0.859375000      0.640625000      -5.14828488E-02 -0.264973342      -1.48236640E-02
  0.890625000      0.640625000      -6.34175315E-02 -0.336373925      -1.14860907E-02
  0.921875000      0.640625000      -6.34007379E-02 -0.392306685      -8.05601012E-03
  0.953125000      0.640625000      -4.68927398E-02 -0.387595356      -5.60034765E-03
  0.984375000      0.640625000      -1.70734860E-02 -0.230326861      -5.16263209E-03
   1.56250000E-02  0.671875000       1.95048167E-03   4.12933901E-02   5.97892446E-04
   4.68750000E-02  0.671875000       7.05660693E-03  0.106695630       6.48640329E-04
   7.81250000E-02  0.671875000       1.32113099E-02  0.149546713       4.46337945E-04
  0.109375000      0.671875000       1.87567491E-02  0.173995346      -7.43421042E-05
  0.140625000      0.671875000       2.35517640E-02  0.186055616      -9.49462818E-04
  0.171875000      0.671875000       2.79851649E-02  0.190298945      -2.19213287E-03
  0.203125000      0.671875000       3.24369185E-02  0.189400434      -3.79872113E-03
  0.234375000      0.671875000       3.70902866E-02  0.184740186      -5.74738206E-03
  0.265625000      0.671875000       4.19397801E-02  0.177011311      -7.99432211E-03
  0.296875000      0.671875000       4.68537249E-02  0.166608989      -1.04718246E-02
  0.328125000      0.671875000       5.16317040E-02  0.153828382      -1.30897565E-02
  0.359375000      0.671875000       5.60429916E-02  0.138954565      -1.57406274E-02
  0.390625000      0.671875000       5.98507822E-02  0.122302927      -1.83071345E-02
  0.421875000      0.671875000       6.28296509E-02  0.104234748      -2.06715316E-02
  0.453125000      0.671875000       6.47807270E-02   8.51550400E-02  -2.27255877E-02
  0.484375000      0.671875000       6.55454621E-02   6.54920936E-02  -2.43799724E-02
  0.515625000      0.671875000       6.50145710E-02   4.56589088E-02  -2.55714655E-02
  0.546875000      0.671875000       6.31255805E-02   2.59974152E-02  -2.62662563E-02
  0.578125000      0.671875000       5.98532222E-02   6.69341814E-03  -2.64573954E-02
  0.609375000      0.671875000       5.53306751E-02  -1.24341873E-02  -2.62425411E-02
  0.640625000      0.671875000       4.96926233E-02  -3.09021883E-02  -2.56271455E-02
  0.671875000      0.671875000       4.29586172E-02  -4.88681048E-02  -2.46664062E-02
  0.703125000      0.671875000       3.51596847E-02  -6.66792393E-02  -2.34301575E-02
  0.734375000      0.671875000       2.61787027E-02  -8.52270722E-02  -2.19948385E-02
  0.765625000      0.671875000       1.55314188E-02 -0.106414139      -2.04202570E-02
  0.796875000      0.671875000       1.37930573E-03 -0.135508120      -1.87553596E-02
  0.828125000      0.671875000      -1.72795970E-02 -0.180779308      -1.67164225E-02
  0.859375000      0.671875000      -3.77224423E-02 -0.246677488      -1.41165769E-02
  0.890625000      0.671875000      -5.41545302E-02 -0.326302409      -1.08438432E-02
  0.921875000      0.671875000      -5.92318922E-02 -0.397317410      -7.24439882E-03
  0.953125000      0.671875000      -4.67327833E-02 -0.411591887      -4.40980401E-03
  0.984375000      0.671875000      -1.77411009E-02 -0.265141606      -3.67303379E-03
   1.56250000E-02  0.703125000       1.88029173E-03   3.74620780E-02   2.99644104E-04
   4.68750000E-02  0.703125000       7.10244477E-03  0.100197434       3.85432213E-04
   7.81250000E-02  0.703125000       1.39139164E-02  0.143077403       2.88592855E-04
  0.109375000      0.703125000       2.06199884E-02  0.168211997      -5.32624472E-05
  0.140625000      0.703125000       2.69335434E-02  0.180729583      -7.03709200E-04
  0.171875000      0.703125000       3.30937169E-02  0.185031056      -1.70883653E-03
  0.203125000      0.703125000       3.93668935E-02  0.183943659      -3.08939838E-03
  0.234375000      0.703125000       4.58606482E-02  0.179050833      -4.83779982E-03
  0.265625000      0.703125000       5.25145084E-02  0.171199083      -6.91702077E-03
  0.296875000      0.703125000       5.91510162E-02  0.160873324      -9.26132128E-03
  0.328125000      0.703125000       6.55295774E-02  0.148410827      -1.17796874E-02
  0.359375000      0.703125000       7.13857263E-02  0.134108722      -1.43620763E-02
  0.390625000      0.703125000       7.64570609E-02  0.118274301      -1.68878715E-02
  0.421875000      0.703125000       8.05016458E-02  0.101245031      -1.92356035E-02
  0.453125000      0.703125000       8.33130181E-02   8.33877325E-02  -2.12930441E-02
  0.484375000      0.703125000       8.47323537E-02   6.50809407E-02  -2.29664110E-02
  0.515625000      0.703125000       8.46559331E-02   4.66830172E-02  -2.41874289E-02
  0.546875000      0.703125000       8.30356777E-02   2.84881145E-02  -2.49171704E-02
  0.578125000      0.703125000       7.98676312E-02   1.06484704E-02  -2.51463205E-02
  0.609375000      0.703125000       7.50975460E-02  -7.09155481E-03  -2.49036923E-02
  0.640625000      0.703125000       6.88041002E-02  -2.43086759E-02  -2.42960602E-02
  0.671875000      0.703125000       6.11876510E-02  -4.11069766E-02  -2.33154781E-02
  0.703125000      0.703125000       5.23434840E-02  -5.77936396E-02  -2.20346544E-02
  0.734375000      0.703125000       4.22907062E-02  -7.50759244E-02  -2.05298029E-02
  0.765625000      0.703125000       3.08790654E-02  -9.45040286E-02  -1.88715868E-02
  0.796875000      0.703125000       1.73919126E-02 -0.119777277      -1.71122961E-02
  0.828125000      0.703125000      -6.43435866E-04 -0.159814864      -1.52520034E-02
  0.859375000      0.703125000      -2.29505002E-02 -0.224891588      -1.27534876E-02
  0.890625000      0.703125000      -4.34905849E-02 -0.311116219      -9.44738835E-03
  0.921875000      0.703125000      -5.38164414E-02 -0.397100866      -5.54318819E-03
  0.953125000      0.703125000      -4.58377749E-02 -0.432286978      -2.17327429E-03
  0.984375000      0.703125000      -1.81968585E-02 -0.301079929      -1.03333546E-03
   1.56250000E-02  0.734375000       1.64408237E-03   3.39370482E-02   1.39063384E-04
   4.68750000E-02  0.734375000       6.53993804E-03   9.36029553E-02   2.51705991E-04
   7.81250000E-02  0.734375000       1.34944776E-02  0.135904208       2.76767241E-04
  0.109375000      0.734375000       2.09789127E-02  0.161193132       1.54863024E-04
  0.140625000      0.734375000       2.86113396E-02  0.173801184      -2.18521498E-04
  0.171875000      0.734375000       3.64524201E-02  0.177957326      -9.37035133E-04
  0.203125000      0.734375000       4.45976704E-02  0.176598638      -2.05498189E-03
  0.234375000      0.734375000       5.30253761E-02  0.171474725      -3.58190225E-03
  0.265625000      0.734375000       6.15853891E-02  0.163562387      -5.48616936E-03
  0.296875000      0.734375000       7.00386018E-02  0.153422222      -7.70083070E-03
  0.328125000      0.734375000       7.81013519E-02  0.141423345      -1.01305647E-02
  0.359375000      0.734375000       8.54795873E-02  0.127865285      -1.26599688E-02
  0.390625000      0.734375000       9.18923318E-02  0.113037765      -1.51629830E-02
  0.421875000      0.734375000       9.70883071E-02   9.72456262E-02  -1.75130144E-02
  0.453125000      0.734375000      0.100858577       8.08104947E-02  -1.95928402E-02
  0.484375000      0.734375000      0.103045605       6.40570447E-02  -2.13035084E-02
  0.515625000      0.734375000      0.103546813       4.72874120E-02  -2.25709081E-02
  0.546875000      0.734375000      0.102309078       3.07469182E-02  -2.33493783E-02
  0.578125000      0.734375000       9.93028581E-02   1.45689249E-02  -2.36215461E-02
  0.609375000      0.734375000       9.44300592E-02  -1.36443751E-03  -2.33934708E-02
  0.640625000      0.734375000       8.77658278E-02  -1.70738399E-02  -2.27870345E-02
  0.671875000      0.734375000       7.95180276E-02  -3.24737802E-02  -2.17878092E-02
  0.703125000      0.734375000       6.97860122E-02  -4.78474721E-02  -2.04576738E-02
  0.734375000      0.734375000       5.86564168E-02  -6.38372079E-02  -1.88675672E-02
  0.765625000      0.734375000       4.61480916E-02  -8.18210095E-02  -1.70870200E-02
  0.796875000      0.734375000       3.20265368E-02 -0.104850560      -1.51691828E-02
  0.828125000      0.734375000       1.51205948E-02 -0.139799982      -1.31186917E-02
  0.859375000      0.734375000      -6.99513499E-03 -0.200484037      -1.08026601E-02
  0.890625000      0.734375000      -3.09853386E-02 -0.290994346      -7.29451841E-03
  0.921875000      0.734375000      -4.66649607E-02 -0.391218483      -2.83580553E-03
  0.953125000      0.734375000      -4.38734591E-02 -0.448941052       1.36375148E-03
  0.984375000      0.734375000      -1.83321349E-02 -0.337609559       3.09529644E-03
   1.56250000E-02  0.765625000       1.15718413E-03   3.11349928E-02   7.29054736E-05
   4.68750000E-02  0.765625000       5.12990262E-03   8.75346363E-02   2.06689350E-04
   7.81250000E-02  0.765625000       1.16186142E-02  0.128527254       3.80747544E-04
  0.109375000      0.765625000       1.94822960E-02  0.153220013       5.31934784E-04
  0.140625000      0.765625000       2.82663517E-02  0.165356040       4.95075772E-04
  0.171875000      0.765625000       3.77960429E-02  0.169030249       1.13102702E-04
  0.203125000      0.765625000       4.79224660E-02  0.167253062      -7.10453314E-04
  0.234375000      0.765625000       5.84306084E-02  0.161884069      -2.00342899E-03
  0.265625000      0.765625000       6.90408424E-02  0.153983146      -3.73620447E-03
  0.296875000      0.765625000       7.94354677E-02  0.144154817      -5.83573710E-03
  0.328125000      0.765625000       8.92860889E-02  0.132779390      -8.19788966E-03
  0.359375000      0.765625000       9.82752219E-02  0.120144621      -1.06984507E-02
  0.390625000      0.765625000      0.106112048      0.106512301      -1.32036414E-02
  0.421875000      0.765625000      0.112544149       9.21470597E-02  -1.55803096E-02
  0.453125000      0.765625000      0.117366120       7.73212910E-02  -1.77055337E-02
  0.484375000      0.765625000      0.120424673       6.23053908E-02  -1.94747820E-02
  0.515625000      0.765625000      0.121618301       4.73490395E-02  -2.08079591E-02
  0.546875000      0.765625000      0.120887935       3.26581523E-02  -2.16524657E-02
  0.578125000      0.765625000      0.118191093       1.83653217E-02  -2.19827462E-02
  0.609375000      0.765625000      0.113450423       4.45687864E-03  -2.17945855E-02
  0.640625000      0.765625000      0.106704012      -9.48069151E-03  -2.11933628E-02
  0.671875000      0.765625000       9.80995521E-02  -2.32113656E-02  -2.01843586E-02
  0.703125000      0.765625000       8.77472907E-02  -3.70229445E-02  -1.88054554E-02
  0.734375000      0.765625000       7.57590607E-02  -5.15419729E-02  -1.71174388E-02
  0.765625000      0.765625000       6.22322261E-02  -6.80799633E-02  -1.51790781E-02
  0.796875000      0.765625000       4.71829101E-02  -8.94204378E-02  -1.30326487E-02
  0.828125000      0.765625000       3.02694682E-02 -0.121411249      -1.06781935E-02
  0.859375000      0.765625000       9.40736290E-03 -0.175896227      -8.03925097E-03
  0.890625000      0.765625000      -1.58390608E-02 -0.266347349      -4.33684001E-03
  0.921875000      0.765625000      -3.68930921E-02 -0.379134029       1.07713882E-03
  0.953125000      0.765625000      -4.02257703E-02 -0.460486829       6.61602430E-03
  0.984375000      0.765625000      -1.79452412E-02 -0.373887897       9.27473977E-03
   1.56250000E-02  0.796875000       2.12385203E-04   2.97644921E-02   3.86264255E-05
   4.68750000E-02  0.796875000       2.36883899E-03   8.27738345E-02   2.12769839E-04
   7.81250000E-02  0.796875000       7.72308465E-03  0.121442676       5.84555208E-04
  0.109375000      0.796875000       1.56577565E-02  0.144503802       1.07636792E-03
  0.140625000      0.796875000       2.55458076E-02  0.155397803       1.43794995E-03
  0.171875000      0.796875000       3.68813351E-02  0.158121169       1.43676507E-03
  0.203125000      0.796875000       4.91884276E-02  0.155726910       9.27577319E-04
  0.234375000      0.796875000       6.19887337E-02  0.150100634      -1.33572612E-04
  0.265625000      0.796875000       7.48358667E-02  0.142308801      -1.71275926E-03
  0.296875000      0.796875000       8.73223916E-02  0.132948369      -3.72430030E-03
  0.328125000      0.796875000       9.90788117E-02  0.122379988      -6.05010753E-03
  0.359375000      0.796875000      0.109774239      0.110861465      -8.55373684E-03
  0.390625000      0.796875000      0.119119450       9.86161530E-02  -1.10916775E-02
  0.421875000      0.796875000      0.126871035       8.58628899E-02  -1.35232871E-02
  0.453125000      0.796875000      0.132835239       7.28231445E-02  -1.57196298E-02
  0.484375000      0.796875000      0.136869580       5.97147942E-02  -1.75707862E-02
  0.515625000      0.796875000      0.138880998       4.67388406E-02  -1.89912170E-02
  0.546875000      0.796875000      0.138819963       3.40639949E-02  -1.99226402E-02
  0.578125000      0.796875000      0.136671513       2.18088441E-02  -2.03346275E-02
  0.609375000      0.796875000      0.132437557       9.99174733E-03  -2.02239789E-02
  0.640625000      0.796875000      0.125953645      -1.78193685E-03  -1.96145624E-02
  0.671875000      0.796875000      0.117279612      -1.36288637E-02  -1.86088532E-02
  0.703125000      0.796875000      0.106685303      -2.56567858E-02  -1.71884708E-02
  0.734375000      0.796875000       9.42598805E-02  -3.84931713E-02  -1.53960846E-02
  0.765625000      0.796875000       8.00935626E-02  -5.34351729E-02  -1.32659581E-02
  0.796875000      0.796875000       6.42662421E-02  -7.31890649E-02  -1.08055491E-02
  0.828125000      0.796875000       4.67560068E-02 -0.103220336      -7.96025805E-03
  0.859375000      0.796875000       2.70240903E-02 -0.153495371      -4.56175301E-03
  0.890625000      0.796875000       2.38881540E-03 -0.238869473      -3.06495873E-04
  0.921875000      0.796875000      -2.29891930E-02 -0.360183269       6.56217476E-03
  0.953125000      0.796875000      -3.38129625E-02 -0.465284795       1.42846927E-02
  0.984375000      0.796875000      -1.66760869E-02 -0.408510625       1.84727125E-02
   1.56250000E-02  0.828125000      -1.43367867E-03   3.09847128E-02  -3.10727119E-05
   4.68750000E-02  0.828125000      -2.55047972E-03   8.05114955E-02   1.88264516E-04
   7.81250000E-02  0.828125000       8.72008502E-04  0.114925459       9.05106019E-04
  0.109375000      0.828125000       8.91980436E-03  0.135035664       1.81031879E-03
  0.140625000      0.828125000       2.01256871E-02  0.143769085       2.62139598E-03
  0.171875000      0.828125000       3.35669629E-02  0.144970268       3.03094555E-03
  0.203125000      0.828125000       4.83824760E-02  0.141752705       2.83582206E-03
  0.234375000      0.828125000       6.37598187E-02  0.135895193       1.98355899E-03
  0.265625000      0.828125000       7.90662766E-02  0.128359348       5.22521383E-04
  0.296875000      0.828125000       9.38111544E-02  0.119665921      -1.44121458E-03
  0.328125000      0.828125000      0.107599035      0.110118464      -3.77080776E-03
  0.359375000      0.828125000      0.120102137       9.99256447E-02  -6.31499058E-03
  0.390625000      0.828125000      0.131047904       8.92630070E-02  -8.91943835E-03
  0.421875000      0.828125000      0.140214831       7.83001781E-02  -1.14358114E-02
  0.453125000      0.828125000      0.147431701       6.72079623E-02  -1.37294829E-02
  0.484375000      0.828125000      0.152576745       5.61541393E-02  -1.56858191E-02
  0.515625000      0.828125000      0.155575037       4.52934951E-02  -1.72146186E-02
  0.546875000      0.828125000      0.156393677       3.47554535E-02  -1.82524770E-02
  0.578125000      0.828125000      0.155034512       2.46285424E-02  -1.87630355E-02
  0.609375000      0.828125000      0.151515990       1.49277765E-02  -1.87351182E-02
  0.640625000      0.828125000      0.145797074       5.48766134E-03  -1.81768779E-02
  0.671875000      0.828125000      0.137772352      -4.19747969E-03  -1.71545930E-02
  0.703125000      0.828125000      0.127592027      -1.43120456E-02  -1.57057177E-02
  0.734375000      0.828125000      0.115480825      -2.53006183E-02  -1.38104428E-02
  0.765625000      0.828125000      0.101466119      -3.84469591E-02  -1.14616985E-02
  0.796875000      0.828125000       8.55782554E-02  -5.64633310E-02  -8.59957282E-03
  0.828125000      0.828125000       6.78263009E-02  -8.46861303E-02  -5.05824760E-03
  0.859375000      0.828125000       4.79487441E-02 -0.132423356      -4.75883251E-04
  0.890625000      0.828125000       2.49332543E-02 -0.212294862       5.74227795E-03
  0.921875000      0.828125000      -2.63893977E-03 -0.333812416       1.41195711E-02
  0.953125000      0.828125000      -2.27383096E-02 -0.460737526       2.55271122E-02
  0.984375000      0.828125000      -1.38744581E-02 -0.439063013       3.23819891E-02
   1.56250000E-02  0.859375000      -4.26639942E-03   3.66835706E-02  -2.12039580E-04
   4.68750000E-02  0.859375000      -1.04119005E-02   8.20721388E-02   9.27529036E-05
   7.81250000E-02  0.859375000      -9.76011343E-03  0.109287299       1.25800213E-03
  0.109375000      0.859375000      -1.42609281E-03  0.124288604       2.74198945E-03
  0.140625000      0.859375000       1.18881091E-02  0.129992500       4.04654117E-03
  0.171875000      0.859375000       2.80828718E-02  0.129107222       4.88160457E-03
  0.203125000      0.859375000       4.59246822E-02  0.124955066       4.97290492E-03
  0.234375000      0.859375000       6.42462969E-02  0.118990988       4.28141933E-03
  0.265625000      0.859375000       8.22679400E-02  0.111933231       2.88534048E-03
  0.296875000      0.859375000       9.94583890E-02  0.104155332       9.18701524E-04
  0.328125000      0.859375000      0.115429513       9.58695412E-02  -1.45985687E-03
  0.359375000      0.859375000      0.129881501       8.72198567E-02  -4.08347510E-03
  0.390625000      0.859375000      0.142577738       7.83280283E-02  -6.78727403E-03
  0.421875000      0.859375000      0.153334528       6.93133622E-02  -9.41595901E-03
  0.453125000      0.859375000      0.162017316       6.02976158E-02  -1.18301893E-02
  0.484375000      0.859375000      0.168538541       5.14011607E-02  -1.39116291E-02
  0.515625000      0.859375000      0.172854900       4.27350029E-02  -1.55664571E-02
  0.546875000      0.859375000      0.174963117       3.43902856E-02  -1.67270377E-02
  0.578125000      0.859375000      0.174893886       2.64251716E-02  -1.73515063E-02
  0.609375000      0.859375000      0.172701821       1.88444816E-02  -1.74216181E-02
  0.640625000      0.859375000      0.168440074       1.15539338E-02  -1.69385523E-02
  0.671875000      0.859375000      0.162025288       4.17746650E-03  -1.59171429E-02
  0.703125000      0.859375000      0.153346658      -3.82707012E-03  -1.44075938E-02
  0.734375000      0.859375000      0.142624468      -1.29520958E-02  -1.24177597E-02
  0.765625000      0.859375000      0.129999787      -2.41569616E-02  -9.83285438E-03
  0.796875000      0.859375000      0.115348771      -4.02164087E-02  -6.47466676E-03
  0.828125000      0.859375000       9.85366702E-02  -6.63721114E-02  -1.98815484E-03
  0.859375000      0.859375000       7.90559575E-02 -0.111383379       4.30641882E-03
  0.890625000      0.859375000       5.55600673E-02 -0.186828792       1.34429969E-02
  0.921875000      0.859375000       2.61631086E-02 -0.302315474       2.62724794E-02
  0.953125000      0.859375000      -3.40509135E-03 -0.442573369       4.22279611E-02
  0.984375000      0.859375000      -8.28094035E-03 -0.461220741       5.39990962E-02
   1.56250000E-02  0.890625000      -9.09626763E-03   5.00448532E-02  -8.85850051E-04
   4.68750000E-02  0.890625000      -2.23298967E-02   8.80868137E-02  -2.75292201E-04
   7.81250000E-02  0.890625000      -2.39703227E-02  0.104257554       1.62725989E-03
  0.109375000      0.890625000      -1.44361444E-02  0.111446157       3.86390253E-03
  0.140625000      0.890625000       2.14717304E-03  0.112933151       5.67503506E-03
  0.171875000      0.890625000       2.23767441E-02  0.109737851       6.94531156E-03
  0.203125000      0.890625000       4.40305769E-02  0.104824588       7.26378942E-03
  0.234375000      0.890625000       6.57833144E-02   9.90433544E-02   6.66166097E-03
  0.265625000      0.890625000       8.68701935E-02   9.27692354E-02   5.26578259E-03
  0.296875000      0.890625000      0.106808037       8.61887783E-02   3.24262842E-03
  0.328125000      0.890625000      0.125265270       7.94064105E-02   7.72391562E-04
  0.359375000      0.890625000      0.142000347       7.24955350E-02  -1.96403102E-03
  0.390625000      0.890625000      0.156833783       6.55231923E-02  -4.79291100E-03
  0.421875000      0.890625000      0.169636399       5.85600808E-02  -7.55358580E-03
  0.453125000      0.890625000      0.180324733       5.16816974E-02  -1.01033458E-02
  0.484375000      0.890625000      0.188858628       4.49643470E-02  -1.23214312E-02
  0.515625000      0.890625000      0.195238322       3.84784304E-02  -1.41115505E-02
  0.546875000      0.890625000      0.199499935       3.22797745E-02  -1.54028181E-02
  0.578125000      0.890625000      0.201708570       2.63989307E-02  -1.61486566E-02
  0.609375000      0.890625000      0.201948136       2.08255611E-02  -1.63236819E-02
  0.640625000      0.890625000      0.200304091       1.54804979E-02  -1.59181803E-02
  0.671875000      0.890625000      0.196820304       1.01507381E-02  -1.49291912E-02
  0.703125000      0.890625000      0.191367283       4.33182810E-03  -1.33441817E-02
  0.734375000      0.890625000      0.183733344      -2.75521679E-03  -1.11661311E-02
  0.765625000      0.890625000      0.174038768      -1.20359771E-02  -8.34026001E-03
  0.796875000      0.890625000      0.162314206      -2.59644166E-02  -4.35944367E-03
  0.828125000      0.890625000      0.148020625      -4.95222956E-02   1.42918073E-03
  0.859375000      0.890625000      0.129819691      -9.05567706E-02   1.02121746E-02
  0.890625000      0.890625000      0.105037555     -0.159383833       2.37576440E-02
  0.921875000      0.890625000       7.05110356E-02 -0.265844345       4.36268821E-02
  0.953125000      0.890625000       2.79717688E-02 -0.406944871       6.85230196E-02
  0.984375000      0.890625000       2.74804793E-03 -0.466756463       8.85998756E-02
   1.56250000E-02  0.921875000      -1.58835743E-02   7.50231445E-02  -3.26160574E-03
   4.68750000E-02  0.921875000      -3.61022800E-02   9.65573043E-02  -1.42571831E-03
   7.81250000E-02  0.921875000      -3.59064937E-02   9.72275287E-02   1.86743971E-03
  0.109375000      0.921875000      -2.16469541E-02   9.46779251E-02   5.13287727E-03
  0.140625000      0.921875000       7.71981664E-04   9.06942040E-02   7.52388733E-03
  0.171875000      0.921875000       2.67408304E-02   8.57732594E-02   9.15057119E-03
  0.203125000      0.921875000       5.32144010E-02   8.06567669E-02   9.59855597E-03
  0.234375000      0.921875000       7.91653544E-02   7.55029023E-02   9.00402572E-03
  0.265625000      0.921875000      0.104023404       7.03608766E-02   7.54702138E-03
  0.296875000      0.921875000      0.127435163       6.52445257E-02   5.42385830E-03
  0.328125000      0.921875000      0.149167329       6.01592176E-02   2.83243111E-03
  0.359375000      0.921875000      0.169059962       5.51139787E-02  -3.57471363E-05
  0.390625000      0.921875000      0.187004551       5.01266643E-02  -3.00078443E-03
  0.421875000      0.921875000      0.202934533       4.52247560E-02  -5.89861302E-03
  0.453125000      0.921875000      0.216821507       4.04431261E-02  -8.58470798E-03
  0.484375000      0.921875000      0.228672668       3.58197913E-02  -1.09370751E-02
  0.515625000      0.921875000      0.238527626       3.13905925E-02  -1.28580937E-02
  0.546875000      0.921875000      0.246453255       2.71827504E-02  -1.42747443E-02
  0.578125000      0.921875000      0.252535850       2.32070126E-02  -1.51367774E-02
  0.609375000      0.921875000      0.256869495       1.94462780E-02  -1.54124452E-02
  0.640625000      0.921875000      0.259538412       1.58364028E-02  -1.50809931E-02
  0.671875000      0.921875000      0.260589123       1.22288503E-02  -1.41202556E-02
  0.703125000      0.921875000      0.259982347       8.31361674E-03  -1.24861114E-02
  0.734375000      0.921875000      0.257473707       3.40482686E-03  -1.00764586E-02
  0.765625000      0.921875000      0.252751559      -3.78109980E-03  -6.79630600E-03
  0.796875000      0.921875000      0.245593131      -1.53393876E-02  -1.98191847E-03
  0.828125000      0.921875000      0.235004857      -3.52699533E-02   5.64179942E-03
  0.859375000      0.921875000      0.218201727      -6.98110312E-02   1.79575868E-02
  0.890625000      0.921875000      0.190355182     -0.127508253       3.78148668E-02
  0.921875000      0.921875000      0.145576149     -0.218422741       6.81247413E-02
  0.953125000      0.921875000       8.18694532E-02 -0.348129332      0.108302593    
  0.984375000      0.921875000       2.27625556E-02 -0.441249013      0.144238219    
   1.56250000E-02  0.953125000      -1.66957695E-02  0.107600838      -1.07657891E-02
   4.68750000E-02  0.953125000      -2.75659654E-02   9.50646996E-02  -3.74945579E-03
   7.81250000E-02  0.953125000      -8.21331888E-03   7.91671574E-02   2.08640145E-03
  0.109375000      0.953125000       2.15031356E-02   6.87572956E-02   6.58737309E-03
  0.140625000      0.953125000       5.44017479E-02   6.12918101E-02   9.70408320E-03
  0.171875000      0.953125000       8.77221972E-02   5.58806062E-02   1.14633730E-02
  0.203125000      0.953125000      0.120412394       5.13800010E-02   1.19159361E-02
  0.234375000      0.953125000      0.151825622       4.74102609E-02   1.12507064E-02
  0.265625000      0.953125000      0.181638062       4.37785126E-02   9.68453940E-03
  0.296875000      0.953125000      0.209674597       4.03750204E-02   7.43461819E-03
  0.328125000      0.953125000      0.235833198       3.71353962E-02   4.71013132E-03
  0.359375000      0.953125000      0.260053605       3.40232253E-02   1.70853548E-03
  0.390625000      0.953125000      0.282304823       3.10210623E-02  -1.38735573E-03
  0.421875000      0.953125000      0.302580714       2.81248465E-02  -4.41230042E-03
  0.453125000      0.953125000      0.320898294       2.53395326E-02  -7.22148828E-03
  0.484375000      0.953125000      0.337296993       2.26751100E-02  -9.69290640E-03
  0.515625000      0.953125000      0.351836562       2.01427229E-02  -1.17286304E-02
  0.546875000      0.953125000      0.364593089       1.77505463E-02  -1.32545382E-02
  0.578125000      0.953125000      0.375652671       1.54990684E-02  -1.42178209E-02
  0.609375000      0.953125000      0.385100842       1.33741517E-02  -1.45815779E-02
  0.640625000      0.953125000      0.393006325       1.13354446E-02  -1.43151209E-02
  0.671875000      0.953125000      0.399394035       9.29212477E-03  -1.33766904E-02
  0.703125000      0.953125000      0.404203564       7.04743806E-03  -1.16830217E-02
  0.734375000      0.953125000      0.407238007       4.14416939E-03  -9.05354042E-03
  0.765625000      0.953125000      0.408071339      -6.33772404E-04  -5.10852924E-03
  0.796875000      0.953125000      0.405636191      -8.89663957E-03   1.07407989E-03
  0.828125000      0.953125000      0.397527605      -2.30208188E-02   1.12039531E-02
  0.859375000      0.953125000      0.379280865      -4.70167547E-02   2.80519743E-02
  0.890625000      0.953125000      0.343734056      -8.69170502E-02   5.58157824E-02
  0.921875000      0.953125000      0.281049371     -0.151559085       9.95828956E-02
  0.953125000      0.953125000      0.181803644     -0.252049863      0.162078142    
  0.984375000      0.953125000       6.10319078E-02 -0.357457876      0.229457498    
   1.56250000E-02  0.984375000       6.21473640E-02   6.21478818E-02  -2.84812376E-02
   4.68750000E-02  0.984375000      0.168912977       4.46190163E-02  -3.16416891E-03
   7.81250000E-02  0.984375000      0.246349782       3.28194275E-02   5.59372921E-03
  0.109375000      0.984375000      0.305450618       2.62832679E-02   1.01901377E-02
  0.140625000      0.984375000      0.354022384       2.22905464E-02   1.29559347E-02
  0.171875000      0.984375000      0.395944715       1.96339339E-02   1.43582895E-02
  0.203125000      0.984375000      0.433226228       1.76497903E-02   1.45232193E-02
  0.234375000      0.984375000      0.466911316       1.60373487E-02   1.36213154E-02
  0.265625000      0.984375000      0.497596562       1.46496249E-02   1.18528241E-02
  0.296875000      0.984375000      0.525652647       1.34079177E-02   9.42516886E-03
  0.328125000      0.984375000      0.551326871       1.22672999E-02   6.54153991E-03
  0.359375000      0.984375000      0.574794888       1.12013752E-02   3.39539722E-03
  0.390625000      0.984375000      0.596190810       1.01949619E-02   1.66558268E-04
  0.421875000      0.984375000      0.615625918       9.24010482E-03  -2.98213423E-03
  0.453125000      0.984375000      0.633199811       8.33352655E-03  -5.90771204E-03
  0.484375000      0.984375000      0.649008632       7.47480989E-03  -8.48951470E-03
  0.515625000      0.984375000      0.663148820       6.66479068E-03  -1.06302788E-02
  0.546875000      0.984375000      0.675718367       5.90406591E-03  -1.22556621E-02
  0.578125000      0.984375000      0.686814547       5.19143185E-03  -1.33114979E-02
  0.609375000      0.984375000      0.696528018       4.52149892E-03  -1.37573257E-02
  0.640625000      0.984375000      0.704930782       3.88088031E-03  -1.35552092E-02
  0.671875000      0.984375000      0.712051094       3.23921721E-03  -1.26469014E-02
  0.703125000      0.984375000      0.717815995       2.52574775E-03  -1.09080877E-02
  0.734375000      0.984375000      0.721893847       1.55255152E-03  -8.03221203E-03
  0.765625000      0.984375000      0.723230839      -2.14597734E-04  -3.19434912E-03
  0.796875000      0.984375000      0.719680905      -3.33396392E-03   4.55918955E-03
  0.828125000      0.984375000      0.707773328      -8.57177190E-03   1.71634890E-02
  0.859375000      0.984375000      0.681873798      -1.73253063E-02   3.81479077E-02
  0.890625000      0.984375000      0.632675529      -3.18701938E-02   7.27908909E-02
  0.921875000      0.984375000      0.544774532      -5.60277551E-02  0.128154337    
  0.953125000      0.984375000      0.392587364      -9.61561799E-02  0.211442828    
  0.984375000      0.984375000      0.148214772     -0.148213834      0.323060781    
