 VARIABLES="X","Y","U","V","P"
 ZONE F=POINT, I=          32 , J=          32
   1.56250000E-02   1.56250000E-02   4.05198836E-04  -4.05860657E-04   1.65313780E-02
   4.68750000E-02   1.56250000E-02   1.31654274E-03  -5.06934884E-04   1.64923761E-02
   7.81250000E-02   1.56250000E-02   2.08065659E-03  -2.59275315E-04   1.63540822E-02
  0.109375000       1.56250000E-02   2.25745374E-03   7.92368155E-05   1.61397718E-02
  0.140625000       1.56250000E-02   1.75739254E-03   4.16400464E-04   1.58684831E-02
  0.171875000       1.56250000E-02   6.01572567E-04   7.34168047E-04   1.55525347E-02
  0.203125000       1.56250000E-02  -1.18351809E-03   1.04541436E-03   1.51977250E-02
  0.234375000       1.56250000E-02  -3.59527790E-03   1.36110315E-03   1.48112578E-02
  0.265625000       1.56250000E-02  -6.64203893E-03   1.68100325E-03   1.44074960E-02
  0.296875000       1.56250000E-02  -1.03169996E-02   1.98994903E-03   1.40078086E-02
  0.328125000       1.56250000E-02  -1.45741785E-02   2.26376276E-03   1.36416778E-02
  0.359375000       1.56250000E-02  -1.93145685E-02   2.47354526E-03   1.33456495E-02
  0.390625000       1.56250000E-02  -2.43803561E-02   2.58938107E-03   1.31611889E-02
  0.421875000       1.56250000E-02  -2.95563303E-02   2.58378754E-03   1.31315952E-02
  0.453125000       1.56250000E-02  -3.45775634E-02   2.43454985E-03   1.32980905E-02
  0.484375000       1.56250000E-02  -3.91418487E-02   2.12660921E-03   1.36952205E-02
  0.515625000       1.56250000E-02  -4.29249667E-02   1.65305496E-03   1.43456934E-02
  0.546875000       1.56250000E-02  -4.55978326E-02   1.01595349E-03   1.52546717E-02
  0.578125000       1.56250000E-02  -4.68480326E-02   2.29747544E-04   1.64036341E-02
  0.609375000       1.56250000E-02  -4.64228019E-02  -6.59658341E-04   1.77189652E-02
  0.640625000       1.56250000E-02  -4.40534502E-02  -1.71387219E-03   1.90698877E-02
  0.671875000       1.56250000E-02  -3.95335443E-02  -2.80958554E-03   2.03404352E-02
  0.703125000       1.56250000E-02  -3.29289883E-02  -3.79773229E-03   2.13926118E-02
  0.734375000       1.56250000E-02  -2.46217772E-02  -4.51137777E-03   2.20942385E-02
  0.765625000       1.56250000E-02  -1.53432311E-02  -4.76822350E-03   2.23544370E-02
  0.796875000       1.56250000E-02  -6.18454069E-03  -4.39085579E-03   2.21621040E-02
  0.828125000       1.56250000E-02   1.46101438E-03  -3.25478613E-03   2.16203369E-02
  0.859375000       1.56250000E-02   6.21907832E-03  -1.50340830E-03   2.09143776E-02
  0.890625000       1.56250000E-02   7.56191928E-03   1.60078605E-04   2.02433374E-02
  0.921875000       1.56250000E-02   6.16626348E-03   1.23462570E-03   1.97601430E-02
  0.953125000       1.56250000E-02   3.36330570E-03   1.56703661E-03   1.95138790E-02
  0.984375000       1.56250000E-02   8.97769060E-04   8.97078600E-04   1.94951426E-02
   1.56250000E-02   4.68750000E-02   5.07222838E-04  -1.31890015E-03   1.65690631E-02
   4.68750000E-02   4.68750000E-02   1.35147735E-03  -1.35105685E-03   1.65248066E-02
   7.81250000E-02   4.68750000E-02   1.36385940E-03  -1.94573731E-04   1.63964685E-02
  0.109375000       4.68750000E-02  -1.22243655E-04   1.31851621E-03   1.62077043E-02
  0.140625000       4.68750000E-02  -3.27538606E-03   2.82235816E-03   1.59685425E-02
  0.171875000       4.68750000E-02  -8.04426055E-03   4.24276246E-03   1.56850498E-02
  0.203125000       4.68750000E-02  -1.43283959E-02   5.59458369E-03   1.53595125E-02
  0.234375000       4.68750000E-02  -2.19964627E-02   6.87987171E-03   1.49967652E-02
  0.265625000       4.68750000E-02  -3.08618918E-02   8.06278642E-03   1.46079641E-02
  0.296875000       4.68750000E-02  -4.06630263E-02   9.07333381E-03   1.42121473E-02
  0.328125000       4.68750000E-02  -5.10625951E-02   9.82724223E-03   1.38369640E-02
  0.359375000       4.68750000E-02  -6.16608895E-02   1.02400994E-02   1.35180950E-02
  0.390625000       4.68750000E-02  -7.20162317E-02   1.02365119E-02   1.32973669E-02
  0.421875000       4.68750000E-02  -8.16665366E-02   9.75645054E-03   1.32196657E-02
  0.453125000       4.68750000E-02  -9.01487470E-02   8.75943433E-03   1.33288428E-02
  0.484375000       4.68750000E-02  -9.70153064E-02   7.22682755E-03   1.36628291E-02
  0.515625000       4.68750000E-02 -0.101847932       5.16258460E-03   1.42482277E-02
  0.546875000       4.68750000E-02 -0.104269043       2.59385444E-03   1.50948297E-02
  0.578125000       4.68750000E-02 -0.103949577      -4.24612081E-04   1.61912236E-02
  0.609375000       4.68750000E-02 -0.100544006      -3.84299411E-03   1.74179785E-02
  0.640625000       4.68750000E-02  -9.38829631E-02  -7.56667275E-03   1.87044684E-02
  0.671875000       4.68750000E-02  -8.41045678E-02  -1.12595968E-02   1.99250765E-02
  0.703125000       4.68750000E-02  -7.15435147E-02  -1.45164868E-02   2.09421944E-02
  0.734375000       4.68750000E-02  -5.67762181E-02  -1.68688782E-02   2.16273405E-02
  0.765625000       4.68750000E-02  -4.06772941E-02  -1.77886523E-02   2.18944177E-02
  0.796875000       4.68750000E-02  -2.44719982E-02  -1.67339183E-02   2.17371341E-02
  0.828125000       4.68750000E-02  -9.74423252E-03  -1.32840900E-02   2.12542377E-02
  0.859375000       4.68750000E-02   1.60356623E-03  -7.57925352E-03   2.06397735E-02
  0.890625000       4.68750000E-02   7.67800398E-03  -1.18179107E-03   2.00724266E-02
  0.921875000       4.68750000E-02   8.23357608E-03   3.41432099E-03   1.96731593E-02
  0.953125000       4.68750000E-02   5.21010533E-03   5.21007739E-03   1.94732733E-02
  0.984375000       4.68750000E-02   1.56638201E-03   3.35919904E-03   1.94676258E-02
   1.56250000E-02   7.81250000E-02   1.16449075E-04  -1.94180687E-03   1.67149846E-02
   4.68750000E-02   7.81250000E-02  -4.03972575E-04  -1.05112162E-03   1.66421216E-02
   7.81250000E-02   7.81250000E-02  -2.77473824E-03   1.86293782E-03   1.65071376E-02
  0.109375000       7.81250000E-02  -7.35836942E-03   5.32716373E-03   1.63256098E-02
  0.140625000       7.81250000E-02  -1.41079528E-02   8.70976690E-03   1.61010269E-02
  0.171875000       7.81250000E-02  -2.28442699E-02   1.18508004E-02   1.58294197E-02
  0.203125000       7.81250000E-02  -3.33030708E-02   1.47170071E-02   1.55061875E-02
  0.234375000       7.81250000E-02  -4.51464131E-02   1.72543079E-02   1.51314419E-02
  0.265625000       7.81250000E-02  -5.79686537E-02   1.93604194E-02   1.47134382E-02
  0.296875000       7.81250000E-02  -7.13120028E-02   2.09048633E-02   1.42702274E-02
  0.328125000       7.81250000E-02  -8.46877396E-02   2.17572954E-02   1.38301905E-02
  0.359375000       7.81250000E-02  -9.75968614E-02   2.18062531E-02   1.34313321E-02
  0.390625000       7.81250000E-02 -0.109548286       2.09687185E-02   1.31192598E-02
  0.421875000       7.81250000E-02 -0.120073974       1.91943441E-02   1.29437614E-02
  0.453125000       7.81250000E-02 -0.128740937       1.64666381E-02   1.29542481E-02
  0.484375000       7.81250000E-02 -0.135160103       1.28022544E-02   1.31943002E-02
  0.515625000       7.81250000E-02 -0.138992116       8.24890472E-03   1.36957793E-02
  0.546875000       7.81250000E-02 -0.139949337       2.88272765E-03   1.44731971E-02
  0.578125000       7.81250000E-02 -0.137790859      -3.19418707E-03   1.54914884E-02
  0.609375000       7.81250000E-02 -0.132387191      -9.88461636E-03   1.66698191E-02
  0.640625000       7.81250000E-02 -0.123786017      -1.67888347E-02   1.79362372E-02
  0.671875000       7.81250000E-02 -0.112171248      -2.34316252E-02   1.91648901E-02
  0.703125000       7.81250000E-02  -9.78448689E-02  -2.92323381E-02   2.02169679E-02
  0.734375000       7.81250000E-02  -8.12737495E-02  -3.34912688E-02   2.09614504E-02
  0.765625000       7.81250000E-02  -6.31498024E-02  -3.53884138E-02   2.13064421E-02
  0.796875000       7.81250000E-02  -4.44539674E-02  -3.40341479E-02   2.12352108E-02
  0.828125000       7.81250000E-02  -2.65131518E-02  -2.86510624E-02   2.08326150E-02
  0.859375000       7.81250000E-02  -1.10158157E-02  -1.90562550E-02   2.02769674E-02
  0.890625000       7.81250000E-02   3.17234080E-05  -6.82650181E-03   1.97592359E-02
  0.921875000       7.81250000E-02   4.77629621E-03   3.75721278E-03   1.93888079E-02
  0.953125000       7.81250000E-02   4.03784448E-03   8.62527546E-03   1.92166436E-02
  0.984375000       7.81250000E-02   1.34882645E-03   6.27200073E-03   1.92105398E-02
   1.56250000E-02  0.109375000      -6.23535016E-04  -1.43248844E-03   1.69493426E-02
   4.68750000E-02  0.109375000      -3.37260123E-03   1.71247066E-03   1.68262273E-02
   7.81250000E-02  0.109375000      -8.95869266E-03   7.05711031E-03   1.66681353E-02
  0.109375000      0.109375000      -1.70278046E-02   1.27833821E-02   1.64736751E-02
  0.140625000      0.109375000      -2.72289291E-02   1.81981269E-02   1.62337255E-02
  0.171875000      0.109375000      -3.92215773E-02   2.30812319E-02   1.59351360E-02
  0.203125000      0.109375000      -5.26212528E-02   2.73309965E-02   1.55669209E-02
  0.234375000      0.109375000      -6.69849440E-02   3.08303908E-02   1.51255457E-02
  0.265625000      0.109375000      -8.18287134E-02   3.34323458E-02   1.46182766E-02
  0.296875000      0.109375000      -9.66536179E-02   3.49844098E-02   1.40647646E-02
  0.328125000      0.109375000     -0.110968128       3.53543423E-02   1.34972055E-02
  0.359375000      0.109375000     -0.124304630       3.44453529E-02   1.29590882E-02
  0.390625000      0.109375000     -0.136231408       3.22025418E-02   1.25024971E-02
  0.421875000      0.109375000     -0.146361098       2.86141336E-02   1.21839782E-02
  0.453125000      0.109375000     -0.154356480       2.37098020E-02   1.20592238E-02
  0.484375000      0.109375000     -0.159933627       1.75571591E-02   1.21769598E-02
  0.515625000      0.109375000     -0.162862599       1.02568483E-02   1.25725204E-02
  0.546875000      0.109375000     -0.162965387       1.93618925E-03   1.32616702E-02
  0.578125000      0.109375000     -0.160109848      -7.26033514E-03   1.41975563E-02
  0.609375000      0.109375000     -0.154269189      -1.70615762E-02   1.53473532E-02
  0.640625000      0.109375000     -0.145497322      -2.69843712E-02   1.66220088E-02
  0.671875000      0.109375000     -0.133879364      -3.64687033E-02   1.79014821E-02
  0.703125000      0.109375000     -0.119586840      -4.48142290E-02   1.90484859E-02
  0.734375000      0.109375000     -0.102917202      -5.11502400E-02   1.99285522E-02
  0.765625000      0.109375000      -8.43460485E-02  -5.44245839E-02   2.04386991E-02
  0.796875000      0.109375000      -6.45924434E-02  -5.34473062E-02   2.05410421E-02
  0.828125000      0.109375000      -4.46984246E-02  -4.70724925E-02   2.02899668E-02
  0.859375000      0.109375000      -2.61284970E-02  -3.47017683E-02   1.98321119E-02
  0.890625000      0.109375000      -1.08923241E-02  -1.74642950E-02   1.93552785E-02
  0.921875000      0.109375000      -1.29631301E-03   5.43659553E-05   1.89992003E-02
  0.953125000      0.109375000       1.73598737E-03   1.00325402E-02   1.87947042E-02
  0.984375000      0.109375000       8.33729864E-04   8.45290814E-03   1.87532138E-02
   1.56250000E-02  0.140625000      -1.56252738E-03   7.57453847E-04   1.72200501E-02
   4.68750000E-02  0.140625000      -6.82037277E-03   7.53584504E-03   1.70379002E-02
   7.81250000E-02  0.140625000      -1.55926552E-02   1.55951967E-02   1.68426596E-02
  0.109375000      0.140625000      -2.67343540E-02   2.34548599E-02   1.66079737E-02
  0.140625000      0.140625000      -3.96264121E-02   3.06135826E-02   1.63121223E-02
  0.171875000      0.140625000      -5.38466051E-02   3.68671082E-02   1.59354974E-02
  0.203125000      0.140625000      -6.89837039E-02   4.20658216E-02   1.54640544E-02
  0.234375000      0.140625000      -8.45941380E-02   4.60509695E-02   1.48938941E-02
  0.265625000      0.140625000     -0.100217052       4.86598313E-02   1.42345214E-02
  0.296875000      0.140625000     -0.115399182       4.97482568E-02   1.35101341E-02
  0.328125000      0.140625000     -0.129714280       4.92092595E-02   1.27591975E-02
  0.359375000      0.140625000     -0.142775312       4.69826646E-02   1.20323841E-02
  0.390625000      0.140625000     -0.154241294       4.30576839E-02   1.13889920E-02
  0.421875000      0.140625000     -0.163820162       3.74710187E-02   1.08920550E-02
  0.453125000      0.140625000     -0.171268672       3.03025134E-02   1.06023978E-02
  0.484375000      0.140625000     -0.176390052       2.16694325E-02   1.05720889E-02
  0.515625000      0.140625000     -0.179030284       1.17198825E-02   1.08375996E-02
  0.546875000      0.140625000     -0.179074883       6.25633460E-04   1.14129987E-02
  0.578125000      0.140625000     -0.176450267      -1.14262095E-02   1.22713335E-02
  0.609375000      0.140625000     -0.171111137      -2.40730941E-02   1.33912247E-02
  0.640625000      0.140625000     -0.163025439      -3.68289798E-02   1.46888653E-02
  0.671875000      0.140625000     -0.152187914      -4.90789600E-02   1.60511453E-02
  0.703125000      0.140625000     -0.138646126      -6.00381345E-02   1.73446592E-02
  0.734375000      0.140625000     -0.122533277      -6.87089711E-02   1.84320752E-02
  0.765625000      0.140625000     -0.104116082      -7.38545060E-02   1.91963799E-02
  0.796875000      0.140625000      -8.38643610E-02  -7.40230978E-02   1.95708256E-02
  0.828125000      0.140625000      -6.25523999E-02  -6.77030757E-02   1.95664745E-02
  0.859375000      0.140625000      -4.14130278E-02  -5.37808463E-02   1.92821827E-02
  0.890625000      0.140625000      -2.23628320E-02  -3.26717906E-02   1.88780297E-02
  0.921875000      0.140625000      -8.10138416E-03  -8.59562494E-03   1.85034871E-02
  0.953125000      0.140625000      -9.85875027E-04   8.53388570E-03   1.82418339E-02
  0.984375000      0.140625000       2.90222932E-04   9.57600586E-03   1.81370694E-02
   1.56250000E-02  0.171875000      -2.47343886E-03   4.79873829E-03   1.74485091E-02
   4.68750000E-02  0.171875000      -1.00017143E-02   1.62896756E-02   1.72067899E-02
   7.81250000E-02  0.171875000      -2.14046463E-02   2.70214677E-02   1.69607848E-02
  0.109375000      0.171875000      -3.48600298E-02   3.66250724E-02   1.66566540E-02
  0.140625000      0.171875000      -4.95849401E-02   4.50534336E-02   1.62628945E-02
  0.171875000      0.171875000      -6.51412904E-02   5.21906987E-02   1.57576911E-02
  0.203125000      0.171875000      -8.11470747E-02   5.78673966E-02   1.51281739E-02
  0.234375000      0.171875000      -9.72106382E-02   6.19039312E-02   1.43738519E-02
  0.265625000      0.171875000     -0.112938963       6.41403049E-02   1.35094309E-02
  0.296875000      0.171875000     -0.127957970       6.44556955E-02   1.25656836E-02
  0.328125000      0.171875000     -0.141927481       6.27793670E-02   1.15883779E-02
  0.359375000      0.171875000     -0.154548943       5.90942316E-02   1.06354309E-02
  0.390625000      0.171875000     -0.165567309       5.34348711E-02   9.77264252E-03
  0.421875000      0.171875000     -0.174769044       4.58823591E-02   9.06828046E-03
  0.453125000      0.171875000     -0.181977332       3.65576297E-02   8.58690962E-03
  0.484375000      0.171875000     -0.187046438       2.56146230E-02   8.38274974E-03
  0.515625000      0.171875000     -0.189856857       1.32342568E-02   8.49293638E-03
  0.546875000      0.171875000     -0.190313488      -3.80083773E-04   8.93083401E-03
  0.578125000      0.171875000     -0.188348174      -1.50050726E-02   9.69753321E-03
  0.609375000      0.171875000     -0.183890924      -3.02873142E-02   1.07798921E-02
  0.640625000      0.171875000     -0.176856473      -4.57328483E-02   1.21048726E-02
  0.671875000      0.171875000     -0.167165205      -6.07027262E-02   1.35695674E-02
  0.703125000      0.171875000     -0.154753953      -7.43668601E-02   1.50473733E-02
  0.734375000      0.171875000     -0.139600292      -8.56466442E-02   1.63997840E-02
  0.765625000      0.171875000     -0.121767744      -9.31667536E-02   1.74950976E-02
  0.796875000      0.171875000     -0.101481229      -9.52495635E-02   1.82333365E-02
  0.828125000      0.171875000      -7.92482793E-02  -9.00222212E-02   1.85730942E-02
  0.859375000      0.171875000      -5.60555942E-02  -7.57946819E-02   1.85508877E-02
  0.890625000      0.171875000      -3.36839184E-02  -5.20809777E-02   1.82794407E-02
  0.921875000      0.171875000      -1.50814280E-02  -2.20515430E-02   1.79101806E-02
  0.953125000      0.171875000      -3.78595176E-03   3.57784634E-03   1.75689943E-02
  0.984375000      0.171875000      -1.98332302E-04   9.66749340E-03   1.73758324E-02
   1.56250000E-02  0.203125000      -3.19502898E-03   1.04735121E-02   1.75353996E-02
   4.68750000E-02  0.203125000      -1.24344183E-02   2.73933895E-02   1.72413886E-02
   7.81250000E-02  0.203125000      -2.56907754E-02   4.05831784E-02   1.69339534E-02
  0.109375000      0.203125000      -4.06594649E-02   5.14870510E-02   1.65359508E-02
  0.140625000      0.203125000      -5.64618334E-02   6.07109889E-02   1.60105545E-02
  0.171875000      0.203125000      -7.26712495E-02   6.82844743E-02   1.53376618E-02
  0.203125000      0.203125000      -8.89545530E-02   7.40439594E-02   1.45090735E-02
  0.234375000      0.203125000     -0.104988322       7.78052509E-02   1.35304891E-02
  0.265625000      0.203125000     -0.120458357       7.94210136E-02   1.24237007E-02
  0.296875000      0.203125000     -0.135073543       7.87986666E-02   1.12269484E-02
  0.328125000      0.203125000     -0.148575515       7.59042799E-02   9.99324489E-03
  0.359375000      0.203125000     -0.160741836       7.07600042E-02   8.78701732E-03
  0.390625000      0.203125000     -0.171384096       6.34377003E-02   7.67948013E-03
  0.421875000      0.203125000     -0.180342853       5.40511385E-02   6.74307952E-03
  0.453125000      0.203125000     -0.187481612       4.27482873E-02   6.04541367E-03
  0.484375000      0.203125000     -0.192681640       2.97052525E-02   5.64286672E-03
  0.515625000      0.203125000     -0.195839643       1.51229193E-02   5.57416771E-03
  0.546875000      0.203125000     -0.196869373      -7.73306703E-04   5.85409533E-03
  0.578125000      0.203125000     -0.195708096      -1.77318975E-02   6.50860695E-03
  0.609375000      0.203125000     -0.192283481      -3.54383029E-02   7.53909443E-03
  0.640625000      0.203125000     -0.186486840      -5.34103513E-02   8.88487790E-03
  0.671875000      0.203125000     -0.178182006      -7.10196793E-02   1.04558393E-02
  0.703125000      0.203125000     -0.167207062      -8.74351412E-02   1.21353287E-02
  0.734375000      0.203125000     -0.153392211     -0.101546451       1.37868291E-02
  0.765625000      0.203125000     -0.136603177     -0.111888550       1.52661018E-02
  0.796875000      0.203125000     -0.116821773     -0.116596073       1.64398141E-02
  0.828125000      0.203125000      -9.42829028E-02 -0.113448292       1.72098894E-02
  0.859375000      0.203125000      -6.97018877E-02 -0.100143455       1.75401010E-02
  0.890625000      0.203125000      -4.46522310E-02  -7.51550794E-02   1.74777843E-02
  0.921875000      0.203125000      -2.21317839E-02  -4.01022956E-02   1.71563290E-02
  0.953125000      0.203125000      -6.63758861E-03  -5.16282767E-03   1.67523175E-02
  0.984375000      0.203125000      -6.43460429E-04   8.82513076E-03   1.64481904E-02
   1.56250000E-02  0.234375000      -3.63785401E-03   1.73132103E-02   1.73893925E-02
   4.68750000E-02  0.234375000      -1.39022907E-02   4.00693230E-02   1.70540866E-02
   7.81250000E-02  0.234375000      -2.82172374E-02   5.54853901E-02   1.66796613E-02
  0.109375000      0.234375000      -4.39720079E-02   6.73080012E-02   1.61728952E-02
  0.140625000      0.234375000      -6.02233931E-02   7.69354627E-02   1.54957129E-02
  0.171875000      0.234375000      -7.65595660E-02   8.45902860E-02   1.46323843E-02
  0.203125000      0.234375000      -9.26958621E-02   9.01384875E-02   1.35813896E-02
  0.234375000      0.234375000     -0.108374059       9.34036076E-02   1.23560848E-02
  0.265625000      0.234375000     -0.123351961       9.42556113E-02   1.09861456E-02
  0.296875000      0.234375000     -0.137410149       9.26290601E-02   9.51733347E-03
  0.328125000      0.234375000     -0.150356635       8.85212868E-02   8.00942164E-03
  0.359375000      0.234375000     -0.162026674       8.19848478E-02   6.53257919E-03
  0.390625000      0.234375000     -0.172279119       7.31179118E-02   5.16270008E-03
  0.421875000      0.234375000     -0.180991501       6.20552599E-02   3.97600187E-03
  0.453125000      0.234375000     -0.188055664       4.89612743E-02   3.04323691E-03
  0.484375000      0.234375000     -0.193375662       3.40260416E-02   2.42367340E-03
  0.515625000      0.234375000     -0.196868345       1.74651630E-02   2.15904019E-03
  0.546875000      0.234375000     -0.198466524      -4.77147056E-04   2.26757117E-03
  0.578125000      0.234375000     -0.198125809      -1.95224509E-02   2.79024779E-03
  0.609375000      0.234375000     -0.195790082      -3.94033864E-02   3.75030749E-03
  0.640625000      0.234375000     -0.191348314      -5.96805811E-02   5.09973476E-03
  0.671875000      0.234375000     -0.184624374      -7.97761753E-02   6.76306756E-03
  0.703125000      0.234375000     -0.175370961      -9.89057273E-02   8.63698404E-03
  0.734375000      0.234375000     -0.163281441     -0.115979522       1.05916150E-02
  0.765625000      0.234375000     -0.148031175     -0.129494578       1.24754701E-02
  0.796875000      0.234375000     -0.129361302     -0.137441546       1.41264228E-02
  0.828125000      0.234375000     -0.107226603     -0.137277082       1.53912250E-02
  0.859375000      0.234375000      -8.20439905E-02 -0.126079381       1.61556564E-02
  0.890625000      0.234375000      -5.51106930E-02 -0.101203591       1.63856540E-02
  0.921875000      0.234375000      -2.92972475E-02  -6.23896718E-02   1.61700752E-02
  0.953125000      0.234375000      -9.77044832E-03  -1.78989880E-02   1.57188326E-02
  0.984375000      0.234375000      -1.19317288E-03   6.98741106E-03   1.53025268E-02
   1.56250000E-02  0.265625000      -3.78117152E-03   2.47390531E-02   1.69461519E-02
   4.68750000E-02  0.265625000      -1.43862823E-02   5.35249598E-02   1.65826678E-02
   7.81250000E-02  0.265625000      -2.90323198E-02   7.09978566E-02   1.61417816E-02
  0.109375000      0.265625000      -4.49431688E-02   8.34610462E-02   1.55219398E-02
  0.140625000      0.265625000      -6.11204207E-02   9.32026356E-02   1.46869132E-02
  0.171875000      0.265625000      -7.71588609E-02  0.100682177       1.36266146E-02
  0.203125000      0.265625000      -9.28124785E-02  0.105817139       1.23468656E-02
  0.234375000      0.265625000     -0.107876346      0.108448260       1.08690187E-02
  0.265625000      0.265625000     -0.122165777      0.108464122       9.23059043E-03
  0.296875000      0.265625000     -0.135516495      0.105822280       7.48455059E-03
  0.328125000      0.265625000     -0.147785485      0.100543901       5.69693977E-03
  0.359375000      0.265625000     -0.158849388       9.27030444E-02   3.94323375E-03
  0.390625000      0.265625000     -0.168601304       8.24157149E-02   2.30379147E-03
  0.421875000      0.265625000     -0.176948458       6.98313266E-02   8.58717365E-04
  0.453125000      0.265625000     -0.183811098       5.51273003E-02  -3.17630620E-04
  0.484375000      0.265625000     -0.189123362       3.85071337E-02  -1.16231933E-03
  0.515625000      0.265625000     -0.192834824       2.02017762E-02  -1.62959134E-03
  0.546875000      0.265625000     -0.194912121       4.73547494E-04  -1.69651676E-03
  0.578125000      0.265625000     -0.195339978      -2.03773268E-02  -1.31924707E-03
  0.609375000      0.265625000     -0.194091260      -4.21276130E-02  -4.48970037E-04
  0.640625000      0.265625000     -0.191070810      -6.44149780E-02   8.78469902E-04
  0.671875000      0.265625000     -0.186079830      -8.67542550E-02   2.60343170E-03
  0.703125000      0.265625000     -0.178801805     -0.108457491       4.63929446E-03
  0.734375000      0.265625000     -0.168807566     -0.128510579       6.86867349E-03
  0.765625000      0.265625000     -0.155592352     -0.145428613       9.14090034E-03
  0.796875000      0.265625000     -0.138660342     -0.157109499       1.12741096E-02
  0.828125000      0.265625000     -0.117678881     -0.160725817       1.30671924E-02
  0.859375000      0.265625000      -9.27420110E-02 -0.152750999       1.43288979E-02
  0.890625000      0.265625000      -6.48161620E-02 -0.129392326       1.49324983E-02
  0.921875000      0.265625000      -3.65119167E-02  -8.83202031E-02   1.48962336E-02
  0.953125000      0.265625000      -1.32516446E-02  -3.47576886E-02   1.44407330E-02
  0.984375000      0.265625000      -1.88915082E-03   3.90380458E-03   1.39094191E-02
   1.56250000E-02  0.296875000      -3.64808459E-03   3.21747735E-02   1.61797702E-02
   4.68750000E-02  0.296875000      -1.39784040E-02   6.70361817E-02   1.58019383E-02
   7.81250000E-02  0.296875000      -2.83227488E-02   8.64842609E-02   1.53004453E-02
  0.109375000      0.296875000      -4.38536182E-02   9.94167253E-02   1.45723037E-02
  0.140625000      0.296875000      -5.95169365E-02  0.109079584       1.35851679E-02
  0.171875000      0.296875000      -7.49011487E-02  0.116212621       1.23348646E-02
  0.203125000      0.296875000      -8.97855982E-02  0.120805576       1.08342990E-02
  0.234375000      0.296875000     -0.104004249      0.122723773       9.11235623E-03
  0.265625000      0.296875000     -0.117414191      0.121874064       7.21392687E-03
  0.296875000      0.296875000     -0.129890263      0.118232265       5.19871805E-03
  0.328125000      0.296875000     -0.141323686      0.111837029       3.13873170E-03
  0.359375000      0.296875000     -0.151620686      0.102777988       1.11463072E-03
  0.390625000      0.296875000     -0.160701722       9.11856070E-02  -7.88647041E-04
  0.421875000      0.296875000     -0.168502331       7.72238970E-02  -2.48683989E-03
  0.453125000      0.296875000     -0.174975753       6.10866174E-02  -3.90164950E-03
  0.484375000      0.296875000     -0.180095613       4.29955125E-02  -4.96615702E-03
  0.515625000      0.296875000     -0.183856428       2.32002307E-02  -5.63020632E-03
  0.546875000      0.296875000     -0.186270714       1.97974918E-03  -5.86554036E-03
  0.578125000      0.296875000     -0.187362850      -2.03537904E-02  -5.63821243E-03
  0.609375000      0.296875000     -0.187145561      -4.36111614E-02  -4.87418938E-03
  0.640625000      0.296875000     -0.185555100      -6.75383359E-02  -3.59889120E-03
  0.671875000      0.296875000     -0.182389677      -9.17845592E-02  -1.85596780E-03
  0.703125000      0.296875000     -0.177284032     -0.115808994       2.87517061E-04
  0.734375000      0.296875000     -0.169705257     -0.138730973       2.73293979E-03
  0.765625000      0.296875000     -0.158982664     -0.159145474       5.34035172E-03
  0.796875000      0.296875000     -0.144389182     -0.174918085       7.92083703E-03
  0.828125000      0.296875000     -0.125298500     -0.182989746       1.02381511E-02
  0.859375000      0.296875000     -0.101457819     -0.179265320       1.20315077E-02
  0.890625000      0.296875000      -7.34535083E-02 -0.158809125       1.30762607E-02
  0.921875000      0.296875000      -4.35337611E-02 -0.117128573       1.32953394E-02
  0.953125000      0.296875000      -1.70645881E-02  -5.56803979E-02   1.28843915E-02
  0.984375000      0.296875000      -2.80810287E-03  -7.94680906E-04   1.22521464E-02
   1.56250000E-02  0.328125000      -3.28405970E-03   3.91127616E-02   1.51039343E-02
   4.68750000E-02  0.328125000      -1.28221205E-02   7.99772441E-02   1.47250704E-02
   7.81250000E-02  0.328125000      -2.63310820E-02  0.101403780       1.41725503E-02
  0.109375000      0.328125000      -4.10314798E-02  0.114729613       1.33474506E-02
  0.140625000      0.328125000      -5.58107048E-02  0.124202393       1.22225713E-02
  0.171875000      0.328125000      -7.02367052E-02  0.130885720       1.07993679E-02
  0.203125000      0.328125000      -8.41008499E-02  0.134862423       9.09701735E-03
  0.234375000      0.328125000      -9.72626507E-02  0.136028886       7.15109240E-03
  0.265625000      0.328125000     -0.109607480      0.134309500       5.01313666E-03
  0.296875000      0.328125000     -0.121036619      0.129694641       2.74912431E-03
  0.328125000      0.328125000     -0.131464839      0.122236326       4.36808506E-04
  0.359375000      0.328125000     -0.140820295      0.112037636      -1.83790736E-03
  0.390625000      0.328125000     -0.149046555       9.92445499E-02  -3.98533000E-03
  0.421875000      0.328125000     -0.156107306       8.40406418E-02  -5.91689581E-03
  0.453125000      0.328125000     -0.161991894       6.66436404E-02  -7.55042210E-03
  0.484375000      0.328125000     -0.166719258       4.73016351E-02  -8.81534629E-03
  0.515625000      0.328125000     -0.170337051       2.62880102E-02  -9.65769310E-03
  0.546875000      0.328125000     -0.172913104       3.89646087E-03  -1.00444220E-02
  0.578125000      0.328125000     -0.174520433      -1.95602365E-02  -9.95948724E-03
  0.609375000      0.328125000     -0.175221413      -4.39143255E-02  -9.31147207E-03
  0.640625000      0.328125000     -0.174999237      -6.90433681E-02  -8.11779406E-03
  0.671875000      0.328125000     -0.173671603      -9.47695225E-02  -6.40709838E-03
  0.703125000      0.328125000     -0.170850322     -0.120748863      -4.22519352E-03
  0.734375000      0.328125000     -0.165923908     -0.146294981      -1.64632779E-03
  0.765625000      0.328125000     -0.158075631     -0.170151651       1.21066079E-03
  0.796875000      0.328125000     -0.146357074     -0.190223753       4.16470412E-03
  0.828125000      0.328125000     -0.129843920     -0.203288168       6.96146628E-03
  0.859375000      0.328125000     -0.107914612     -0.204737425       9.28445440E-03
  0.890625000      0.328125000      -8.07302445E-02 -0.188526422       1.08129224E-02
  0.921875000      0.328125000      -5.00925407E-02 -0.147969618       1.13542620E-02
  0.953125000      0.328125000      -2.10864618E-02  -8.03158283E-02   1.10364752E-02
  0.984375000      0.328125000      -3.95007385E-03  -7.55390525E-03   1.03171794E-02
   1.56250000E-02  0.359375000      -2.74417549E-03   4.51460630E-02   1.37655837E-02
   4.68750000E-02  0.359375000      -1.10800434E-02   9.18274075E-02   1.33976797E-02
   7.81250000E-02  0.359375000      -2.33150180E-02  0.115304723       1.28059294E-02
  0.109375000      0.359375000      -3.68119180E-02  0.129028082       1.18994471E-02
  0.140625000      0.359375000      -5.03990948E-02  0.138265043       1.06569547E-02
  0.171875000      0.359375000      -6.36105463E-02  0.144447714       9.08501167E-03
  0.203125000      0.359375000      -7.62377530E-02  0.147774011       7.20806653E-03
  0.234375000      0.359375000      -8.81552324E-02  0.148178145       5.06735221E-03
  0.265625000      0.359375000      -9.92670059E-02  0.145601958       2.72022397E-03
  0.296875000      0.359375000     -0.109492347      0.140048116       2.38419700E-04
  0.328125000      0.359375000     -0.118762843      0.131580174      -2.29475950E-03
  0.359375000      0.359375000     -0.127023667      0.120315075      -4.78815520E-03
  0.390625000      0.359375000     -0.134238273      0.106417984      -7.14724045E-03
  0.421875000      0.359375000     -0.140396073       9.00990814E-02  -9.27924644E-03
  0.453125000      0.359375000     -0.145520806       7.16096684E-02  -1.10985665E-02
  0.484375000      0.359375000     -0.149676234       5.12342602E-02  -1.25319678E-02
  0.515625000      0.359375000     -0.152964622       2.92772837E-02  -1.35230450E-02
  0.546875000      0.359375000     -0.155513644       6.04731869E-03  -1.40355686E-02
  0.578125000      0.359375000     -0.157452404      -1.81531832E-02  -1.40733896E-02
  0.609375000      0.359375000     -0.158901781      -4.31635678E-02  -1.35417450E-02
  0.640625000      0.359375000     -0.159906745      -6.90064579E-02  -1.24530941E-02
  0.671875000      0.359375000     -0.160329551      -9.57079157E-02  -1.08234202E-02
  0.703125000      0.359375000     -0.159792006     -0.123167008      -8.67747609E-03
  0.734375000      0.359375000     -0.157638833     -0.150954962      -6.06141333E-03
  0.765625000      0.359375000     -0.152935818     -0.178042144      -3.06372251E-03
  0.796875000      0.359375000     -0.144529432     -0.202457890       1.57703660E-04
  0.828125000      0.359375000     -0.131197542     -0.220899194       3.35033587E-03
  0.859375000      0.359375000     -0.111931533     -0.228322119       6.16154307E-03
  0.890625000      0.359375000      -8.64281803E-02 -0.217630044       8.18469189E-03
  0.921875000      0.359375000      -5.59767447E-02 -0.179955870       9.10057314E-03
  0.953125000      0.359375000      -2.52309851E-02 -0.108082391       8.93103052E-03
  0.984375000      0.359375000      -5.32565266E-03  -1.68304760E-02   8.16221256E-03
   1.56250000E-02  0.390625000      -2.08717328E-03   4.99816239E-02   1.22346031E-02
   4.68750000E-02  0.390625000      -8.91955383E-03  0.102168314       1.18881408E-02
   7.81250000E-02  0.390625000      -1.95300654E-02  0.127816230       1.12702791E-02
  0.109375000      0.390625000      -3.15202251E-02  0.142006829       1.03005972E-02
  0.140625000      0.390625000      -4.36648242E-02  0.151014775       8.96421541E-03
  0.171875000      0.390625000      -5.54520488E-02  0.156685919       7.27228681E-03
  0.203125000      0.390625000      -6.66633025E-02  0.159357965       5.25354547E-03
  0.234375000      0.390625000      -7.71806836E-02  0.159011081       2.95378291E-03
  0.265625000      0.390625000      -8.69211778E-02  0.155605823       4.35262307E-04
  0.296875000      0.390625000      -9.58178788E-02  0.149156347      -2.22516106E-03
  0.328125000      0.390625000     -0.103816152      0.139737442      -4.93897451E-03
  0.359375000      0.390625000     -0.110875741      0.127481222      -7.60990381E-03
  0.390625000      0.390625000     -0.116976947      0.112575769      -1.01387072E-02
  0.421875000      0.390625000     -0.122130223       9.52641368E-02  -1.24286907E-02
  0.453125000      0.390625000     -0.126386851       7.58400857E-02  -1.43915350E-02
  0.484375000      0.390625000     -0.129847154       5.46350181E-02  -1.59526356E-02
  0.515625000      0.390625000     -0.132660478       3.19941267E-02  -1.70551501E-02
  0.546875000      0.390625000     -0.135010391       8.24513845E-03  -1.76620316E-02
  0.578125000      0.390625000     -0.137082994      -1.63268819E-02  -1.77930240E-02
  0.609375000      0.390625000     -0.139064610      -4.15506661E-02  -1.73677672E-02
  0.640625000      0.390625000     -0.141075283      -6.75984100E-02  -1.63969230E-02
  0.671875000      0.390625000     -0.143048137      -9.47166830E-02  -1.48875080E-02
  0.703125000      0.390625000     -0.144657090     -0.123084366      -1.28459036E-02
  0.734375000      0.390625000     -0.145251200     -0.152595073      -1.02895694E-02
  0.765625000      0.390625000     -0.143820450     -0.182534903      -7.27026863E-03
  0.796875000      0.390625000     -0.139032066     -0.211159512      -3.90893547E-03
  0.828125000      0.390625000     -0.129372060     -0.235189497      -4.35415073E-04
  0.859375000      0.390625000     -0.113430239     -0.249239966       2.78570037E-03
  0.890625000      0.390625000      -9.04033631E-02 -0.245242894       5.28088817E-03
  0.921875000      0.390625000      -6.10060319E-02 -0.212192386       6.60477253E-03
  0.953125000      0.390625000      -2.93324366E-02 -0.138266057       6.64133206E-03
  0.984375000      0.390625000      -6.86447322E-03  -2.90213544E-02   5.86711289E-03
   1.56250000E-02  0.421875000      -1.37400953E-03   5.34461364E-02   1.05924560E-02
   4.68750000E-02  0.421875000      -6.50871499E-03  0.110677704       1.02769360E-02
   7.81250000E-02  0.421875000      -1.52237024E-02  0.138638884       9.64721292E-03
  0.109375000      0.421875000      -2.54653785E-02  0.153420210       8.63418914E-03
  0.140625000      0.421875000      -3.59697118E-02  0.162249237       7.22976541E-03
  0.171875000      0.421875000      -4.61686999E-02  0.167429507       5.44935139E-03
  0.203125000      0.421875000      -5.58246002E-02  0.169467255       3.32506048E-03
  0.234375000      0.421875000      -6.48220107E-02  0.168399543       9.06145200E-04
  0.265625000      0.421875000      -7.30886012E-02  0.164208695      -1.74129149E-03
  0.296875000      0.421875000      -8.05707723E-02  0.156921059      -4.53611556E-03
  0.328125000      0.421875000      -8.72281045E-02  0.146623075      -7.38520268E-03
  0.359375000      0.421875000      -9.30351168E-02  0.133462995      -1.01875616E-02
  0.390625000      0.421875000      -9.79873389E-02  0.117653407      -1.28395427E-02
  0.421875000      0.421875000     -0.102111027       9.94733721E-02  -1.52409179E-02
  0.453125000      0.421875000     -0.105474949       7.92641491E-02  -1.73013434E-02
  0.484375000      0.421875000     -0.108201243       5.74122183E-02  -1.89461168E-02
  0.515625000      0.421875000     -0.110469699       3.43144834E-02  -2.01200303E-02
  0.546875000      0.421875000     -0.112505950       1.03269853E-02  -2.07879599E-02
  0.578125000      0.421875000     -0.114538953      -1.42895691E-02  -2.09762789E-02
  0.609375000      0.421875000     -0.116819337      -3.93169597E-02  -2.06387099E-02
  0.640625000      0.421875000     -0.119551986      -6.50830567E-02  -1.97852664E-02
  0.671875000      0.421875000     -0.122762993      -9.20443237E-02  -1.84188243E-02
  0.703125000      0.421875000     -0.126230538     -0.120677665      -1.65330302E-02
  0.734375000      0.421875000     -0.129374370     -0.151262194      -1.41201131E-02
  0.765625000      0.421875000     -0.131169260     -0.183502704      -1.11931460E-02
  0.796875000      0.421875000     -0.130143434     -0.216005504      -7.82586355E-03
  0.828125000      0.421875000     -0.124505065     -0.245641857      -4.20584297E-03
  0.859375000      0.421875000     -0.112430952     -0.266803801      -6.82800892E-04
  0.890625000      0.421875000      -9.25830007E-02 -0.270554364       2.22945935E-03
  0.921875000      0.421875000      -6.50380254E-02 -0.243823841       3.97157855E-03
  0.953125000      0.421875000      -3.32094952E-02 -0.170137554       4.26771259E-03
  0.984375000      0.421875000      -8.47098790E-03  -4.43575345E-02   3.53401341E-03
   1.56250000E-02  0.453125000      -6.69990026E-04   5.54925613E-02   8.92144348E-03
   4.68750000E-02  0.453125000      -4.01810929E-03  0.117119446       8.64727702E-03
   7.81250000E-02  0.453125000      -1.06340442E-02  0.147534072       8.02123453E-03
  0.109375000      0.453125000      -1.89378336E-02  0.163075536       6.98581757E-03
  0.140625000      0.453125000      -2.76516955E-02  0.171813235       5.54034114E-03
  0.171875000      0.453125000      -3.61415744E-02  0.176549181       3.70429503E-03
  0.203125000      0.453125000      -4.41413596E-02  0.177991718       1.51239557E-03
  0.234375000      0.453125000      -5.15341237E-02  0.176249892      -9.83823440E-04
  0.265625000      0.453125000      -5.82581162E-02  0.171333522      -3.71567323E-03
  0.296875000      0.453125000      -6.42752051E-02  0.163283393      -6.59888657E-03
  0.328125000      0.453125000      -6.95625246E-02  0.152198523      -9.53666959E-03
  0.359375000      0.453125000      -7.41124675E-02  0.138243273      -1.24240387E-02
  0.390625000      0.453125000      -7.79370368E-02  0.121653825      -1.51534490E-02
  0.421875000      0.453125000      -8.10753852E-02  0.102743104      -1.76215339E-02
  0.453125000      0.453125000      -8.36038366E-02   8.18981379E-02  -1.97363272E-02
  0.484375000      0.453125000      -8.56470987E-02   5.95615283E-02  -2.14237981E-02
  0.515625000      0.453125000      -8.73877555E-02   3.61897424E-02  -2.26321500E-02
  0.546875000      0.453125000      -8.90676975E-02   1.21844951E-02  -2.33322810E-02
  0.578125000      0.453125000      -9.09703523E-02  -1.21971723E-02  -2.35369559E-02
  0.609375000      0.453125000      -9.33782905E-02  -3.67116667E-02  -2.32662912E-02
  0.640625000      0.453125000      -9.65350270E-02  -6.17929734E-02  -2.25169845E-02
  0.671875000      0.453125000     -0.100589812      -8.80646110E-02  -2.12955419E-02
  0.703125000      0.453125000     -0.105486706     -0.116290286      -1.95916090E-02
  0.734375000      0.453125000     -0.110802092     -0.147188693      -1.73801258E-02
  0.765625000      0.453125000     -0.115581617     -0.181000873      -1.46389250E-02
  0.796875000      0.453125000     -0.118277162     -0.216837227      -1.13896932E-02
  0.828125000      0.453125000     -0.116845921     -0.251879752      -7.76182674E-03
  0.859375000      0.453125000     -0.109044194     -0.280441999      -4.06345865E-03
  0.890625000      0.453125000      -9.29638743E-02 -0.292844892      -8.16839165E-04
  0.921875000      0.453125000      -6.79796115E-02 -0.274063170       1.32754189E-03
  0.953125000      0.453125000      -3.67082693E-02 -0.202998981       1.92414026E-03
  0.984375000      0.453125000      -1.00574438E-02  -6.28867000E-02   1.27410609E-03
   1.56250000E-02  0.484375000      -4.53718203E-05   5.62095419E-02   7.29440618E-03
   4.68750000E-02  0.484375000      -1.62110385E-03  0.121330120       7.07935542E-03
   7.81250000E-02  0.484375000      -5.98911010E-03  0.154312462       6.47265045E-03
  0.109375000      0.484375000      -1.22090820E-02  0.170826420       5.43598039E-03
  0.140625000      0.484375000      -1.90241784E-02  0.179594457       3.97692155E-03
  0.171875000      0.484375000      -2.57230513E-02  0.183954686       2.11848086E-03
  0.203125000      0.484375000      -3.20011154E-02  0.184855819      -1.02729493E-04
  0.234375000      0.484375000      -3.77351344E-02  0.182499707      -2.63420655E-03
  0.265625000      0.484375000      -4.28744555E-02  0.176932842      -5.40621579E-03
  0.296875000      0.484375000      -4.74000052E-02  0.168214574      -8.33284389E-03
  0.328125000      0.484375000      -5.13114706E-02  0.156458259      -1.13149425E-02
  0.359375000      0.484375000      -5.46246544E-02  0.141843945      -1.42445927E-02
  0.390625000      0.484375000      -5.73729016E-02  0.124628246      -1.70111135E-02
  0.421875000      0.484375000      -5.96109629E-02  0.105151705      -1.95083637E-02
  0.453125000      0.484375000      -6.14208505E-02   8.38380158E-02  -2.16427371E-02
  0.484375000      0.484375000      -6.29195720E-02   6.11764751E-02  -2.33405847E-02
  0.515625000      0.484375000      -6.42688274E-02   3.76795307E-02  -2.45534051E-02
  0.546875000      0.484375000      -6.56872541E-02   1.38092712E-02  -2.52591800E-02
  0.578125000      0.484375000      -6.74653947E-02  -1.01266801E-02  -2.54593771E-02
  0.609375000      0.484375000      -6.98851198E-02  -3.39445993E-02  -2.52300613E-02
  0.640625000      0.484375000      -7.32073039E-02  -5.80748171E-02  -2.45598778E-02
  0.671875000      0.484375000      -7.76959807E-02  -8.32351595E-02  -2.34645624E-02
  0.703125000      0.484375000      -8.35020021E-02 -0.110414147      -2.19393969E-02
  0.734375000      0.484375000      -9.04526189E-02 -0.140797228      -1.99534856E-02
  0.765625000      0.484375000      -9.77793187E-02 -0.175285295      -1.74584556E-02
  0.796875000      0.484375000     -0.103954732     -0.213681549      -1.44257862E-02
  0.828125000      0.484375000     -0.106735453     -0.253686041      -1.09168123E-02
  0.859375000      0.484375000     -0.103457823     -0.289715439      -7.17446348E-03
  0.890625000      0.484375000      -9.16083083E-02 -0.311501831      -3.69557389E-03
  0.921875000      0.484375000      -6.97939843E-02 -0.302205503      -1.19041780E-03
  0.953125000      0.484375000      -3.97246368E-02 -0.236198291      -2.70725286E-04
  0.984375000      0.484375000      -1.15596345E-02  -8.45045298E-02  -8.00022157E-04
   1.56250000E-02  0.515625000       4.97580331E-04   5.57580814E-02   5.78547176E-03
   4.68750000E-02  0.515625000       5.62362606E-04  0.123294868       5.62515436E-03
   7.81250000E-02  0.515625000      -1.52864750E-03  0.158810824       5.07195294E-03
  0.109375000      0.515625000      -5.53953368E-03  0.176564366       4.05377103E-03
  0.140625000      0.515625000      -1.03797317E-02  0.185516626       2.60914280E-03
  0.171875000      0.515625000      -1.52379116E-02  0.189590663       7.61356147E-04
  0.203125000      0.515625000      -1.97586529E-02  0.190014124      -1.45129079E-03
  0.234375000      0.515625000      -2.38037817E-02  0.187111050      -3.97692667E-03
  0.265625000      0.515625000      -2.73334850E-02  0.180978611      -6.74665766E-03
  0.296875000      0.515625000      -3.03512644E-02  0.171700984      -9.67472047E-03
  0.328125000      0.515625000      -3.28844152E-02  0.159408569      -1.26612233E-02
  0.359375000      0.515625000      -3.49780843E-02  0.144297108      -1.55966925E-02
  0.390625000      0.515625000      -3.66935506E-02  0.126640156      -1.83682814E-02
  0.421875000      0.515625000      -3.81081104E-02  0.106798097      -2.08675321E-02
  0.453125000      0.515625000      -3.93159613E-02   8.52186829E-02  -2.29989570E-02
  0.484375000      0.515625000      -4.04299796E-02   6.24207556E-02  -2.46882364E-02
  0.515625000      0.515625000      -4.15850766E-02   3.89539078E-02  -2.58882642E-02
  0.546875000      0.515625000      -4.29448187E-02   1.53285433E-02  -2.65811328E-02
  0.578125000      0.515625000      -4.47140150E-02  -8.08397494E-03  -2.67743431E-02
  0.609375000      0.515625000      -4.71392497E-02  -3.11315581E-02  -2.65613552E-02
  0.640625000      0.515625000      -5.04985675E-02  -5.41996807E-02  -2.59397589E-02
  0.671875000      0.515625000      -5.51089197E-02  -7.80069530E-02  -2.49361321E-02
  0.703125000      0.515625000      -6.13191426E-02 -0.103623375      -2.35604756E-02
  0.734375000      0.515625000      -6.92830831E-02 -0.132671893      -2.17890274E-02
  0.765625000      0.515625000      -7.85530806E-02 -0.166813254      -1.95606332E-02
  0.796875000      0.515625000      -8.77683312E-02 -0.206762806      -1.68057624E-02
  0.828125000      0.515625000      -9.45779383E-02 -0.251014709      -1.35156196E-02
  0.859375000      0.515625000      -9.59168077E-02 -0.294326067      -9.85026266E-03
  0.890625000      0.515625000      -8.86326060E-02 -0.326025605      -6.24865387E-03
  0.921875000      0.515625000      -7.04976842E-02 -0.327631801      -3.44396802E-03
  0.953125000      0.515625000      -4.22075838E-02 -0.269132525      -2.19778041E-03
  0.984375000      0.515625000      -1.29396729E-02 -0.109004609      -2.57684919E-03
   1.56250000E-02  0.546875000       9.92277986E-04   5.42682111E-02   4.46354738E-03
   4.68750000E-02  0.546875000       2.52620410E-03  0.123186871       4.33860580E-03
   7.81250000E-02  0.546875000       2.55020778E-03  0.160988882       3.83843924E-03
  0.109375000      0.546875000       7.73961714E-04  0.180178761       2.89083435E-03
  0.140625000      0.546875000      -2.00342690E-03  0.189525664       1.49188249E-03
  0.171875000      0.546875000      -4.99024568E-03  0.193430200      -3.13153607E-04
  0.203125000      0.546875000      -7.74030108E-03  0.193444490      -2.47987104E-03
  0.234375000      0.546875000      -1.00824898E-02  0.190062299      -4.95990133E-03
  0.265625000      0.546875000      -1.19857723E-02  0.183451504      -7.68750254E-03
  0.296875000      0.546875000      -1.34782847E-02  0.173729211      -1.05789565E-02
  0.328125000      0.546875000      -1.46184154E-02  0.161046684      -1.35353990E-02
  0.359375000      0.546875000      -1.54850464E-02  0.145616099      -1.64472964E-02
  0.390625000      0.546875000      -1.61726847E-02  0.127725378      -1.92007832E-02
  0.421875000      0.546875000      -1.67877991E-02  0.107747830      -2.16856524E-02
  0.453125000      0.546875000      -1.74450967E-02   8.61430094E-02  -2.38043200E-02
  0.484375000      0.546875000      -1.82630830E-02   6.34403378E-02  -2.54805833E-02
  0.515625000      0.546875000      -1.93580948E-02   4.01986092E-02  -2.66663898E-02
  0.546875000      0.546875000      -2.08369084E-02   1.69380233E-02  -2.73447409E-02
  0.578125000      0.546875000      -2.28001736E-02  -5.94589207E-03  -2.75276862E-02
  0.609375000      0.546875000      -2.54038684E-02  -2.82294564E-02  -2.73179263E-02
  0.640625000      0.546875000      -2.88757682E-02  -5.02636358E-02  -2.67182793E-02
  0.671875000      0.546875000      -3.35066915E-02  -7.26972520E-02  -2.57653855E-02
  0.703125000      0.546875000      -3.97756547E-02  -9.64511186E-02  -2.44934205E-02
  0.734375000      0.546875000      -4.81741577E-02 -0.123480245      -2.28966456E-02
  0.765625000      0.546875000      -5.86927272E-02 -0.156215817      -2.09157113E-02
  0.796875000      0.546875000      -7.03356862E-02 -0.196502149      -1.84568707E-02
  0.828125000      0.546875000      -8.08068141E-02 -0.243995130      -1.54476603E-02
  0.859375000      0.546875000      -8.66959542E-02 -0.294118345      -1.19556552E-02
  0.890625000      0.546875000      -8.41865465E-02 -0.336027801      -8.33404809E-03
  0.921875000      0.546875000      -7.01466650E-02 -0.349805415      -5.30026620E-03
  0.953125000      0.546875000      -4.41492423E-02 -0.301247656      -3.73900379E-03
  0.984375000      0.546875000      -1.41815161E-02 -0.136126578      -3.94534878E-03
   1.56250000E-02  0.578125000       1.39921997E-03   5.18762916E-02   3.35536595E-03
   4.68750000E-02  0.578125000       4.21146024E-03  0.121232077       3.27408966E-03
   7.81250000E-02  0.578125000       6.16837759E-03  0.160964191       2.82873516E-03
  0.109375000      0.578125000       6.51546475E-03  0.181637168       1.95115979E-03
  0.140625000      0.578125000       5.78414695E-03  0.191582322       6.40389742E-04
  0.171875000      0.578125000       4.70200367E-03  0.195448130      -1.07273040E-03
  0.203125000      0.578125000       3.74772074E-03  0.195133239      -3.15192388E-03
  0.234375000      0.578125000       3.12190130E-03  0.191339493      -5.54751698E-03
  0.265625000      0.578125000       2.86125904E-03  0.184332699      -8.19589663E-03
  0.296875000      0.578125000       2.91842013E-03  0.174276650      -1.10168131E-02
  0.328125000      0.578125000       3.20284721E-03  0.161349460      -1.39140850E-02
  0.359375000      0.578125000       3.59901460E-03  0.145781264      -1.67796165E-02
  0.390625000      0.578125000       3.97573318E-03  0.127872378      -1.94996614E-02
  0.421875000      0.578125000       4.19330597E-03  0.108003467      -2.19628550E-02
  0.453125000      0.578125000       4.11115959E-03   8.66354704E-02  -2.40693204E-02
  0.484375000      0.578125000       3.59694427E-03   6.42918125E-02  -2.57396847E-02
  0.515625000      0.578125000       2.53712665E-03   4.15161289E-02  -2.69223116E-02
  0.546875000      0.578125000       8.48520664E-04   1.88037511E-02  -2.75966600E-02
  0.578125000      0.578125000      -1.49802526E-03  -3.48597276E-03  -2.77746711E-02
  0.609375000      0.578125000      -4.51301318E-03  -2.50586309E-02  -2.75659189E-02
  0.640625000      0.578125000      -8.30403809E-03  -4.61641029E-02  -2.69714072E-02
  0.671875000      0.578125000      -1.30857313E-02  -6.73794299E-02  -2.60277726E-02
  0.703125000      0.578125000      -1.93483420E-02  -8.92346352E-02  -2.48109568E-02
  0.734375000      0.578125000      -2.78002918E-02 -0.113844939      -2.33338848E-02
  0.765625000      0.578125000      -3.89029421E-02 -0.144229591      -2.15482153E-02
  0.796875000      0.578125000      -5.22493050E-02 -0.183499485      -1.93621013E-02
  0.828125000      0.578125000      -6.58470169E-02 -0.232929811      -1.66529957E-02
  0.859375000      0.578125000      -7.60668889E-02 -0.289075673      -1.33950282E-02
  0.890625000      0.578125000      -7.84249008E-02 -0.341223001      -9.83473938E-03
  0.921875000      0.578125000      -6.88132793E-02 -0.368262887      -6.63722493E-03
  0.953125000      0.578125000      -4.55669872E-02 -0.332035244      -4.77771973E-03
  0.984375000      0.578125000      -1.52831869E-02 -0.165592074      -4.79286583E-03
   1.56250000E-02  0.609375000       1.70197384E-03   4.87743542E-02   2.46959808E-03
   4.68750000E-02  0.609375000       5.56350918E-03  0.117658719       2.43423111E-03
   7.81250000E-02  0.609375000       9.22736991E-03  0.158916503       2.05720286E-03
  0.109375000      0.609375000       1.15391752E-02  0.181028858       1.27182598E-03
  0.140625000      0.609375000       1.27800312E-02  0.191687077       7.19104501E-05
  0.171875000      0.609375000       1.35853048E-02  0.195627213      -1.52090227E-03
  0.203125000      0.609375000       1.44348945E-02  0.195063993      -3.47618200E-03
  0.234375000      0.609375000       1.55477645E-02  0.190923244      -5.75206941E-03
  0.265625000      0.609375000       1.69587992E-02  0.183596671      -8.29087663E-03
  0.296875000      0.609375000       1.85979418E-02  0.173312664      -1.10163540E-02
  0.328125000      0.609375000       2.03399956E-02  0.160283566      -1.38345091E-02
  0.359375000      0.609375000       2.20306478E-02  0.144758970      -1.66377258E-02
  0.390625000      0.609375000       2.35009063E-02  0.127049327      -1.93113293E-02
  0.421875000      0.609375000       2.45779734E-02  0.107536770      -2.17420366E-02
  0.453125000      0.609375000       2.50963606E-02   8.66739154E-02  -2.38274205E-02
  0.484375000      0.609375000       2.49108747E-02   6.49638399E-02  -2.54852269E-02
  0.515625000      0.609375000       2.39117704E-02   4.29161005E-02  -2.66609136E-02
  0.546875000      0.609375000       2.20419280E-02   2.09770091E-02  -2.73317266E-02
  0.578125000      0.609375000       1.93059891E-02  -5.61404682E-04  -2.75064576E-02
  0.609375000      0.609375000       1.58100519E-02  -2.14601494E-02  -2.72923131E-02
  0.640625000      0.609375000       1.15976054E-02  -4.17518467E-02  -2.66993605E-02
  0.671875000      0.609375000       6.42050570E-03  -6.18284643E-02  -2.57943813E-02
  0.703125000      0.609375000      -1.01801939E-04  -8.19981471E-02  -2.45994013E-02
  0.734375000      0.609375000      -8.52290168E-03 -0.104207203      -2.31900048E-02
  0.765625000      0.609375000      -1.97100174E-02 -0.131577447      -2.15215422E-02
  0.796875000      0.609375000      -3.40244509E-02 -0.168491602      -1.95521079E-02
  0.828125000      0.609375000      -5.00786006E-02 -0.218287081      -1.71211045E-02
  0.859375000      0.609375000      -6.42631799E-02 -0.279315323      -1.41162658E-02
  0.890625000      0.609375000      -7.14730471E-02 -0.341416836      -1.06643373E-02
  0.921875000      0.609375000      -6.65560663E-02 -0.382599056      -7.34693091E-03
  0.953125000      0.609375000      -4.64808419E-02 -0.361022174      -5.19754924E-03
  0.984375000      0.609375000      -1.62476860E-02 -0.197123781      -5.00127301E-03
   1.56250000E-02  0.640625000       1.89050054E-03   4.51808125E-02   1.80062244E-03
   4.68750000E-02  0.640625000       6.53499505E-03  0.112743959       1.81022671E-03
   7.81250000E-02  0.640625000       1.16252778E-02  0.155075520       1.51420466E-03
  0.109375000      0.640625000       1.56941265E-02  0.178490281       8.46077979E-04
  0.140625000      0.640625000       1.87943839E-02  0.189889252      -2.11779246E-04
  0.171875000      0.640625000       2.14471593E-02  0.193974063      -1.65097043E-03
  0.203125000      0.640625000       2.41008475E-02  0.193220854      -3.45139601E-03
  0.234375000      0.640625000       2.69717015E-02  0.188787431      -5.57992607E-03
  0.265625000      0.640625000       3.00826933E-02  0.181212306      -7.98551086E-03
  0.296875000      0.640625000       3.33366469E-02  0.170803666      -1.05962809E-02
  0.328125000      0.640625000       3.65718603E-02  0.157814562      -1.33204740E-02
  0.359375000      0.640625000       3.95953134E-02  0.142514229      -1.60508305E-02
  0.390625000      0.640625000       4.22023050E-02  0.125219226      -1.86716728E-02
  0.421875000      0.640625000       4.41910513E-02  0.106305882      -2.10677255E-02
  0.453125000      0.640625000       4.53765690E-02   8.62080827E-02  -2.31339484E-02
  0.484375000      0.640625000       4.56050970E-02   6.53959215E-02  -2.47849114E-02
  0.515625000      0.640625000       4.47673798E-02   4.43319529E-02  -2.59622242E-02
  0.546875000      0.640625000       4.28066775E-02   2.34042369E-02  -2.66382005E-02
  0.578125000      0.640625000       3.97238880E-02   2.84334901E-03  -2.68146396E-02
  0.609375000      0.640625000       3.56525965E-02  -1.72865503E-02  -2.65998524E-02
  0.640625000      0.640625000       3.07102930E-02  -3.67638245E-02  -2.59921420E-02
  0.671875000      0.640625000       2.48461552E-02  -5.57713956E-02  -2.50548627E-02
  0.703125000      0.640625000       1.79718547E-02  -7.46566057E-02  -2.38519199E-02
  0.734375000      0.640625000       9.64913704E-03  -9.48043168E-02  -2.24683899E-02
  0.765625000      0.640625000      -1.36152701E-03 -0.118783027      -2.09148321E-02
  0.796875000      0.640625000      -1.60530619E-02 -0.152281284      -1.90923735E-02
  0.828125000      0.640625000      -3.38068530E-02 -0.200691134      -1.68835428E-02
  0.859375000      0.640625000      -5.14471643E-02 -0.265088230      -1.41091496E-02
  0.890625000      0.640625000      -6.33886158E-02 -0.336494386      -1.07686725E-02
  0.921875000      0.640625000      -6.33832738E-02 -0.392445505      -7.33596832E-03
  0.953125000      0.640625000      -4.68863994E-02 -0.387749612      -4.87811863E-03
  0.984375000      0.640625000      -1.70727000E-02 -0.230445012      -4.43923939E-03
   1.56250000E-02  0.671875000       1.95602234E-03   4.13328335E-02   1.33113097E-03
   4.68750000E-02  0.671875000       7.07668671E-03  0.106823817       1.38210866E-03
   7.81250000E-02  0.671875000       1.32484939E-02  0.149730951       1.17915985E-03
  0.109375000      0.671875000       1.88087709E-02  0.174205124       6.56779157E-04
  0.140625000      0.671875000       2.36162692E-02  0.186269656      -2.21034716E-04
  0.171875000      0.671875000       2.80602742E-02  0.190503120      -1.46730943E-03
  0.203125000      0.671875000       3.25205773E-02  0.189585418      -3.07832682E-03
  0.234375000      0.671875000       3.71797606E-02  0.184899643      -5.03211049E-03
  0.265625000      0.671875000       4.20317836E-02  0.177141875      -7.28460588E-03
  0.296875000      0.671875000       4.69450392E-02  0.166709751      -9.76772327E-03
  0.328125000      0.671875000       5.17196693E-02  0.153900534      -1.23909470E-02
  0.359375000      0.671875000       5.61257266E-02  0.139000922      -1.50464186E-02
  0.390625000      0.671875000       5.99271692E-02  0.122327372      -1.76166072E-02
  0.421875000      0.671875000       6.28992096E-02  0.104241684      -1.99836567E-02
  0.453125000      0.671875000       6.48435652E-02   8.51486996E-02  -2.20393352E-02
  0.484375000      0.671875000       6.56022429E-02   6.54758662E-02  -2.36944295E-02
  0.515625000      0.671875000       6.50664195E-02   4.56346422E-02  -2.48858556E-02
  0.546875000      0.671875000       6.31738901E-02   2.59649660E-02  -2.55799349E-02
  0.578125000      0.671875000       5.98995015E-02   6.65073190E-03  -2.57698316E-02
  0.609375000      0.671875000       5.53757772E-02  -1.24888066E-02  -2.55534872E-02
  0.640625000      0.671875000       4.97360714E-02  -3.09724566E-02  -2.49360316E-02
  0.671875000      0.671875000       4.29989845E-02  -4.89577949E-02  -2.39725374E-02
  0.703125000      0.671875000       3.51954699E-02  -6.67910129E-02  -2.27327887E-02
  0.734375000      0.671875000       2.62093507E-02  -8.53612646E-02  -2.12933086E-02
  0.765625000      0.671875000       1.55587755E-02 -0.106566064      -1.97141357E-02
  0.796875000      0.671875000       1.41085009E-03 -0.135660663      -1.80445574E-02
  0.828125000      0.671875000      -1.72404312E-02 -0.180908889      -1.60017293E-02
  0.859375000      0.671875000      -3.76811102E-02 -0.246791780      -1.33983139E-02
  0.890625000      0.671875000      -5.41184843E-02 -0.326414168      -1.01226419E-02
  0.921875000      0.671875000      -5.92076778E-02 -0.397443771      -6.52074721E-03
  0.953125000      0.671875000      -4.67216820E-02 -0.411736131      -3.68424971E-03
  0.984375000      0.671875000      -1.77385882E-02 -0.265257150      -2.94637680E-03
   1.56250000E-02  0.703125000       1.88576092E-03   3.74891907E-02   1.03433512E-03
   4.68750000E-02  0.703125000       7.12344516E-03  0.100305438       1.12048525E-03
   7.81250000E-02  0.703125000       1.39546786E-02  0.143242866       1.02325308E-03
  0.109375000      0.703125000       2.06787474E-02  0.168406874       6.80015248E-04
  0.140625000      0.703125000       2.70077623E-02  0.180932552       2.71878380E-05
  0.171875000      0.703125000       3.31813246E-02  0.185227439      -9.81273013E-04
  0.203125000      0.703125000       3.94658372E-02  0.184123561      -2.36604572E-03
  0.234375000      0.703125000       4.59683165E-02  0.179207653      -4.11942089E-03
  0.265625000      0.703125000       5.26276566E-02  0.171329290      -6.20413432E-03
  0.296875000      0.703125000       5.92661873E-02  0.160975769      -8.55410099E-03
  0.328125000      0.703125000       6.56436086E-02  0.148486465      -1.10779041E-02
  0.359375000      0.703125000       7.14960694E-02  0.134160012      -1.36651462E-02
  0.390625000      0.703125000       7.65618980E-02  0.118304744      -1.61949247E-02
  0.421875000      0.703125000       8.05999190E-02  0.101258576      -1.85456313E-02
  0.453125000      0.703125000       8.34043473E-02   8.33881125E-02  -2.06050109E-02
  0.484375000      0.703125000       8.48169550E-02   6.50710687E-02  -2.22793352E-02
  0.515625000      0.703125000       8.47344846E-02   4.66644466E-02  -2.35004295E-02
  0.546875000      0.703125000       8.31089541E-02   2.84607522E-02  -2.42294651E-02
  0.578125000      0.703125000       7.99359679E-02   1.06105898E-02  -2.44571529E-02
  0.609375000      0.703125000       7.51630962E-02  -7.14313798E-03  -2.42130868E-02
  0.640625000      0.703125000       6.88683763E-02  -2.43763514E-02  -2.36031078E-02
  0.671875000      0.703125000       6.12489507E-02  -4.11935262E-02  -2.26194896E-02
  0.703125000      0.703125000       5.23995757E-02  -5.79013452E-02  -2.13348977E-02
  0.734375000      0.703125000       4.23396006E-02  -7.52057508E-02  -1.98255405E-02
  0.765625000      0.703125000       3.09203416E-02  -9.46537256E-02  -1.81622840E-02
  0.796875000      0.703125000       1.74290817E-02 -0.119936377      -1.63978599E-02
  0.828125000      0.703125000      -6.02318905E-04 -0.159953400      -1.45324105E-02
  0.859375000      0.703125000      -2.29044519E-02 -0.225007385      -1.20301824E-02
  0.890625000      0.703125000      -4.34483774E-02 -0.311219931      -8.72108061E-03
  0.921875000      0.703125000      -5.37861437E-02 -0.397213340      -4.81457869E-03
  0.953125000      0.703125000      -4.58222926E-02 -0.432418525      -1.44301099E-03
  0.984375000      0.703125000      -1.81927327E-02 -0.301189333      -3.02081346E-04
   1.56250000E-02  0.734375000       1.64935307E-03   3.39518189E-02   8.75561673E-04
   4.68750000E-02  0.734375000       6.56131795E-03   9.36888009E-02   9.88671673E-04
   7.81250000E-02  0.734375000       1.35378139E-02  0.136047721       1.01362029E-03
  0.109375000      0.734375000       2.10431982E-02  0.161369532       8.90748110E-04
  0.140625000      0.734375000       2.86941007E-02  0.173989519       5.15424821E-04
  0.171875000      0.734375000       3.65514979E-02  0.178142563      -2.06036973E-04
  0.203125000      0.734375000       4.47110124E-02  0.176770478      -1.32792152E-03
  0.234375000      0.734375000       5.31504713E-02  0.171626449      -2.85965484E-03
  0.265625000      0.734375000       6.17190637E-02  0.163690165      -4.76937089E-03
  0.296875000      0.734375000       7.01772869E-02  0.153524712      -6.98976498E-03
  0.328125000      0.734375000       7.82415718E-02  0.141501188      -9.42511857E-03
  0.359375000      0.734375000       8.56182799E-02  0.127920523      -1.19596319E-02
  0.390625000      0.734375000       9.20270979E-02  0.113073468      -1.44669563E-02
  0.421875000      0.734375000       9.72175002E-02   9.72651541E-02  -1.68202948E-02
  0.453125000      0.734375000      0.100981325       8.08170587E-02  -1.89023819E-02
  0.484375000      0.734375000      0.103161693       6.40530884E-02  -2.06142701E-02
  0.515625000      0.734375000      0.103656515       4.72743027E-02  -2.18819194E-02
  0.546875000      0.734375000      0.102412984       3.07246707E-02  -2.26597562E-02
  0.578125000      0.734375000       9.94018912E-02   1.45360902E-02  -2.29305010E-02
  0.609375000      0.734375000       9.45251510E-02  -1.41242694E-03  -2.27003396E-02
  0.640625000      0.734375000       8.78571123E-02  -1.71377007E-02  -2.20914092E-02
  0.671875000      0.734375000       7.96046406E-02  -3.25559676E-02  -2.10889149E-02
  0.703125000      0.734375000       6.98661134E-02  -4.79496717E-02  -1.97547507E-02
  0.734375000      0.734375000       5.87273538E-02  -6.39601201E-02  -1.81598011E-02
  0.765625000      0.734375000       4.62075770E-02  -8.19634050E-02  -1.63737051E-02
  0.796875000      0.734375000       3.20746303E-02 -0.105006091      -1.44499196E-02
  0.828125000      0.734375000       1.51660489E-02 -0.139947459      -1.23934029E-02
  0.859375000      0.734375000      -6.94580376E-03 -0.200602993      -1.00732585E-02
  0.890625000      0.734375000      -3.09382826E-02 -0.291091174      -6.56185905E-03
  0.921875000      0.734375000      -4.66294624E-02 -0.391315967      -2.10084533E-03
  0.953125000      0.734375000      -4.38541286E-02 -0.449057579       2.10023741E-03
  0.984375000      0.734375000      -1.83265582E-02 -0.337709486       3.83265293E-03
   1.56250000E-02  0.765625000       1.16224599E-03   3.11376750E-02   8.11486098E-04
   4.68750000E-02  0.765625000       5.15123550E-03   8.75970870E-02   9.45795560E-04
   7.81250000E-02  0.765625000       1.16634145E-02  0.128646284       1.12003903E-03
  0.109375000      0.765625000       1.95505414E-02  0.153374866       1.27076288E-03
  0.140625000      0.765625000       2.83559468E-02  0.165526286       1.23255828E-03
  0.171875000      0.765625000       3.79050300E-02  0.169200808       8.48155643E-04
  0.203125000      0.765625000       4.80488688E-02  0.167413503       2.10159615E-05
  0.234375000      0.765625000       5.85719645E-02  0.162027627      -1.27659051E-03
  0.265625000      0.765625000       6.91940188E-02  0.154105842      -3.01478384E-03
  0.296875000      0.765625000       7.95968696E-02  0.144255042      -5.12014609E-03
  0.328125000      0.765625000       8.94519985E-02  0.132857457      -7.48811662E-03
  0.359375000      0.765625000       9.84422117E-02  0.120202139      -9.99406911E-03
  0.390625000      0.765625000      0.106277257      0.106551751      -1.25038931E-02
  0.421875000      0.765625000      0.112705432       9.21712741E-02  -1.48842335E-02
  0.453125000      0.765625000      0.117522068       7.73329139E-02  -1.70120392E-02
  0.484375000      0.765625000      0.120574571       6.23064451E-02  -1.87827758E-02
  0.515625000      0.765625000      0.121761933       4.73406501E-02  -2.01163851E-02
  0.546875000      0.765625000      0.121025383       3.26403193E-02  -2.09603347E-02
  0.578125000      0.765625000      0.118322417       1.83367841E-02  -2.12891158E-02
  0.609375000      0.765625000      0.113574639       4.41454630E-03  -2.10985318E-02
  0.640625000      0.765625000      0.106822066      -9.53916367E-03  -2.04946380E-02
  0.671875000      0.765625000       9.82127339E-02  -2.32876483E-02  -1.94819719E-02
  0.703125000      0.765625000       8.78534913E-02  -3.71179096E-02  -1.80987082E-02
  0.734375000      0.765625000       7.58548826E-02  -5.16556576E-02  -1.64055564E-02
  0.765625000      0.765625000       6.23140186E-02  -6.82111979E-02  -1.44612156E-02
  0.796875000      0.765625000       4.72486839E-02  -8.95651132E-02  -1.23081841E-02
  0.828125000      0.765625000       3.03217173E-02 -0.121557787      -9.94698517E-03
  0.859375000      0.765625000       9.45750065E-03 -0.176021039      -7.30177062E-03
  0.890625000      0.765625000      -1.57883111E-02 -0.266438782      -3.59652424E-03
  0.921875000      0.765625000      -3.68532836E-02 -0.379215539       1.81977835E-03
  0.953125000      0.765625000      -4.02031764E-02 -0.460586309       7.36019714E-03
  0.984375000      0.765625000      -1.79384016E-02 -0.373975307       1.00197140E-02
   1.56250000E-02  0.796875000       2.17262539E-04   2.97555290E-02   7.79523631E-04
   4.68750000E-02  0.796875000       2.38964381E-03   8.28127414E-02   9.54126066E-04
   7.81250000E-02  0.796875000       7.76804658E-03  0.121535450       1.32644456E-03
  0.109375000      0.796875000       1.57279391E-02  0.144634962       1.81836821E-03
  0.140625000      0.796875000       2.56398320E-02  0.155546769       2.17938307E-03
  0.171875000      0.796875000       3.69980298E-02  0.158273458       2.17640772E-03
  0.203125000      0.796875000       4.93259579E-02  0.155872375       1.66405516E-03
  0.234375000      0.796875000       6.21446446E-02  0.150232539       5.98477549E-04
  0.265625000      0.796875000       7.50070065E-02  0.142423213      -9.86111932E-04
  0.296875000      0.796875000       8.75050724E-02  0.133043468      -3.00361193E-03
  0.328125000      0.796875000       9.92691666E-02  0.122455701      -5.33546833E-03
  0.359375000      0.796875000      0.109968565      0.110918961      -7.84479082E-03
  0.390625000      0.796875000      0.119314492       9.86573175E-02  -1.03877150E-02
  0.421875000      0.796875000      0.127064228       8.58899653E-02  -1.28233498E-02
  0.453125000      0.796875000      0.133024693       7.28382617E-02  -1.50226094E-02
  0.484375000      0.796875000      0.137053996       5.97195737E-02  -1.68755427E-02
  0.515625000      0.796875000      0.139059618       4.67341915E-02  -1.82966013E-02
  0.546875000      0.796875000      0.138992280       3.40499431E-02  -1.92275494E-02
  0.578125000      0.796875000      0.136837214       2.17845403E-02  -1.96380131E-02
  0.609375000      0.796875000      0.132596374       9.95542854E-03  -1.95248630E-02
  0.640625000      0.796875000      0.126105249      -1.83420861E-03  -1.89120732E-02
  0.671875000      0.796875000      0.117423385      -1.36972107E-02  -1.79024581E-02
  0.703125000      0.796875000      0.106819779      -2.57419981E-02  -1.64774582E-02
  0.734375000      0.796875000       9.43820998E-02  -3.85950804E-02  -1.46796666E-02
  0.765625000      0.796875000       8.01995844E-02  -5.35523891E-02  -1.25432331E-02
  0.796875000      0.796875000       6.43528849E-02  -7.33183622E-02  -1.00756297E-02
  0.828125000      0.796875000       4.68232222E-02 -0.103354245      -7.22273719E-03
  0.859375000      0.796875000       2.70765759E-02 -0.153619021      -3.81704327E-03
  0.890625000      0.796875000       2.43803300E-03 -0.238961011       4.44207428E-04
  0.921875000      0.796875000      -2.29460970E-02 -0.360248119       7.31373858E-03
  0.953125000      0.796875000      -3.37877497E-02 -0.465365589       1.50378831E-02
  0.984375000      0.796875000      -1.66682303E-02 -0.408582926       1.92266665E-02
   1.56250000E-02  0.828125000      -1.43022381E-03   3.09658609E-02   7.12091278E-04
   4.68750000E-02  0.828125000      -2.53220322E-03   8.05269852E-02   9.32242197E-04
   7.81250000E-02  0.828125000       9.15390090E-04  0.114990845       1.64984015E-03
  0.109375000      0.828125000       8.98921117E-03  0.135142460       2.55560386E-03
  0.140625000      0.828125000       2.02208553E-02  0.143893749       3.36716510E-03
  0.171875000      0.828125000       3.36884186E-02  0.145100713       3.77565133E-03
  0.203125000      0.828125000       4.85284925E-02  0.141879410       3.57780443E-03
  0.234375000      0.828125000       6.39278442E-02  0.136011764       2.72127986E-03
  0.265625000      0.828125000       7.92530477E-02  0.128461927       1.25481701E-03
  0.296875000      0.828125000       9.40128416E-02  0.119752601      -7.15046655E-04
  0.328125000      0.828125000      0.107811585      0.110188842      -3.05094942E-03
  0.359375000      0.828125000      0.120321602       9.99803841E-02  -5.60115650E-03
  0.390625000      0.828125000      0.131270707       8.93034264E-02  -8.21094215E-03
  0.421875000      0.828125000      0.140438020       7.83279538E-02  -1.07316989E-02
  0.453125000      0.828125000      0.147652924       6.72247037E-02  -1.30286375E-02
  0.484375000      0.828125000      0.152794152       5.61611205E-02  -1.49870384E-02
  0.515625000      0.828125000      0.155787230       4.52914611E-02  -1.65166836E-02
  0.546875000      0.828125000      0.156599551       3.47445086E-02  -1.75541881E-02
  0.578125000      0.828125000      0.155233055       2.46081520E-02  -1.80632323E-02
  0.609375000      0.828125000      0.151706100       1.48967709E-02  -1.80327073E-02
  0.640625000      0.828125000      0.145976514       5.44365495E-03  -1.74707863E-02
  0.671875000      0.828125000      0.137941092      -4.25629597E-03  -1.64444242E-02
  0.703125000      0.828125000      0.127750605      -1.43851284E-02  -1.49905430E-02
  0.734375000      0.828125000      0.115626507      -2.53880937E-02  -1.30894743E-02
  0.765625000      0.828125000      0.101594739      -3.85476723E-02  -1.07340775E-02
  0.796875000      0.828125000       8.56854171E-02  -5.65743074E-02  -7.86422845E-03
  0.828125000      0.828125000       6.79100752E-02  -8.48016590E-02  -4.31433227E-03
  0.859375000      0.828125000       4.80115190E-02 -0.132532984       2.76464008E-04
  0.890625000      0.828125000       2.49818359E-02 -0.212383777       6.50142552E-03
  0.921875000      0.828125000      -2.59842305E-03 -0.333865166       1.48830088E-02
  0.953125000      0.828125000      -2.27110945E-02 -0.460797966       2.62908936E-02
  0.984375000      0.828125000      -1.38659077E-02 -0.439118266       3.31460051E-02
   1.56250000E-02  0.859375000      -4.26410511E-03   3.66575941E-02   5.33625134E-04
   4.68750000E-02  0.859375000      -1.03985919E-02   8.20669308E-02   8.39098298E-04
   7.81250000E-02  0.859375000      -9.72499605E-03  0.109325811       2.00574775E-03
  0.109375000      0.859375000      -1.36246416E-03  0.124368399       3.49122076E-03
  0.140625000      0.859375000       1.19816698E-02  0.130090639       4.79719229E-03
  0.171875000      0.859375000       2.82054506E-02  0.129212558       5.63176442E-03
  0.203125000      0.859375000       4.60753143E-02  0.125059336       5.72067872E-03
  0.234375000      0.859375000       6.44225106E-02  0.119088449       5.02503710E-03
  0.265625000      0.859375000       8.24663192E-02  0.112020284       3.62343783E-03
  0.296875000      0.859375000       9.96748954E-02  0.104230084       1.65044854E-03
  0.328125000      0.859375000      0.115659855       9.59313065E-02  -7.34717934E-04
  0.359375000      0.859375000      0.130121484       8.72688442E-02  -3.36470152E-03
  0.390625000      0.859375000      0.142823502       7.83650279E-02  -6.07420178E-03
  0.421875000      0.859375000      0.153582722       6.93395287E-02  -8.70763790E-03
  0.453125000      0.859375000      0.162265107       6.03140518E-02  -1.11254742E-02
  0.484375000      0.859375000      0.168783605       5.14088459E-02  -1.32092815E-02
  0.515625000      0.859375000      0.173095211       4.27345559E-02  -1.48652066E-02
  0.546875000      0.859375000      0.175196931       3.43819037E-02  -1.60255842E-02
  0.578125000      0.859375000      0.175119579       2.64086649E-02  -1.66486148E-02
  0.609375000      0.859375000      0.172917902       1.88192967E-02  -1.67160984E-02
  0.640625000      0.859375000      0.168645054       1.15191964E-02  -1.62293296E-02
  0.671875000      0.859375000      0.162216276       4.13054973E-03  -1.52032897E-02
  0.703125000      0.859375000      0.153523669      -3.88695952E-03  -1.36887720E-02
  0.734375000      0.859375000      0.142788008      -1.30232163E-02  -1.16927670E-02
  0.765625000      0.859375000      0.130145922      -2.42388062E-02  -9.10066161E-03
  0.796875000      0.859375000      0.115472689      -4.03068885E-02  -5.73421316E-03
  0.828125000      0.859375000       9.86345559E-02  -6.64660037E-02  -1.23819977E-03
  0.859375000      0.859375000       7.91277438E-02 -0.111472607       5.06635942E-03
  0.890625000      0.859375000       5.56100160E-02 -0.186902881       1.42117105E-02
  0.921875000      0.859375000       2.62015779E-02 -0.302361846       2.70473529E-02
  0.953125000      0.859375000      -3.37846577E-03 -0.442612708       4.30026539E-02
  0.984375000      0.859375000      -8.27250630E-03 -0.461257935       5.47737330E-02
   1.56250000E-02  0.890625000      -9.09641199E-03   5.00156619E-02  -1.37271869E-04
   4.68750000E-02  0.890625000      -2.23247856E-02   8.80672485E-02   4.73921071E-04
   7.81250000E-02  0.890625000      -2.39480529E-02  0.104271777       2.37842603E-03
  0.109375000      0.890625000      -1.43857859E-02  0.111495748       4.61729662E-03
  0.140625000      0.890625000       2.23047449E-03  0.113002323       6.43076608E-03
  0.171875000      0.890625000       2.24928334E-02  0.109815061       7.70106772E-03
  0.203125000      0.890625000       4.41780463E-02  0.104902834       8.01737886E-03
  0.234375000      0.890625000       6.59595430E-02   9.91179422E-02   7.41106225E-03
  0.265625000      0.890625000       8.70714635E-02   9.28370655E-02   6.00947114E-03
  0.296875000      0.890625000      0.107030034       8.62480253E-02   3.97968944E-03
  0.328125000      0.890625000      0.125503451       7.94562101E-02   1.50252355E-03
  0.359375000      0.890625000      0.142250255       7.25357234E-02  -1.24060712E-03
  0.390625000      0.890625000      0.157091290       6.55541196E-02  -4.07555141E-03
  0.421875000      0.890625000      0.169897795       5.85823730E-02  -6.84132800E-03
  0.453125000      0.890625000      0.180586815       5.16960733E-02  -9.39504150E-03
  0.484375000      0.890625000      0.189118594       4.49714921E-02  -1.16157942E-02
  0.515625000      0.890625000      0.195493698       3.84788364E-02  -1.34072565E-02
  0.546875000      0.890625000      0.199748471       3.22737470E-02  -1.46985259E-02
  0.578125000      0.890625000      0.201948225       2.63864994E-02  -1.54430559E-02
  0.609375000      0.890625000      0.202177078       2.08065808E-02  -1.56155201E-02
  0.640625000      0.890625000      0.200520754       1.54546043E-02  -1.52062979E-02
  0.671875000      0.890625000      0.197023004       1.01171173E-02  -1.42125366E-02
  0.703125000      0.890625000      0.191552699       4.28801216E-03  -1.26218302E-02
  0.734375000      0.890625000      0.183902055      -2.80924072E-03  -1.04379607E-02
  0.765625000      0.890625000      0.174191222      -1.20976306E-02  -7.60444626E-03
  0.796875000      0.890625000      0.162445694      -2.60328241E-02  -3.61446058E-03
  0.828125000      0.890625000      0.148126706      -4.95931506E-02   2.18441267E-03
  0.859375000      0.890625000      0.129897997      -9.06228274E-02   1.09785507E-02
  0.890625000      0.890625000      0.105090737     -0.159437507       2.45343745E-02
  0.921875000      0.890625000       7.05460683E-02 -0.265880138       4.44107279E-02
  0.953125000      0.890625000       2.79938392E-02 -0.406966686       6.93090633E-02
  0.984375000      0.890625000       2.75608222E-03 -0.466775596       8.93850923E-02
   1.56250000E-02  0.921875000      -1.58876553E-02   7.49978572E-02  -2.51001678E-03
   4.68750000E-02  0.921875000      -3.61094698E-02   9.65318233E-02  -6.73520728E-04
   7.81250000E-02  0.921875000      -3.59040238E-02   9.72226486E-02   2.62222649E-03
  0.109375000      0.921875000      -2.16208585E-02   9.46985036E-02   5.89062646E-03
  0.140625000      0.921875000       8.30270816E-04   9.07321200E-02   8.28440022E-03
  0.171875000      0.921875000       2.68335827E-02   8.58195275E-02   9.91161447E-03
  0.203125000      0.921875000       5.33404425E-02   8.07058737E-02   1.03574907E-02
  0.234375000      0.921875000       7.93217644E-02   7.55512863E-02   9.75861587E-03
  0.265625000      0.921875000      0.104206279       7.04060942E-02   8.29564687E-03
  0.296875000      0.921875000      0.127640054       6.52849749E-02   6.16554730E-03
  0.328125000      0.921875000      0.149389625       6.01939410E-02   3.56686790E-03
  0.359375000      0.921875000      0.169295162       5.51425591E-02   6.91647059E-04
  0.390625000      0.921875000      0.187248379       5.01490831E-02  -2.27978942E-03
  0.421875000      0.921875000      0.203183204       4.52412516E-02  -5.18305274E-03
  0.453125000      0.921875000      0.217071623       4.04540412E-02  -7.87339732E-03
  0.484375000      0.921875000      0.228921235       3.58255357E-02  -1.02287149E-02
  0.515625000      0.921875000      0.238771975       3.13915014E-02  -1.21513316E-02
  0.546875000      0.921875000      0.246690989       2.71790922E-02  -1.35682067E-02
  0.578125000      0.921875000      0.252764881       2.31989250E-02  -1.44290933E-02
  0.609375000      0.921875000      0.257087916       1.94338057E-02  -1.47023061E-02
  0.640625000      0.921875000      0.259744704       1.58194229E-02  -1.43671650E-02
  0.671875000      0.921875000      0.260781914       1.22070834E-02  -1.34016052E-02
  0.703125000      0.921875000      0.260160238       8.28639697E-03  -1.17615275E-02
  0.734375000      0.921875000      0.257632613       3.36996745E-03  -9.34486091E-03
  0.765625000      0.921875000      0.252891719      -3.82242305E-03  -6.05779188E-03
  0.796875000      0.921875000      0.245716095      -1.53862126E-02  -1.23357307E-03
  0.828125000      0.921875000      0.235106468      -3.53183299E-02   6.40133070E-03
  0.859375000      0.921875000      0.218278319      -6.98546544E-02   1.87288094E-02
  0.890625000      0.921875000      0.190406561     -0.127541602       3.85970287E-02
  0.921875000      0.921875000      0.145607024     -0.218442783       6.89148456E-02
  0.953125000      0.921875000       8.18860978E-02 -0.348137796      0.109095730    
  0.984375000      0.921875000       2.27680504E-02 -0.441252768      0.145030931    
   1.56250000E-02  0.953125000      -1.67017132E-02  0.107586816      -1.00127943E-02
   4.68750000E-02  0.953125000      -2.75823623E-02   9.50448811E-02  -2.99577788E-03
   7.81250000E-02  0.953125000      -8.23235139E-03   7.91546181E-02   2.84356647E-03
  0.109375000      0.953125000       2.14951895E-02   6.87568188E-02   7.34847691E-03
  0.140625000      0.953125000       5.44164777E-02   6.13018796E-02   1.04686115E-02
  0.171875000      0.953125000       8.77650231E-02   5.58971465E-02   1.22285802E-02
  0.203125000      0.953125000      0.120484069       5.14000170E-02   1.26789901E-02
  0.234375000      0.953125000      0.151924565       4.74316329E-02   1.20092602E-02
  0.265625000      0.953125000      0.181761414       4.37996350E-02   1.04369055E-02
  0.296875000      0.953125000      0.209818810       4.03947532E-02   8.17980058E-03
  0.328125000      0.953125000      0.235994488       3.71529572E-02   5.44779142E-03
  0.359375000      0.953125000      0.260228127       3.40381414E-02   2.43888726E-03
  0.390625000      0.953125000      0.282488883       3.10331210E-02  -6.63669780E-04
  0.421875000      0.953125000      0.302770823       2.81340256E-02  -3.69431102E-03
  0.453125000      0.953125000      0.321091354       2.53458880E-02  -6.50800159E-03
  0.484375000      0.953125000      0.337490201       2.26787552E-02  -8.98260158E-03
  0.515625000      0.953125000      0.352027476       2.01437548E-02  -1.10201249E-02
  0.546875000      0.953125000      0.364779532       1.77490693E-02  -1.25464322E-02
  0.578125000      0.953125000      0.375832707       1.54951382E-02  -1.35087222E-02
  0.609375000      0.953125000      0.385272861       1.33678187E-02  -1.38701452E-02
  0.640625000      0.953125000      0.393168867       1.13265775E-02  -1.36000328E-02
  0.671875000      0.953125000      0.399546027       9.28061455E-03  -1.26567539E-02
  0.703125000      0.953125000      0.404344022       7.03308266E-03  -1.09570529E-02
  0.734375000      0.953125000      0.407366157       4.12644166E-03  -8.32038000E-03
  0.765625000      0.953125000      0.408185393      -6.57128228E-04  -4.36727749E-03
  0.796875000      0.953125000      0.405733824      -8.92339274E-03   1.82570564E-03
  0.828125000      0.953125000      0.397606909      -2.30479762E-02   1.19663673E-02
  0.859375000      0.953125000      0.379339457      -4.70407717E-02   2.88255047E-02
  0.890625000      0.953125000      0.343771696      -8.69338065E-02   5.65999225E-02
  0.921875000      0.953125000      0.281069428     -0.151566461      0.100374326    
  0.953125000      0.953125000      0.181811929     -0.252049029      0.162872180    
  0.984375000      0.953125000       6.10339493E-02 -0.357452810      0.230250791    
   1.56250000E-02  0.984375000       6.21462762E-02   6.21444173E-02  -2.77293529E-02
   4.68750000E-02  0.984375000      0.168907240       4.46121767E-02  -2.41166074E-03
   7.81250000E-02  0.984375000      0.246338248       3.28132100E-02   6.35044463E-03
  0.109375000      0.984375000      0.305437207       2.62793396E-02   1.09520759E-02
  0.140625000      0.984375000      0.354012489       2.22895984E-02   1.37218814E-02
  0.171875000      0.984375000      0.395943224       1.96353868E-02   1.51252989E-02
  0.203125000      0.984375000      0.433236301       1.76528804E-02   1.52882915E-02
  0.234375000      0.984375000      0.466934323       1.60414446E-02   1.43819414E-02
  0.265625000      0.984375000      0.497632623       1.46541726E-02   1.26072653E-02
  0.296875000      0.984375000      0.525700986       1.34125138E-02   1.01723233E-02
  0.328125000      0.984375000      0.551385999       1.22716306E-02   7.28104496E-03
  0.359375000      0.984375000      0.574863076       1.12052308E-02   4.12743445E-03
  0.390625000      0.984375000      0.596266150       1.01982197E-02   8.91743519E-04
  0.421875000      0.984375000      0.615706325       9.24269948E-03  -2.26282002E-03
  0.453125000      0.984375000      0.633283257       8.33543483E-03  -5.19307936E-03
  0.484375000      0.984375000      0.649093390       7.47601409E-03  -7.77821103E-03
  0.515625000      0.984375000      0.663233221       6.66527078E-03  -9.92088392E-03
  0.546875000      0.984375000      0.675800920       5.90382563E-03  -1.15467692E-02
  0.578125000      0.984375000      0.686893940       5.19044092E-03  -1.26016401E-02
  0.609375000      0.984375000      0.696603298       4.51976387E-03  -1.30451964E-02
  0.640625000      0.984375000      0.705001116       3.87830613E-03  -1.28393527E-02
  0.671875000      0.984375000      0.712115645       3.23576783E-03  -1.19261565E-02
  0.703125000      0.984375000      0.717874050       2.52135447E-03  -1.01812081E-02
  0.734375000      0.984375000      0.721944332       1.54694577E-03  -7.29779806E-03
  0.765625000      0.984375000      0.723271370      -2.22387185E-04  -2.45033810E-03
  0.796875000      0.984375000      0.719708860      -3.34242731E-03   5.31194638E-03
  0.828125000      0.984375000      0.707788348      -8.58017243E-03   1.79264825E-02
  0.859375000      0.984375000      0.681877494      -1.73328798E-02   3.89217474E-02
  0.890625000      0.984375000      0.632670820      -3.18750963E-02   7.35734552E-02
  0.921875000      0.984375000      0.544765592      -5.60291186E-02  0.128943071    
  0.953125000      0.984375000      0.392579228      -9.61543173E-02  0.212233484    
  0.984375000      0.984375000      0.148211524     -0.148210123      0.323849559    
