 VARIABLES="X","Y","U","V","P"
 ZONE F=POINT, I=          32 , J=          32
   1.56250000E-02   1.56250000E-02   4.04951250E-04  -4.06069652E-04   1.65280961E-02
   4.68750000E-02   1.56250000E-02   1.31510489E-03  -5.06341225E-04   1.64889637E-02
   7.81250000E-02   1.56250000E-02   2.07710615E-03  -2.57917069E-04   1.63506400E-02
  0.109375000       1.56250000E-02   2.25173030E-03   8.11497011E-05   1.61363911E-02
  0.140625000       1.56250000E-02   1.75010203E-03   4.18572599E-04   1.58652402E-02
  0.171875000       1.56250000E-02   5.93725359E-04   7.36125745E-04   1.55494893E-02
  0.203125000       1.56250000E-02  -1.19067647E-03   1.04675337E-03   1.51949236E-02
  0.234375000       1.56250000E-02  -3.60044371E-03   1.36154250E-03   1.48087414E-02
  0.265625000       1.56250000E-02  -6.64404966E-03   1.68044318E-03   1.44052617E-02
  0.296875000       1.56250000E-02  -1.03149815E-02   1.98851782E-03   1.40057970E-02
  0.328125000       1.56250000E-02  -1.45677328E-02   2.26175250E-03   1.36397732E-02
  0.359375000       1.56250000E-02  -1.93038639E-02   2.47130147E-03   1.33436937E-02
  0.390625000       1.56250000E-02  -2.43660435E-02   2.58721621E-03   1.31590134E-02
  0.421875000       1.56250000E-02  -2.95393374E-02   2.58191815E-03   1.31290415E-02
  0.453125000       1.56250000E-02  -3.45588848E-02   2.43308791E-03   1.32950256E-02
  0.484375000       1.56250000E-02  -3.91223729E-02   2.12556147E-03   1.36915520E-02
  0.515625000       1.56250000E-02  -4.29053828E-02   1.65235985E-03   1.43413553E-02
  0.546875000       1.56250000E-02  -4.55786958E-02   1.01552100E-03   1.52496202E-02
  0.578125000       1.56250000E-02  -4.68296446E-02   2.29517143E-04   1.63978692E-02
  0.609375000       1.56250000E-02  -4.64054942E-02  -6.59640704E-04   1.77124944E-02
  0.640625000       1.56250000E-02  -4.40378934E-02  -1.71358034E-03   1.90627351E-02
  0.671875000       1.56250000E-02  -3.95206027E-02  -2.80901999E-03   2.03326661E-02
  0.703125000       1.56250000E-02  -3.29196602E-02  -3.79694463E-03   2.13843640E-02
  0.734375000       1.56250000E-02  -2.46170107E-02  -4.51046880E-03   2.20857412E-02
  0.765625000       1.56250000E-02  -1.53436502E-02  -4.76735877E-03   2.23460179E-02
  0.796875000       1.56250000E-02  -6.19008299E-03  -4.39035939E-03   2.21541245E-02
  0.828125000       1.56250000E-02   1.45168277E-03  -3.25529813E-03   2.16130447E-02
  0.859375000       1.56250000E-02   6.20830152E-03  -1.50494464E-03   2.09078882E-02
  0.890625000       1.56250000E-02   7.55203515E-03   1.57864473E-04   2.02375688E-02
  0.921875000       1.56250000E-02   6.15903642E-03   1.23213651E-03   1.97548382E-02
  0.953125000       1.56250000E-02   3.35953664E-03   1.56489946E-03   1.95087846E-02
  0.984375000       1.56250000E-02   8.96777434E-04   8.96038138E-04   1.94900557E-02
   1.56250000E-02   4.68750000E-02   5.05509845E-04  -1.31896045E-03   1.65658612E-02
   4.68750000E-02   4.68750000E-02   1.34538230E-03  -1.34840002E-03   1.65214837E-02
   7.81250000E-02   4.68750000E-02   1.35215221E-03  -1.89582672E-04   1.63930841E-02
  0.109375000       4.68750000E-02  -1.38866249E-04   1.32446957E-03   1.62043180E-02
  0.140625000       4.68750000E-02  -3.29448562E-03   2.82816589E-03   1.59652103E-02
  0.171875000       4.68750000E-02  -8.06265883E-03   4.24720533E-03   1.56818479E-02
  0.203125000       4.68750000E-02  -1.43427933E-02   5.59672294E-03   1.53565193E-02
  0.234375000       4.68750000E-02  -2.20040344E-02   6.87928079E-03   1.49940625E-02
  0.265625000       4.68750000E-02  -3.08607258E-02   8.05960409E-03   1.46055920E-02
  0.296875000       4.68750000E-02  -4.06524390E-02   9.06819385E-03   1.42100714E-02
  0.328125000       4.68750000E-02  -5.10431305E-02   9.82102845E-03   1.38350744E-02
  0.359375000       4.68750000E-02  -6.16340041E-02   1.02336826E-02   1.35162231E-02
  0.390625000       4.68750000E-02  -7.19838589E-02   1.02305906E-02   1.32953217E-02
  0.421875000       4.68750000E-02  -8.16306770E-02   9.75145213E-03   1.32172676E-02
  0.453125000       4.68750000E-02  -9.01112407E-02   8.75551999E-03   1.33259371E-02
  0.484375000       4.68750000E-02  -9.69776362E-02   7.22396187E-03   1.36593115E-02
  0.515625000       4.68750000E-02 -0.101811208       5.16060740E-03   1.42440349E-02
  0.546875000       4.68750000E-02 -0.104234122       2.59259436E-03   1.50899421E-02
  0.578125000       4.68750000E-02 -0.103917047      -4.25198843E-04   1.61856618E-02
  0.609375000       4.68750000E-02 -0.100514360      -3.84281459E-03   1.74117591E-02
  0.640625000       4.68750000E-02  -9.38568190E-02  -7.56561384E-03   1.86976120E-02
  0.671875000       4.68750000E-02  -8.40827525E-02  -1.12575945E-02   1.99176483E-02
  0.703125000       4.68750000E-02  -7.15269819E-02  -1.45136146E-02   2.09343322E-02
  0.734375000       4.68750000E-02  -5.67659289E-02  -1.68653876E-02   2.16192733E-02
  0.765625000       4.68750000E-02  -4.06739749E-02  -1.77850313E-02   2.18864437E-02
  0.796875000       4.68750000E-02  -2.44758688E-02  -1.67310536E-02   2.17295922E-02
  0.828125000       4.68750000E-02  -9.75480396E-03  -1.32836001E-02   2.12473739E-02
  0.859375000       4.68750000E-02   1.58863142E-03  -7.58255366E-03   2.06336007E-02
  0.890625000       4.68750000E-02   7.66247977E-03  -1.18792173E-03   2.00668760E-02
  0.921875000       4.68750000E-02   8.22108053E-03   3.40649812E-03   1.96679998E-02
  0.953125000       4.68750000E-02   5.20292763E-03   5.20278420E-03   1.94682274E-02
  0.984375000       4.68750000E-02   1.56425778E-03   3.35517572E-03   1.94625389E-02
   1.56250000E-02   7.81250000E-02   1.13283364E-04  -1.94058171E-03   1.67118758E-02
   4.68750000E-02   7.81250000E-02  -4.14418901E-04  -1.04459282E-03   1.66388880E-02
   7.81250000E-02   7.81250000E-02  -2.79275910E-03   1.87263859E-03   1.65037941E-02
  0.109375000       7.81250000E-02  -7.38174468E-03   5.33698406E-03   1.63221769E-02
  0.140625000       7.81250000E-02  -1.41329393E-02   8.71752761E-03   1.60975475E-02
  0.171875000       7.81250000E-02  -2.28664465E-02   1.18549699E-02   1.58259943E-02
  0.203125000       7.81250000E-02  -3.33183184E-02   1.47168320E-02   1.55029595E-02
  0.234375000       7.81250000E-02  -4.51516770E-02   1.72499567E-02   1.51285585E-02
  0.265625000       7.81250000E-02  -5.79624176E-02   1.93527937E-02   1.47109842E-02
  0.296875000       7.81250000E-02  -7.12943971E-02   2.08952501E-02   1.42681906E-02
  0.328125000       7.81250000E-02  -8.46602619E-02   2.17469875E-02   1.38284555E-02
  0.359375000       7.81250000E-02  -9.75618064E-02   2.17962861E-02   1.34297125E-02
  0.390625000       7.81250000E-02 -0.109508224       2.09597722E-02   1.31175276E-02
  0.421875000       7.81250000E-02 -0.120031364       1.91867650E-02   1.29417032E-02
  0.453125000       7.81250000E-02 -0.128697813       1.64604969E-02   1.29517000E-02
  0.484375000       7.81250000E-02 -0.135118008       1.27974600E-02   1.31911440E-02
  0.515625000       7.81250000E-02 -0.138952136       8.24532751E-03   1.36919664E-02
  0.546875000       7.81250000E-02 -0.139912114       2.88027944E-03   1.44687584E-02
  0.578125000       7.81250000E-02 -0.137756705      -3.19550722E-03   1.54864145E-02
  0.609375000       7.81250000E-02 -0.132356167      -9.88450646E-03   1.66641660E-02
  0.640625000       7.81250000E-02 -0.123758256      -1.67870093E-02   1.79300215E-02
  0.671875000       7.81250000E-02 -0.112147272      -2.34279223E-02   1.91581640E-02
  0.703125000       7.81250000E-02  -9.78254303E-02  -2.92268209E-02   2.02098433E-02
  0.734375000       7.81250000E-02  -8.12596232E-02  -3.34843025E-02   2.09541377E-02
  0.765625000       7.81250000E-02  -6.31416067E-02  -3.53807844E-02   2.12992169E-02
  0.796875000       7.81250000E-02  -4.44519967E-02  -3.40272300E-02   2.12283637E-02
  0.828125000       7.81250000E-02  -2.65172143E-02  -2.86470652E-02   2.08263732E-02
  0.859375000       7.81250000E-02  -1.10252053E-02  -1.90581921E-02   2.02713590E-02
  0.890625000       7.81250000E-02   1.95177272E-05  -6.83484692E-03   1.97541229E-02
  0.921875000       7.81250000E-02   4.76566982E-03   3.74401780E-03   1.93840452E-02
  0.953125000       7.81250000E-02   4.03173128E-03   8.61221738E-03   1.92118976E-02
  0.984375000       7.81250000E-02   1.34704506E-03   6.26422605E-03   1.92056913E-02
   1.56250000E-02  0.109375000      -6.28056878E-04  -1.42905838E-03   1.69462860E-02
   4.68750000E-02  0.109375000      -3.38644139E-03   1.72363513E-03   1.68230180E-02
   7.81250000E-02  0.109375000      -8.98082182E-03   7.07114115E-03   1.66647341E-02
  0.109375000      0.109375000      -1.70547590E-02   1.27958003E-02   1.64700858E-02
  0.140625000      0.109375000      -2.72560194E-02   1.82060022E-02   1.62300132E-02
  0.171875000      0.109375000      -3.92439216E-02   2.30831839E-02   1.59314536E-02
  0.203125000      0.109375000      -5.26347160E-02   2.73270383E-02   1.55634908E-02
  0.234375000      0.109375000      -6.69868439E-02   3.08215711E-02   1.51225775E-02
  0.265625000      0.109375000      -8.18182230E-02   3.34202573E-02   1.46158868E-02
  0.296875000      0.109375000      -9.66316611E-02   3.49707007E-02   1.40629467E-02
  0.328125000      0.109375000     -0.110936858       3.53403725E-02   1.34958168E-02
  0.359375000      0.109375000     -0.124266818       3.44320424E-02   1.29579064E-02
  0.390625000      0.109375000     -0.136189818       3.21904048E-02   1.25012696E-02
  0.421875000      0.109375000     -0.146318197       2.86033936E-02   1.21824648E-02
  0.453125000      0.109375000     -0.154314160       2.37005185E-02   1.20572392E-02
  0.484375000      0.109375000     -0.159893215       1.75493397E-02   1.21743996E-02
  0.515625000      0.109375000     -0.162824780       1.02505507E-02   1.25693381E-02
  0.546875000      0.109375000     -0.162930503       1.93151634E-03   1.32578909E-02
  0.578125000      0.109375000     -0.160077631      -7.26328790E-03   1.41932713E-02
  0.609375000      0.109375000     -0.154239163      -1.70622244E-02   1.53425783E-02
  0.640625000      0.109375000     -0.145469576      -2.69822516E-02   1.66167449E-02
  0.671875000      0.109375000     -0.133854270      -3.64636071E-02   1.78957619E-02
  0.703125000      0.109375000     -0.119565055      -4.48062792E-02   1.90423913E-02
  0.734375000      0.109375000     -0.102899365      -5.11399433E-02   1.99222583E-02
  0.765625000      0.109375000      -8.43327343E-02  -5.44129834E-02   2.04324368E-02
  0.796875000      0.109375000      -6.45840168E-02  -5.34361675E-02   2.05350704E-02
  0.828125000      0.109375000      -4.46949787E-02  -4.70644645E-02   2.02844925E-02
  0.859375000      0.109375000      -2.61297673E-02  -3.47003117E-02   1.98271796E-02
  0.890625000      0.109375000      -1.08972471E-02  -1.74723174E-02   1.93507578E-02
  0.921875000      0.109375000      -1.30228919E-03   3.74554656E-05   1.89948790E-02
  0.953125000      0.109375000       1.73209631E-03   1.00145973E-02   1.87904183E-02
  0.984375000      0.109375000       8.32653197E-04   8.44208337E-03   1.87488236E-02
   1.56250000E-02  0.140625000      -1.56803429E-03   7.63397082E-04   1.72169823E-02
   4.68750000E-02  0.140625000      -6.83649536E-03   7.55096739E-03   1.70346256E-02
   7.81250000E-02  0.140625000      -1.56171080E-02   1.56122278E-02   1.68390926E-02
  0.109375000      0.140625000      -2.67627388E-02   2.34682746E-02   1.66041199E-02
  0.140625000      0.140625000      -3.96535844E-02   3.06202881E-02   1.63080972E-02
  0.171875000      0.140625000      -5.38676009E-02   3.68662141E-02   1.59315486E-02
  0.203125000      0.140625000      -6.89946637E-02   4.20581065E-02   1.54604744E-02
  0.234375000      0.140625000      -8.45929682E-02   4.60381657E-02   1.48909437E-02
  0.265625000      0.140625000     -0.100203604       4.86439019E-02   1.42323310E-02
  0.296875000      0.140625000     -0.115374967       4.97309044E-02   1.35086775E-02
  0.328125000      0.140625000     -0.129681826       4.91916984E-02   1.27583081E-02
  0.359375000      0.140625000     -0.142737523       4.69656289E-02   1.20318020E-02
  0.390625000      0.140625000     -0.154200912       4.30415645E-02   1.13884360E-02
  0.421875000      0.140625000     -0.163779408       3.74560207E-02   1.08912662E-02
  0.453125000      0.140625000     -0.171229094       3.02888360E-02   1.06011899E-02
  0.484375000      0.140625000     -0.176352561       2.16573216E-02   1.05703501E-02
  0.515625000      0.140625000     -0.178995296       1.17096715E-02   1.08352862E-02
  0.546875000      0.140625000     -0.179042503       6.17679849E-04   1.14101339E-02
  0.578125000      0.140625000     -0.176419854      -1.14315599E-02   1.22680832E-02
  0.609375000      0.140625000     -0.171081990      -2.40751170E-02   1.33875953E-02
  0.640625000      0.140625000     -0.162997633      -3.68271470E-02   1.46848271E-02
  0.671875000      0.140625000     -0.152161762      -4.90730666E-02   1.60466935E-02
  0.703125000      0.140625000     -0.138622195      -6.00283742E-02   1.73398480E-02
  0.734375000      0.140625000     -0.122512147      -6.86959922E-02   1.84270181E-02
  0.765625000      0.140625000     -0.104098275      -7.38395452E-02   1.91912651E-02
  0.796875000      0.140625000      -8.38502944E-02  -7.40081519E-02   1.95658635E-02
  0.828125000      0.140625000      -6.25424236E-02  -6.76910207E-02   1.95618365E-02
  0.859375000      0.140625000      -4.14073430E-02  -5.37754782E-02   1.92779377E-02
  0.890625000      0.140625000      -2.23612767E-02  -3.26770395E-02   1.88741032E-02
  0.921875000      0.140625000      -8.10287241E-03  -8.61268211E-03   1.84997097E-02
  0.953125000      0.140625000      -9.87658044E-04   8.51294398E-03   1.82380900E-02
  0.984375000      0.140625000       2.89728458E-04   9.56330169E-03   1.81332510E-02
   1.56250000E-02  0.171875000      -2.47953483E-03   4.80706571E-03   1.74453668E-02
   4.68750000E-02  0.171875000      -1.00190472E-02   1.63077079E-02   1.72033720E-02
   7.81250000E-02  0.171875000      -2.14300286E-02   2.70401090E-02   1.69569552E-02
  0.109375000      0.171875000      -3.48885469E-02   3.66383791E-02   1.66524388E-02
  0.140625000      0.171875000      -4.96112481E-02   4.50585112E-02   1.62584987E-02
  0.171875000      0.171875000      -6.51605278E-02   5.21871895E-02   1.57534499E-02
  0.203125000      0.171875000      -8.11557323E-02   5.78565896E-02   1.51244691E-02
  0.234375000      0.171875000      -9.72071439E-02   6.18879199E-02   1.43709835E-02
  0.265625000      0.171875000     -0.112923689       6.41211271E-02   1.35075226E-02
  0.296875000      0.171875000     -0.127932787       6.44349083E-02   1.25646843E-02
  0.328125000      0.171875000     -0.141895100       6.27580136E-02   1.15880854E-02
  0.359375000      0.171875000     -0.154512197       5.90729043E-02   1.06355632E-02
  0.390625000      0.171875000     -0.165528715       5.34139201E-02   9.77289490E-03
  0.421875000      0.171875000     -0.174730510       4.58621234E-02   9.06838849E-03
  0.453125000      0.171875000     -0.181940138       3.65385525E-02   8.58667679E-03
  0.484375000      0.171875000     -0.187011227       2.55972687E-02   8.38205405E-03
  0.515625000      0.171875000     -0.189823866       1.32192895E-02   8.49172566E-03
  0.546875000      0.171875000     -0.190282702      -3.92007205E-04   8.92911758E-03
  0.578125000      0.171875000     -0.188318878      -1.50133837E-02   9.69557930E-03
  0.609375000      0.171875000     -0.183862269      -3.02911960E-02   1.07776709E-02
  0.640625000      0.171875000     -0.176828474      -4.57317941E-02   1.21023264E-02
  0.671875000      0.171875000     -0.167138159      -6.06965944E-02   1.35666449E-02
  0.703125000      0.171875000     -0.154728338      -7.43559301E-02   1.50440745E-02
  0.734375000      0.171875000     -0.139576584      -8.56316760E-02   1.63961761E-02
  0.765625000      0.171875000     -0.121746436      -9.31491107E-02   1.74912959E-02
  0.796875000      0.171875000     -0.101462811      -9.52312946E-02   1.82295013E-02
  0.828125000      0.171875000      -7.92332739E-02  -9.00062621E-02   1.85693651E-02
  0.859375000      0.171875000      -5.60445860E-02  -7.57848769E-02   1.85473505E-02
  0.890625000      0.171875000      -3.36773992E-02  -5.20816743E-02   1.82760898E-02
  0.921875000      0.171875000      -1.50791677E-02  -2.20653340E-02   1.79069377E-02
  0.953125000      0.171875000      -3.78590776E-03   3.55618866E-03   1.75658092E-02
  0.984375000      0.171875000      -1.98461465E-04   9.65395942E-03   1.73726436E-02
   1.56250000E-02  0.203125000      -3.20133078E-03   1.04838852E-02   1.75321121E-02
   4.68750000E-02  0.203125000      -1.24520473E-02   2.74133310E-02   1.72377527E-02
   7.81250000E-02  0.203125000      -2.57160924E-02   4.06024680E-02   1.69297867E-02
  0.109375000      0.203125000      -4.06873748E-02   5.14997616E-02   1.65313147E-02
  0.140625000      0.203125000      -5.64869568E-02   6.07145801E-02   1.60057358E-02
  0.171875000      0.203125000      -7.26888478E-02   6.82789311E-02   1.53331058E-02
  0.203125000      0.203125000      -8.89614224E-02   7.40308762E-02   1.45052392E-02
  0.234375000      0.203125000     -0.104983255       7.77867436E-02   1.35276997E-02
  0.265625000      0.203125000     -0.120442085       7.93990269E-02   1.24220913E-02
  0.296875000      0.203125000     -0.135048136       7.87745640E-02   1.12264361E-02
  0.328125000      0.203125000     -0.148543656       7.58789182E-02   9.99360252E-03
  0.359375000      0.203125000     -0.160706177       7.07338899E-02   8.78794491E-03
  0.390625000      0.203125000     -0.171346933       6.34112954E-02   7.68065872E-03
  0.421875000      0.203125000     -0.180305868       5.40249906E-02   6.74423715E-03
  0.453125000      0.203125000     -0.187445879       4.27231491E-02   6.04634825E-03
  0.484375000      0.203125000     -0.192647696       2.96820514E-02   5.64344879E-03
  0.515625000      0.203125000     -0.195807666       1.51026789E-02   5.57431998E-03
  0.546875000      0.203125000     -0.196839347      -7.89593963E-04   5.85381314E-03
  0.578125000      0.203125000     -0.195679247      -1.77434385E-02   6.50823023E-03
  0.609375000      0.203125000     -0.192254916      -3.54442820E-02   7.53856404E-03
  0.640625000      0.203125000     -0.186458543      -5.34103289E-02   8.88409000E-03
  0.671875000      0.203125000     -0.178154275      -7.10136369E-02   1.04546966E-02
  0.703125000      0.203125000     -0.167180300      -8.74234736E-02   1.21337790E-02
  0.734375000      0.203125000     -0.153366789     -0.101530030       1.37848742E-02
  0.765625000      0.203125000     -0.136579484     -0.111868761       1.52637977E-02
  0.796875000      0.203125000     -0.116800323     -0.116574936       1.64372530E-02
  0.828125000      0.203125000      -9.42643434E-02 -0.113428608       1.72071885E-02
  0.859375000      0.203125000      -6.96870536E-02 -0.100128934       1.75373424E-02
  0.890625000      0.203125000      -4.46421355E-02  -7.51501322E-02   1.74750350E-02
  0.921875000      0.203125000      -2.21269559E-02  -4.01105881E-02   1.71536338E-02
  0.953125000      0.203125000      -6.63670897E-03  -5.18216752E-03   1.67496968E-02
  0.984375000      0.203125000      -6.43669104E-04   8.81165452E-03   1.64456535E-02
   1.56250000E-02  0.234375000      -3.64402053E-03   1.73251498E-02   1.73859112E-02
   4.68750000E-02  0.234375000      -1.39194531E-02   4.00903895E-02   1.70501862E-02
   7.81250000E-02  0.234375000      -2.82417610E-02   5.55047616E-02   1.66751128E-02
  0.109375000      0.234375000      -4.39989045E-02   6.73200116E-02   1.61677878E-02
  0.140625000      0.234375000      -6.02473542E-02   7.69379064E-02   1.54904248E-02
  0.171875000      0.234375000      -7.65759796E-02   8.45833570E-02   1.46274623E-02
  0.203125000      0.234375000      -9.27017033E-02   9.01238322E-02   1.35773690E-02
  0.234375000      0.234375000     -0.108368307       9.33832079E-02   1.23533346E-02
  0.265625000      0.234375000     -0.123335443       9.42312032E-02   1.09847924E-02
  0.296875000      0.234375000     -0.137384951       9.26017463E-02   9.51728411E-03
  0.328125000      0.234375000     -0.150325358       8.84918049E-02   8.01043957E-03
  0.359375000      0.234375000     -0.161991835       8.19537044E-02   6.53435010E-03
  0.390625000      0.234375000     -0.172242820       7.30857253E-02   5.16490312E-03
  0.421875000      0.234375000     -0.180955246       6.20228611E-02   3.97836091E-03
  0.453125000      0.234375000     -0.188020438       4.89297733E-02   3.04553844E-03
  0.484375000      0.234375000     -0.193341970       3.39967608E-02   2.42577516E-03
  0.515625000      0.234375000     -0.196836412       1.74394883E-02   2.16084300E-03
  0.546875000      0.234375000     -0.198436439      -4.97883884E-04   2.26903451E-03
  0.578125000      0.234375000     -0.198096797      -1.95371695E-02   2.79175071E-03
  0.609375000      0.234375000     -0.195761293      -3.94113585E-02   3.75174778E-03
  0.640625000      0.234375000     -0.191319793      -5.96815199E-02   5.10096597E-03
  0.671875000      0.234375000     -0.184596360      -7.97702521E-02   6.76394207E-03
  0.703125000      0.234375000     -0.175343722      -9.88934934E-02   8.63739755E-03
  0.734375000      0.234375000     -0.163255244     -0.115961954       1.05915070E-02
  0.765625000      0.234375000     -0.148006290     -0.129473031       1.24748396E-02
  0.796875000      0.234375000     -0.129338175     -0.137417912       1.41253090E-02
  0.828125000      0.234375000     -0.107205860     -0.137253940       1.53896995E-02
  0.859375000      0.234375000      -8.20266604E-02 -0.126060113       1.61538105E-02
  0.890625000      0.234375000      -5.50980940E-02 -0.101192467       1.63836107E-02
  0.921875000      0.234375000      -2.92905308E-02  -6.23909160E-02   1.61679965E-02
  0.953125000      0.234375000      -9.76897124E-03  -1.79130919E-02   1.57168563E-02
  0.984375000      0.234375000      -1.19347533E-03   6.97477534E-03   1.53007116E-02
   1.56250000E-02  0.265625000      -3.78696132E-03   2.47520991E-02   1.69424340E-02
   4.68750000E-02  0.265625000      -1.44024603E-02   5.35466075E-02   1.65784713E-02
   7.81250000E-02  0.265625000      -2.90555917E-02   7.10170045E-02   1.61368400E-02
  0.109375000      0.265625000      -4.49688770E-02   8.34724009E-02   1.55163556E-02
  0.140625000      0.265625000      -6.11434504E-02   9.32042897E-02   1.46811353E-02
  0.171875000      0.265625000      -7.71746933E-02  0.100674421       1.36212828E-02
  0.203125000      0.265625000      -9.28180814E-02  0.105801508       1.23425946E-02
  0.234375000      0.265625000     -0.107870705      0.108426481       1.08662155E-02
  0.265625000      0.265625000     -0.122149676      0.108437628       9.22940671E-03
  0.296875000      0.265625000     -0.135491937      0.105791941       7.48489751E-03
  0.328125000      0.265625000     -0.147754908      0.100510359       5.69858169E-03
  0.359375000      0.265625000     -0.158815116       9.26668644E-02   3.94586381E-03
  0.390625000      0.265625000     -0.168565318       8.23777243E-02   2.30709533E-03
  0.421875000      0.265625000     -0.176912189       6.97926879E-02   8.62413959E-04
  0.453125000      0.265625000     -0.183775514       5.50895073E-02  -3.13762721E-04
  0.484375000      0.265625000     -0.189089030       3.84718999E-02  -1.15844735E-03
  0.515625000      0.265625000     -0.192802072       2.01708935E-02  -1.62585126E-03
  0.546875000      0.265625000     -0.194881171       4.48673847E-04  -1.69299648E-03
  0.578125000      0.265625000     -0.195310265      -2.03948040E-02  -1.31556694E-03
  0.609375000      0.265625000     -0.194062039      -4.21371236E-02  -4.45286685E-04
  0.640625000      0.265625000     -0.191042155      -6.44164756E-02   8.81958345E-04
  0.671875000      0.265625000     -0.186051935      -8.67481679E-02   2.60653137E-03
  0.703125000      0.265625000     -0.178774804     -0.108444586       4.64185514E-03
  0.734375000      0.265625000     -0.168781534     -0.128491908       6.87058736E-03
  0.765625000      0.265625000     -0.155567408     -0.145405546       9.14211012E-03
  0.796875000      0.265625000     -0.138636738     -0.157083720       1.12746060E-02
  0.828125000      0.265625000     -0.117657229     -0.160699546       1.30670108E-02
  0.859375000      0.265625000      -9.27233398E-02 -0.152727261       1.43281315E-02
  0.890625000      0.265625000      -6.48019165E-02 -0.129375011       1.49313156E-02
  0.921875000      0.265625000      -3.65036353E-02  -8.83137807E-02   1.48948859E-02
  0.953125000      0.265625000      -1.32494597E-02  -3.47650498E-02   1.44394794E-02
  0.984375000      0.265625000      -1.88943942E-03   3.89261008E-03   1.39083890E-02
   1.56250000E-02  0.296875000      -3.65335029E-03   3.21884677E-02   1.61757804E-02
   4.68750000E-02  0.296875000      -1.39932651E-02   6.70580268E-02   1.57974418E-02
   7.81250000E-02  0.296875000      -2.83444822E-02   8.65030587E-02   1.52951265E-02
  0.109375000      0.296875000      -4.38780971E-02   9.94275212E-02   1.45662613E-02
  0.140625000      0.296875000      -5.95393404E-02  0.109080754       1.35788936E-02
  0.171875000      0.296875000      -7.49170035E-02  0.116204470       1.23290811E-02
  0.203125000      0.296875000      -8.97918046E-02  0.120789416       1.08296890E-02
  0.234375000      0.296875000     -0.103999630      0.122701034       9.10939556E-03
  0.265625000      0.296875000     -0.117399320      0.121845819       7.21279951E-03
  0.296875000      0.296875000     -0.129866898      0.118199185       5.19936671E-03
  0.328125000      0.296875000     -0.141294092      0.111799642       3.14094312E-03
  0.359375000      0.296875000     -0.151587024      0.102737010       1.11811887E-03
  0.390625000      0.296875000     -0.160665780       9.11420807E-02  -7.84183852E-04
  0.421875000      0.296875000     -0.168465525       7.71793574E-02  -2.48168176E-03
  0.453125000      0.296875000     -0.174939126       6.10429719E-02  -3.89603339E-03
  0.484375000      0.296875000     -0.180059880       4.29548956E-02  -4.96027712E-03
  0.515625000      0.296875000     -0.183822155       2.31648162E-02  -5.62424213E-03
  0.546875000      0.296875000     -0.186238319       1.95153989E-03  -5.85962785E-03
  0.578125000      0.296875000     -0.187332004      -2.03731842E-02  -5.63207408E-03
  0.609375000      0.296875000     -0.187115788      -4.36213613E-02  -4.86802869E-03
  0.640625000      0.296875000     -0.185526460      -6.75396174E-02  -3.59295635E-03
  0.671875000      0.296875000     -0.182362303      -9.17777047E-02  -1.85048743E-03
  0.703125000      0.296875000     -0.177257955     -0.115795031       2.92355631E-04
  0.734375000      0.296875000     -0.169680312     -0.138711095       2.73699476E-03
  0.765625000      0.296875000     -0.158958748     -0.159120977       5.34352660E-03
  0.796875000      0.296875000     -0.144366369     -0.174890444       7.92308804E-03
  0.828125000      0.296875000     -0.125277162     -0.182960778       1.02394754E-02
  0.859375000      0.296875000     -0.101438895     -0.179237545       1.20319901E-02
  0.890625000      0.296875000      -7.34384432E-02 -0.158785984       1.30760968E-02
  0.921875000      0.296875000      -4.35242504E-02 -0.117114551       1.32948551E-02
  0.953125000      0.296875000      -1.70614384E-02  -5.56801185E-02   1.28839491E-02
  0.984375000      0.296875000      -2.80810124E-03  -8.03632778E-04   1.22519461E-02
   1.56250000E-02  0.328125000      -3.28872097E-03   3.91266942E-02   1.50996596E-02
   4.68750000E-02  0.328125000      -1.28354803E-02   7.99990445E-02   1.47202816E-02
   7.81250000E-02  0.328125000      -2.63511203E-02  0.101422146       1.41668944E-02
  0.109375000      0.328125000      -4.10547480E-02  0.114739925       1.33409975E-02
  0.140625000      0.328125000      -5.58327921E-02  0.124203250       1.22158341E-02
  0.171875000      0.328125000      -7.02532232E-02  0.130877435       1.07931131E-02
  0.203125000      0.328125000      -8.41085464E-02  0.134846061       9.09200590E-03
  0.234375000      0.328125000      -9.72600356E-02  0.136005506       7.14787003E-03
  0.265625000      0.328125000     -0.109594807      0.134279847       5.01194736E-03
  0.296875000      0.328125000     -0.121015362      0.129659176       2.74996436E-03
  0.328125000      0.328125000     -0.131436944      0.122195497       4.39511496E-04
  0.359375000      0.328125000     -0.140787676      0.111992314      -1.83359184E-03
  0.390625000      0.328125000     -0.149010926       9.91960391E-02  -3.97967827E-03
  0.421875000      0.328125000     -0.156070054       8.39908496E-02  -5.91018284E-03
  0.453125000      0.328125000     -0.161954090       6.65949285E-02  -7.54290354E-03
  0.484375000      0.328125000     -0.166681826       4.72565927E-02  -8.80726147E-03
  0.515625000      0.328125000     -0.170300797       2.62491927E-02  -9.64926649E-03
  0.546875000      0.328125000     -0.172878683       3.86614888E-03  -1.00358538E-02
  0.578125000      0.328125000     -0.174487948      -1.95803195E-02  -9.95066762E-03
  0.609375000      0.328125000     -0.175190747      -4.39240113E-02  -9.30266362E-03
  0.640625000      0.328125000     -0.174970567      -6.90433383E-02  -8.10929202E-03
  0.671875000      0.328125000     -0.173645020      -9.47609767E-02  -6.39915513E-03
  0.703125000      0.328125000     -0.170825705     -0.120733179      -4.21802001E-03
  0.734375000      0.328125000     -0.165900886     -0.146273524      -1.64008664E-03
  0.765625000      0.328125000     -0.158053741     -0.170125663       1.21585885E-03
  0.796875000      0.328125000     -0.146336079     -0.190194488       4.16878425E-03
  0.828125000      0.328125000     -0.129823968     -0.203256965       6.96440274E-03
  0.859375000      0.328125000     -0.107896440     -0.204706252       9.28631518E-03
  0.890625000      0.328125000      -8.07151869E-02 -0.188498154       1.08139124E-02
  0.921875000      0.328125000      -5.00823185E-02 -0.147948533       1.13547519E-02
  0.953125000      0.328125000      -2.10823249E-02  -8.03076550E-02   1.10369232E-02
  0.984375000      0.328125000      -3.94961284E-03  -7.55968876E-03   1.03178704E-02
   1.56250000E-02  0.359375000      -2.74820905E-03   4.51599285E-02   1.37610184E-02
   4.68750000E-02  0.359375000      -1.10918367E-02   9.18490291E-02   1.33926235E-02
   7.81250000E-02  0.359375000      -2.33333148E-02  0.115322679       1.27999932E-02
  0.109375000      0.359375000      -3.68340574E-02  0.129037976       1.18926615E-02
  0.140625000      0.359375000      -5.04211709E-02  0.138265684       1.06498152E-02
  0.171875000      0.359375000      -6.36283308E-02  0.144439429       9.07831080E-03
  0.203125000      0.359375000      -7.62478113E-02  0.147757635       7.20262295E-03
  0.234375000      0.359375000      -8.81557167E-02  0.148154378       5.06378617E-03
  0.265625000      0.359375000      -9.92577299E-02  0.145571202       2.71886750E-03
  0.296875000      0.359375000     -0.109474376      0.140010655       2.39341578E-04
  0.328125000      0.359375000     -0.118737787      0.131536394      -2.29165703E-03
  0.359375000      0.359375000     -0.126993179      0.120265990      -4.78306552E-03
  0.390625000      0.359375000     -0.134203881      0.106365196      -7.14040687E-03
  0.421875000      0.359375000     -0.140359059       9.00448859E-02  -9.27093625E-03
  0.453125000      0.359375000     -0.145482317       7.15569109E-02  -1.10890539E-02
  0.484375000      0.359375000     -0.149637371       5.11860102E-02  -1.25215389E-02
  0.515625000      0.359375000     -0.152926445       2.92364471E-02  -1.35119949E-02
  0.546875000      0.359375000     -0.155477121       6.01640530E-03  -1.40241757E-02
  0.578125000      0.359375000     -0.157418087      -1.81724653E-02  -1.40617583E-02
  0.609375000      0.359375000     -0.158870041      -4.31712791E-02  -1.35302069E-02
  0.640625000      0.359375000     -0.159877956      -6.90037534E-02  -1.24419862E-02
  0.671875000      0.359375000     -0.160303861      -9.56964642E-02  -1.08130239E-02
  0.703125000      0.359375000     -0.159769237     -0.123148635      -8.66800267E-03
  0.734375000      0.359375000     -0.157618344     -0.150931314      -6.05302630E-03
  0.765625000      0.359375000     -0.152916819     -0.178014487      -3.05653480E-03
  0.796875000      0.359375000     -0.144511297     -0.202427179       1.63613295E-04
  0.828125000      0.359375000     -0.131180048     -0.220866263       3.35492520E-03
  0.859375000      0.359375000     -0.111915097     -0.228288248       6.16485672E-03
  0.890625000      0.359375000      -8.64139348E-02 -0.217597514       8.18692055E-03
  0.921875000      0.359375000      -5.59663698E-02 -0.179928571       9.10211168E-03
  0.953125000      0.359375000      -2.52259895E-02 -0.108066641       8.93240236E-03
  0.984375000      0.359375000      -5.32464590E-03  -1.68322697E-02   8.16378742E-03
   1.56250000E-02  0.390625000      -2.09059077E-03   4.99951914E-02   1.22297443E-02
   4.68750000E-02  0.390625000      -8.92980676E-03  0.102189720       1.18828332E-02
   7.81250000E-02  0.390625000      -1.95466448E-02  0.127833858       1.12641174E-02
  0.109375000      0.390625000      -3.15413065E-02  0.142016351       1.02935610E-02
  0.140625000      0.390625000      -4.36871573E-02  0.151015252       8.95675551E-03
  0.171875000      0.390625000      -5.54716364E-02  0.156677663       7.26519059E-03
  0.203125000      0.390625000      -6.66765720E-02  0.159341604       5.24767302E-03
  0.234375000      0.390625000      -7.71854073E-02  0.158987045       2.94983201E-03
  0.265625000      0.390625000      -8.69167075E-02  0.155574232       4.33654321E-04
  0.296875000      0.390625000      -9.58047882E-02  0.149117291      -2.22425652E-03
  0.328125000      0.390625000     -0.103795655      0.139691249      -4.93557146E-03
  0.359375000      0.390625000     -0.110849157      0.127429038      -7.60412263E-03
  0.390625000      0.390625000     -0.116945520      0.112519473      -1.01307407E-02
  0.421875000      0.390625000     -0.122095063       9.52064544E-02  -1.24187944E-02
  0.453125000      0.390625000     -0.126349077       7.57843554E-02  -1.43800080E-02
  0.484375000      0.390625000     -0.129807964       5.45847937E-02  -1.59398280E-02
  0.515625000      0.390625000     -0.132621139       3.19526866E-02  -1.70414280E-02
  0.546875000      0.390625000     -0.134972125       8.21514986E-03  -1.76477712E-02
  0.578125000      0.390625000     -0.137046918      -1.63437612E-02  -1.77785493E-02
  0.609375000      0.390625000     -0.139031678      -4.15548421E-02  -1.73535198E-02
  0.640625000      0.390625000     -0.141046286      -6.75914884E-02  -1.63832735E-02
  0.671875000      0.390625000     -0.143023401      -9.47008729E-02  -1.48747517E-02
  0.703125000      0.390625000     -0.144636363     -0.123062089      -1.28342574E-02
  0.734375000      0.390625000     -0.145233676     -0.152568370      -1.02791758E-02
  0.765625000      0.390625000     -0.143804997     -0.182505161      -7.26122037E-03
  0.796875000      0.390625000     -0.139017582     -0.211127460      -3.90129909E-03
  0.828125000      0.390625000     -0.129357889     -0.235155314      -4.29238949E-04
  0.859375000      0.390625000     -0.113416418     -0.249204248       2.79044081E-03
  0.890625000      0.390625000      -9.03907493E-02 -0.245207161       5.28436154E-03
  0.921875000      0.390625000      -6.09961376E-02 -0.212159932       6.60736393E-03
  0.953125000      0.390625000      -2.93269213E-02 -0.138243467       6.64360123E-03
  0.984375000      0.390625000      -6.86299754E-03  -2.90183835E-02   5.86950500E-03
   1.56250000E-02  0.421875000      -1.37683912E-03   5.34592271E-02   1.05873104E-02
   4.68750000E-02  0.421875000      -6.51750714E-03  0.110698931       1.02713937E-02
   7.81250000E-02  0.421875000      -1.52386548E-02  0.138656333       9.64087714E-03
  0.109375000      0.421875000      -2.54854970E-02  0.153429508       8.62698909E-03
  0.140625000      0.421875000      -3.59924659E-02  0.162249595       7.22208433E-03
  0.171875000      0.421875000      -4.61904891E-02  0.167421266       5.44194039E-03
  0.203125000      0.421875000      -5.58418222E-02  0.169450909       3.31880199E-03
  0.234375000      0.421875000      -6.48320988E-02  0.168375313       9.01801512E-04
  0.265625000      0.421875000      -7.30904341E-02  0.164176434      -1.74319989E-03
  0.296875000      0.421875000      -8.05644244E-02  0.156880707      -4.53531416E-03
  0.328125000      0.421875000      -8.72143358E-02  0.146574944      -7.38159893E-03
  0.359375000      0.421875000      -9.30148512E-02  0.133408263      -1.01811960E-02
  0.390625000      0.421875000      -9.79614407E-02  0.117594302      -1.28305480E-02
  0.421875000      0.421875000     -0.102080345       9.94130149E-02  -1.52295306E-02
  0.453125000      0.421875000     -0.105440423       7.92063624E-02  -1.72878876E-02
  0.484375000      0.421875000     -0.108163983       5.73610440E-02  -1.89309958E-02
  0.515625000      0.421875000     -0.110431015       3.42735797E-02  -2.01037135E-02
  0.546875000      0.421875000     -0.112467207       1.02992058E-02  -2.07708925E-02
  0.578125000      0.421875000     -0.114501797      -1.43025629E-02  -2.09590830E-02
  0.609375000      0.421875000     -0.116785511      -3.93161997E-02  -2.06218809E-02
  0.640625000      0.421875000     -0.119522735      -6.50704056E-02  -1.97692215E-02
  0.671875000      0.421875000     -0.122739032      -9.20225680E-02  -1.84038877E-02
  0.703125000      0.421875000     -0.126211822     -0.120649986      -1.65194161E-02
  0.734375000      0.421875000     -0.129360020     -0.151231289      -1.41079379E-02
  0.765625000      0.421875000     -0.131157756     -0.183470249      -1.11824637E-02
  0.796875000      0.421875000     -0.130133241     -0.215971977      -7.81670958E-03
  0.828125000      0.421875000     -0.124494970     -0.245606884      -4.19824151E-03
  0.859375000      0.421875000     -0.112420529     -0.266767055      -6.76744501E-04
  0.890625000      0.421875000      -9.25727338E-02 -0.270516515       2.23410223E-03
  0.921875000      0.421875000      -6.50292635E-02 -0.243787467       3.97515483E-03
  0.953125000      0.421875000      -3.32039446E-02 -0.170109063       4.27079108E-03
  0.984375000      0.421875000      -8.46923701E-03  -4.43492942E-02   3.53711424E-03
   1.56250000E-02  0.453125000      -6.72262046E-04   5.55050150E-02   8.91602226E-03
   4.68750000E-02  0.453125000      -4.02553473E-03  0.117140591       8.64151213E-03
   7.81250000E-02  0.453125000      -1.06474860E-02  0.147551537       8.01476091E-03
  0.109375000      0.453125000      -1.89570598E-02  0.163084760       6.97853183E-03
  0.140625000      0.453125000      -2.76749507E-02  0.171813488       5.53254364E-03
  0.171875000      0.453125000      -3.61658111E-02  0.176540896       3.69667541E-03
  0.203125000      0.453125000      -4.41631004E-02  0.177975297       1.50582741E-03
  0.234375000      0.453125000      -5.15505709E-02  0.176225409      -9.88524407E-04
  0.265625000      0.453125000      -5.82676977E-02  0.171300650      -3.71789560E-03
  0.296875000      0.453125000      -6.42775297E-02  0.163241923      -6.59824628E-03
  0.328125000      0.453125000      -6.95578530E-02  0.152148739      -9.53297038E-03
  0.359375000      0.453125000      -7.41012990E-02  0.138186470      -1.24172205E-02
  0.390625000      0.453125000      -7.79198259E-02  0.121592395      -1.51435845E-02
  0.421875000      0.453125000      -8.10525715E-02  0.102680571      -1.76088307E-02
  0.453125000      0.453125000      -8.35760236E-02   8.18388462E-02  -1.97211280E-02
  0.484375000      0.453125000      -8.56151655E-02   5.95100597E-02  -2.14065704E-02
  0.515625000      0.453125000      -8.73529166E-02   3.61502282E-02  -2.26134323E-02
  0.546875000      0.453125000      -8.90312865E-02   1.21598924E-02  -2.33125854E-02
  0.578125000      0.453125000      -9.09341276E-02  -1.22060683E-02  -2.35173926E-02
  0.609375000      0.453125000      -9.33445320E-02  -3.67052108E-02  -2.32471246E-02
  0.640625000      0.453125000      -9.65058357E-02  -6.17733859E-02  -2.24987771E-02
  0.671875000      0.453125000     -0.100566596      -8.80354345E-02  -2.12786794E-02
  0.703125000      0.453125000     -0.105469838     -0.116255626      -1.95763130E-02
  0.734375000      0.453125000     -0.110790819     -0.147152230      -1.73664819E-02
  0.765625000      0.453125000     -0.115574270     -0.180964798      -1.46269333E-02
  0.796875000      0.453125000     -0.118271664     -0.216801971      -1.13793286E-02
  0.828125000      0.453125000     -0.116840452     -0.251844347      -7.75307789E-03
  0.859375000      0.453125000     -0.109037787     -0.280405104      -4.05631168E-03
  0.890625000      0.453125000      -9.29566175E-02 -0.292806059      -8.11201520E-04
  0.921875000      0.453125000      -6.79726079E-02 -0.274024129       1.33195997E-03
  0.953125000      0.453125000      -3.67032290E-02 -0.202965707       1.92789710E-03
  0.984375000      0.453125000      -1.00556528E-02  -6.28730729E-02   1.27777236E-03
   1.56250000E-02  0.484375000      -4.71300409E-05   5.62210381E-02   7.28873024E-03
   4.68750000E-02  0.484375000      -1.62727910E-03  0.121351436       7.07337959E-03
   7.81250000E-02  0.484375000      -6.00116095E-03  0.154330209       6.46607112E-03
  0.109375000      0.484375000      -1.22274589E-02  0.170835733       5.42866904E-03
  0.140625000      0.484375000      -1.90479234E-02  0.179594696       3.96909984E-03
  0.171875000      0.484375000      -2.57497989E-02  0.183946282       2.11076229E-03
  0.203125000      0.484375000      -3.20276991E-02  0.184839234      -1.09506203E-04
  0.234375000      0.484375000      -3.77586409E-02  0.182474881      -2.63919821E-03
  0.265625000      0.484375000      -4.28929776E-02  0.176899344      -5.40873362E-03
  0.296875000      0.484375000      -4.74127010E-02  0.168172076      -8.33240524E-03
  0.328125000      0.484375000      -5.13181686E-02  0.156407028      -1.13112414E-02
  0.359375000      0.484375000      -5.46254069E-02  0.141785294      -1.42374812E-02
  0.390625000      0.484375000      -5.73677048E-02  0.124564722      -1.70005932E-02
  0.421875000      0.484375000      -5.95997684E-02  0.105087131      -1.94946025E-02
  0.453125000      0.484375000      -6.14036769E-02   8.37771595E-02  -2.16260962E-02
  0.484375000      0.484375000      -6.28966615E-02   6.11244440E-02  -2.33215876E-02
  0.515625000      0.484375000      -6.42408133E-02   3.76409329E-02  -2.45327167E-02
  0.546875000      0.484375000      -6.56552315E-02   1.37872975E-02  -2.52375044E-02
  0.578125000      0.484375000      -6.74317107E-02  -1.01315361E-02  -2.54375208E-02
  0.609375000      0.484375000      -6.98529631E-02  -3.39321978E-02  -2.52088122E-02
  0.640625000      0.484375000      -7.31792897E-02  -5.80476783E-02  -2.45398097E-02
  0.671875000      0.484375000      -7.76739866E-02  -8.31974447E-02  -2.34460905E-02
  0.703125000      0.484375000      -8.34870189E-02 -0.110371068      -2.19227578E-02
  0.734375000      0.484375000      -9.04442966E-02 -0.140753686      -1.99387390E-02
  0.765625000      0.484375000      -9.77760404E-02 -0.175244451      -1.74455419E-02
  0.796875000      0.484375000     -0.103954040     -0.213644058      -1.44146048E-02
  0.828125000      0.484375000     -0.106734931     -0.253650337      -1.09072803E-02
  0.859375000      0.484375000     -0.103455886     -0.289679050      -7.16654537E-03
  0.890625000      0.484375000      -9.16046128E-02 -0.311463118      -3.68920760E-03
  0.921875000      0.484375000      -6.97893202E-02 -0.302165151      -1.18535920E-03
  0.953125000      0.484375000      -3.97206321E-02 -0.236161456      -2.66473187E-04
  0.984375000      0.484375000      -1.15580428E-02  -8.44858438E-02  -7.95965025E-04
   1.56250000E-02  0.515625000       4.96053079E-04   5.57686239E-02   5.77952014E-03
   4.68750000E-02  0.515625000       5.57131541E-04  0.123316094       5.61903231E-03
   7.81250000E-02  0.515625000      -1.53937319E-03  0.158829316       5.06528746E-03
  0.109375000      0.515625000      -5.55705465E-03  0.176573992       4.04649321E-03
  0.140625000      0.515625000      -1.04038268E-02  0.185516924       2.60138488E-03
  0.171875000      0.515625000      -1.52670182E-02  0.189582139       7.53649219E-04
  0.203125000      0.515625000      -1.97900515E-02  0.189997196      -1.45816116E-03
  0.234375000      0.515625000      -2.38346271E-02  0.187085688      -3.98212019E-03
  0.265625000      0.515625000      -2.73616426E-02  0.180944353      -6.74943067E-03
  0.296875000      0.515625000      -3.03755328E-02  0.171657443      -9.67450440E-03
  0.328125000      0.515625000      -3.29042524E-02  0.159355953      -1.26576265E-02
  0.359375000      0.515625000      -3.49931642E-02  0.144236684      -1.55894728E-02
  0.390625000      0.515625000      -3.67034376E-02  0.126574591      -1.83573682E-02
  0.421875000      0.515625000      -3.81122455E-02  0.106731415      -2.08530556E-02
  0.453125000      0.515625000      -3.93137448E-02   8.51558596E-02  -2.29812637E-02
  0.484375000      0.515625000      -4.04209942E-02   6.23672828E-02  -2.46678870E-02
  0.515625000      0.515625000      -4.15693223E-02   3.89148518E-02  -2.58659963E-02
  0.546875000      0.515625000      -4.29229736E-02   1.53077077E-02  -2.65577678E-02
  0.578125000      0.515625000      -4.46881652E-02  -8.08514655E-03  -2.67507695E-02
  0.609375000      0.515625000      -4.71127480E-02  -3.11137326E-02  -2.65384857E-02
  0.640625000      0.515625000      -5.04745096E-02  -5.41653521E-02  -2.59182416E-02
  0.671875000      0.515625000      -5.50897643E-02  -7.79605210E-02  -2.49164589E-02
  0.703125000      0.515625000      -6.13066629E-02 -0.103571072      -2.35429127E-02
  0.734375000      0.515625000      -6.92777187E-02 -0.132620037      -2.17736065E-02
  0.765625000      0.515625000      -7.85536841E-02 -0.166766375      -1.95472464E-02
  0.796875000      0.515625000      -8.77723694E-02 -0.206722423      -1.67942215E-02
  0.828125000      0.515625000      -9.45824459E-02 -0.250978708      -1.35057587E-02
  0.859375000      0.515625000      -9.59196389E-02 -0.294290781      -9.84199159E-03
  0.890625000      0.515625000      -8.86328518E-02 -0.325988054      -6.24189526E-03
  0.921875000      0.515625000      -7.04957768E-02 -0.327591360      -3.43855121E-03
  0.953125000      0.515625000      -4.22050282E-02 -0.269093424      -2.19326373E-03
  0.984375000      0.515625000      -1.29384706E-02 -0.108981617      -2.57261586E-03
   1.56250000E-02  0.546875000       9.90834669E-04   5.42780608E-02   4.45734477E-03
   4.68750000E-02  0.546875000       2.52148556E-03  0.123207644       4.33231751E-03
   7.81250000E-02  0.546875000       2.54063122E-03  0.161007971       3.83179029E-03
  0.109375000      0.546875000       7.57457921E-04  0.180188999       2.88364501E-03
  0.140625000      0.546875000      -2.02765013E-03  0.189526320       1.48425507E-03
  0.171875000      0.546875000      -5.02132997E-03  0.193421721      -3.20749270E-04
  0.203125000      0.546875000      -7.77612533E-03  0.193427160      -2.48671719E-03
  0.234375000      0.546875000      -1.01204310E-02  0.190036312      -4.96519310E-03
  0.265625000      0.546875000      -1.20236194E-02  0.183416456      -7.69047439E-03
  0.296875000      0.546875000      -1.35145802E-02  0.173684657      -1.05789844E-02
  0.328125000      0.546875000      -1.46523174E-02  0.160992801      -1.35320118E-02
  0.359375000      0.546875000      -1.55159226E-02  0.145554140      -1.64401829E-02
  0.390625000      0.546875000      -1.61997937E-02  0.127657995      -1.91898141E-02
  0.421875000      0.546875000      -1.68101788E-02  0.107679106      -2.16709003E-02
  0.453125000      0.546875000      -1.74616445E-02   8.60780925E-02  -2.37861034E-02
  0.484375000      0.546875000      -1.82727650E-02   6.33849204E-02  -2.54594684E-02
  0.515625000      0.546875000      -1.93602089E-02   4.01582047E-02  -2.66431533E-02
  0.546875000      0.546875000      -2.08313391E-02   1.69170983E-02  -2.73202993E-02
  0.578125000      0.546875000      -2.27881726E-02  -5.94516657E-03  -2.75030341E-02
  0.609375000      0.546875000      -2.53884234E-02  -2.82078926E-02  -2.72940174E-02
  0.640625000      0.546875000      -2.88600791E-02  -5.02237193E-02  -2.66958512E-02
  0.671875000      0.546875000      -3.34934965E-02  -7.26432502E-02  -2.57450268E-02
  0.703125000      0.546875000      -3.97673845E-02  -9.63899195E-02  -2.44754199E-02
  0.734375000      0.546875000      -4.81722429E-02 -0.123419538      -2.28810348E-02
  0.765625000      0.546875000      -5.86970821E-02 -0.156161785      -2.09023505E-02
  0.796875000      0.546875000      -7.03442097E-02 -0.196458042      -1.84454750E-02
  0.828125000      0.546875000      -8.08162168E-02 -0.243958667      -1.54379783E-02
  0.859375000      0.546875000      -8.67035389E-02 -0.294084549      -1.19475042E-02
  0.890625000      0.546875000      -8.41909200E-02 -0.335992336      -8.32732487E-03
  0.921875000      0.546875000      -7.01478124E-02 -0.349766135      -5.29483240E-03
  0.953125000      0.546875000      -4.41484079E-02 -0.301207662      -3.73449968E-03
  0.984375000      0.546875000      -1.41808279E-02 -0.136100322      -3.94119555E-03
   1.56250000E-02  0.578125000       1.39777677E-03   5.18854186E-02   3.34896240E-03
   4.68750000E-02  0.578125000       4.20694984E-03  0.121252447       3.26765515E-03
   7.81250000E-02  0.578125000       6.15946762E-03  0.160983533       2.82206642E-03
  0.109375000      0.578125000       6.49983529E-03  0.181648195       1.94411178E-03
  0.140625000      0.578125000       5.76020032E-03  0.191583574       6.33018499E-04
  0.171875000      0.578125000       4.66966210E-03  0.195439935      -1.08007574E-03
  0.203125000      0.578125000       3.70834139E-03  0.195115775      -3.15863290E-03
  0.234375000      0.578125000       3.07768700E-03  0.191313103      -5.55281620E-03
  0.265625000      0.578125000       2.81440420E-03  0.184297055      -8.19902401E-03
  0.296875000      0.578125000       2.87057343E-03  0.174231365      -1.10171055E-02
  0.328125000      0.578125000       3.15510272E-03  0.161294729      -1.39110303E-02
  0.359375000      0.578125000       3.55221541E-03  0.145718306      -1.67728569E-02
  0.390625000      0.578125000       3.93080572E-03  0.127803802      -1.94890108E-02
  0.421875000      0.578125000       4.15144954E-03  0.107933290      -2.19483394E-02
  0.453125000      0.578125000       4.07379121E-03   8.65688473E-02  -2.40512155E-02
  0.484375000      0.578125000       3.56548512E-03   6.42345175E-02  -2.57185362E-02
  0.515625000      0.578125000       2.51285499E-03   4.14739177E-02  -2.68988926E-02
  0.546875000      0.578125000       8.32394464E-04   1.87814645E-02  -2.75719427E-02
  0.578125000      0.578125000      -1.50579074E-03  -3.48547776E-03  -2.77497061E-02
  0.609375000      0.578125000      -4.51440178E-03  -2.50356775E-02  -2.75417157E-02
  0.640625000      0.578125000      -8.30208324E-03  -4.61213887E-02  -2.69487873E-02
  0.671875000      0.578125000      -1.30829010E-02  -6.73204362E-02  -2.60073580E-02
  0.703125000      0.578125000      -1.93471834E-02  -8.91665071E-02  -2.47930922E-02
  0.734375000      0.578125000      -2.78031193E-02 -0.113776155      -2.33186167E-02
  0.765625000      0.578125000      -3.89111936E-02 -0.144167811      -2.15354078E-02
  0.796875000      0.578125000      -5.22620007E-02 -0.183450848      -1.93513837E-02
  0.828125000      0.578125000      -6.58609718E-02 -0.232892573      -1.66440178E-02
  0.859375000      0.578125000      -7.60790259E-02 -0.289043605      -1.33875292E-02
  0.890625000      0.578125000      -7.84333572E-02 -0.341190338      -9.82854329E-03
  0.921875000      0.578125000      -6.88175783E-02 -0.368225992      -6.63219392E-03
  0.953125000      0.578125000      -4.55680452E-02 -0.331995785      -4.77357907E-03
  0.984375000      0.578125000      -1.52831012E-02 -0.165563807      -4.78910655E-03
   1.56250000E-02  0.609375000       1.70048641E-03   4.87826467E-02   2.46306695E-03
   4.68750000E-02  0.609375000       5.55897225E-03  0.117678627       2.42769648E-03
   7.81250000E-02  0.609375000       9.21874121E-03  0.158936113       2.05055857E-03
  0.109375000      0.609375000       1.15241557E-02  0.181040734       1.26493583E-03
  0.140625000      0.609375000       1.27564482E-02  0.191689104       6.48064743E-05
  0.171875000      0.609375000       1.35522522E-02  0.195619524      -1.52793410E-03
  0.203125000      0.609375000       1.43929552E-02  0.195046753      -3.48262116E-03
  0.234375000      0.609375000       1.54986093E-02  0.190896779      -5.75722707E-03
  0.265625000      0.609375000       1.69044323E-02  0.183560789      -8.29403475E-03
  0.296875000      0.609375000       1.85400806E-02  0.173267052      -1.10168587E-02
  0.328125000      0.609375000       2.02798974E-02  0.160228461      -1.38318390E-02
  0.359375000      0.609375000       2.19693147E-02  0.144695640      -1.66314952E-02
  0.390625000      0.609375000       2.34393962E-02  0.126980290      -1.93013325E-02
  0.421875000      0.609375000       2.45176051E-02  0.107465982      -2.17282623E-02
  0.453125000      0.609375000       2.50387155E-02   8.66064504E-02  -2.38101147E-02
  0.484375000      0.609375000       2.48576440E-02   6.49054050E-02  -2.54648943E-02
  0.515625000      0.609375000       2.38645952E-02   4.28724587E-02  -2.66383160E-02
  0.546875000      0.609375000       2.20022686E-02   2.09530350E-02  -2.73078084E-02
  0.578125000      0.609375000       1.92749687E-02  -5.62537462E-04  -2.74822768E-02
  0.609375000      0.609375000       1.57870725E-02  -2.14380845E-02  -2.72688698E-02
  0.640625000      0.609375000       1.15807671E-02  -4.17090058E-02  -2.66774278E-02
  0.671875000      0.609375000       6.40825741E-03  -6.17680587E-02  -2.57746149E-02
  0.703125000      0.609375000      -1.11364643E-04  -8.19265544E-02  -2.45822817E-02
  0.734375000      0.609375000      -8.53253901E-03 -0.104132809      -2.31756363E-02
  0.765625000      0.609375000      -1.97227411E-02 -0.131508410      -2.15098634E-02
  0.796875000      0.609375000      -3.40410396E-02 -0.168437988      -1.95426065E-02
  0.828125000      0.609375000      -5.00966161E-02 -0.218248695      -1.71133801E-02
  0.859375000      0.609375000      -6.42794669E-02 -0.279285043      -1.41099589E-02
  0.890625000      0.609375000      -7.14853257E-02 -0.341387630      -1.06591964E-02
  0.921875000      0.609375000      -6.65634125E-02 -0.382565558      -7.34276837E-03
  0.953125000      0.609375000      -4.64838073E-02 -0.360984534      -5.19415410E-03
  0.984375000      0.609375000      -1.62482355E-02 -0.197094828      -4.99825738E-03
   1.56250000E-02  0.640625000       1.88895047E-03   4.51881811E-02   1.79404370E-03
   4.68750000E-02  0.640625000       6.53032027E-03  0.112763256       1.80365611E-03
   7.81250000E-02  0.640625000       1.16166547E-02  0.155095428       1.50760415E-03
  0.109375000      0.640625000       1.56794377E-02  0.178503066       8.39370303E-04
  0.140625000      0.640625000       1.87712144E-02  0.189892232      -2.18579022E-04
  0.171875000      0.640625000       2.14139819E-02  0.193967089      -1.65765581E-03
  0.203125000      0.640625000       2.40574777E-02  0.193204045      -3.45754065E-03
  0.234375000      0.640625000       2.69191749E-02  0.188761115      -5.58491889E-03
  0.265625000      0.640625000       3.00226919E-02  0.181176424      -7.98868015E-03
  0.296875000      0.640625000       3.32708396E-02  0.170758098      -1.05970064E-02
  0.328125000      0.640625000       3.65016237E-02  0.157759637      -1.33182351E-02
  0.359375000      0.640625000       3.95217836E-02  0.142451257      -1.60452537E-02
  0.390625000      0.640625000       4.21266854E-02  0.125150681      -1.86625309E-02
  0.421875000      0.640625000       4.41147685E-02  0.106235623      -2.10550204E-02
  0.453125000      0.640625000       4.53012735E-02   8.61410499E-02  -2.31179092E-02
  0.484375000      0.640625000       4.55326140E-02   6.53376281E-02  -2.47660130E-02
  0.515625000      0.640625000       4.46995720E-02   4.42878790E-02  -2.59411894E-02
  0.546875000      0.640625000       4.27453220E-02   2.33790409E-02  -2.66159307E-02
  0.578125000      0.640625000       3.96705754E-02   2.84006610E-03  -2.67921537E-02
  0.609375000      0.640625000       3.56078222E-02  -1.72670744E-02  -2.65780687E-02
  0.640625000      0.640625000       3.06734219E-02  -3.67231928E-02  -2.59718262E-02
  0.671875000      0.640625000       2.48165727E-02  -5.57130352E-02  -2.50366367E-02
  0.703125000      0.640625000       1.79486815E-02  -7.45856613E-02  -2.38362830E-02
  0.734375000      0.640625000       9.63006075E-03  -9.47277993E-02  -2.24555898E-02
  0.765625000      0.640625000      -1.37991458E-03 -0.118708953      -2.09048633E-02
  0.796875000      0.640625000      -1.60733461E-02 -0.152222767      -1.90845802E-02
  0.828125000      0.640625000      -3.38283479E-02 -0.200651318      -1.68776065E-02
  0.859375000      0.640625000      -5.14670014E-02 -0.265059590      -1.41045833E-02
  0.890625000      0.640625000      -6.34042919E-02 -0.336468995      -1.07651213E-02
  0.921875000      0.640625000      -6.33933768E-02 -0.392416358      -7.33318459E-03
  0.953125000      0.640625000      -4.68911380E-02 -0.387714982      -4.87589510E-03
  0.984375000      0.640625000      -1.70738511E-02 -0.230416700      -4.43735998E-03
   1.56250000E-02  0.671875000       1.95439602E-03   4.13392782E-02   1.32457702E-03
   4.68750000E-02  0.671875000       7.07181636E-03  0.106842339       1.37557089E-03
   7.81250000E-02  0.671875000       1.32397171E-02  0.149751082       1.17264502E-03
  0.109375000      0.671875000       1.87942125E-02  0.174218893       6.50268863E-04
  0.140625000      0.671875000       2.35935301E-02  0.186273843      -2.27525859E-04
  0.171875000      0.671875000       2.80274451E-02  0.190497130      -1.47363299E-03
  0.203125000      0.671875000       3.24768424E-02  0.189569354      -3.08414409E-03
  0.234375000      0.671875000       3.71255279E-02  0.184873879      -5.03690541E-03
  0.265625000      0.671875000       4.19682935E-02  0.177106485      -7.28778169E-03
  0.296875000      0.671875000       4.68738079E-02  0.166664839      -9.76870023E-03
  0.328125000      0.671875000       5.16421162E-02  0.153846622      -1.23892352E-02
  0.359375000      0.671875000       5.60431406E-02  0.138939351      -1.50416577E-02
  0.390625000      0.671875000       5.98408394E-02  0.122260630      -1.76086016E-02
  0.421875000      0.671875000       6.28106147E-02  0.104173459      -1.99723840E-02
  0.453125000      0.671875000       6.47544116E-02   8.50836188E-02  -2.20250171E-02
  0.484375000      0.671875000       6.55144453E-02   6.54191077E-02  -2.36775037E-02
  0.515625000      0.671875000       6.49819523E-02   4.55912314E-02  -2.48669870E-02
  0.546875000      0.671875000       6.30947500E-02   2.59391554E-02  -2.55599655E-02
  0.578125000      0.671875000       5.98275103E-02   6.64525665E-03  -2.57497132E-02
  0.609375000      0.671875000       5.53120449E-02  -1.24728074E-02  -2.55340859E-02
  0.640625000      0.671875000       4.96807843E-02  -3.09359506E-02  -2.49180496E-02
  0.671875000      0.671875000       4.29522097E-02  -4.89038937E-02  -2.39565223E-02
  0.703125000      0.671875000       3.51572745E-02  -6.67241067E-02  -2.27192380E-02
  0.734375000      0.671875000       2.61790194E-02  -8.52868259E-02  -2.12825313E-02
  0.765625000      0.671875000       1.55342584E-02 -0.106491253      -1.97061803E-02
  0.796875000      0.671875000       1.38718914E-03 -0.135597408      -1.80392060E-02
  0.828125000      0.671875000      -1.72649696E-02 -0.180867940      -1.59980841E-02
  0.859375000      0.671875000      -3.77037600E-02 -0.246764570      -1.33960061E-02
  0.890625000      0.671875000      -5.41369431E-02 -0.326392949      -1.01211984E-02
  0.921875000      0.671875000      -5.92200980E-02 -0.397419751      -6.51985034E-03
  0.953125000      0.671875000      -4.67279293E-02 -0.411705643      -3.68366437E-03
  0.984375000      0.671875000      -1.77402664E-02 -0.265230715      -2.94605247E-03
   1.56250000E-02  0.703125000       1.88404263E-03   3.74948010E-02   1.02786114E-03
   4.68750000E-02  0.703125000       7.11835362E-03  0.100323118       1.11403666E-03
   7.81250000E-02  0.703125000       1.39456857E-02  0.143263161       1.01685990E-03
  0.109375000      0.703125000       2.06642225E-02  0.168421701       6.73708448E-04
  0.140625000      0.703125000       2.69855019E-02  0.180938184       2.09864575E-05
  0.171875000      0.703125000       3.31492722E-02  0.185222834      -9.87269916E-04
  0.203125000      0.703125000       3.94227281E-02  0.184108734      -2.37157987E-03
  0.234375000      0.703125000       4.59140018E-02  0.179183036      -4.12406819E-03
  0.265625000      0.703125000       5.25629148E-02  0.171295136      -6.20738091E-03
  0.296875000      0.703125000       5.91922775E-02  0.160932422      -8.55542347E-03
  0.328125000      0.703125000       6.55619130E-02  0.148434594      -1.10768545E-02
  0.359375000      0.703125000       7.14079365E-02  0.134101048      -1.36613874E-02
  0.390625000      0.703125000       7.64687061E-02  0.118241139      -1.61882751E-02
  0.421875000      0.703125000       8.05031657E-02  0.101193756      -1.85360797E-02
  0.453125000      0.703125000       8.33057761E-02   8.33263472E-02  -2.05927361E-02
  0.484375000      0.703125000       8.47185254E-02   6.50170296E-02  -2.22647544E-02
  0.515625000      0.703125000       8.46382678E-02   4.66226712E-02  -2.34841462E-02
  0.546875000      0.703125000       8.30170214E-02   2.84350235E-02  -2.42122561E-02
  0.578125000      0.703125000       7.98502713E-02   1.06033981E-02  -2.44398676E-02
  0.609375000      0.703125000       7.50850141E-02  -7.13061867E-03  -2.41965652E-02
  0.640625000      0.703125000       6.87984526E-02  -2.43447945E-02  -2.35879924E-02
  0.671875000      0.703125000       6.11876547E-02  -4.11454178E-02  -2.26061996E-02
  0.703125000      0.703125000       5.23476601E-02  -5.78405634E-02  -2.13238876E-02
  0.734375000      0.703125000       4.22974154E-02  -7.51370043E-02  -1.98171660E-02
  0.765625000      0.703125000       3.08871605E-02  -9.45827663E-02  -1.81566738E-02
  0.796875000      0.703125000       1.74020641E-02 -0.119871676      -1.63948163E-02
  0.828125000      0.703125000      -6.27815723E-04 -0.159910530      -1.45317167E-02
  0.859375000      0.703125000      -2.29290891E-02 -0.224981427      -1.20306276E-02
  0.890625000      0.703125000      -4.34688367E-02 -0.311202973      -8.72218050E-03
  0.921875000      0.703125000      -5.38002849E-02 -0.397194982      -4.81599569E-03
  0.953125000      0.703125000      -4.58297022E-02 -0.432393014      -1.44453382E-03
  0.984375000      0.703125000      -1.81948300E-02 -0.301165819      -3.03736801E-04
   1.56250000E-02  0.734375000       1.64752372E-03   3.39567661E-02   8.69200390E-04
   4.68750000E-02  0.734375000       6.55599637E-03   9.37056169E-02   9.82348458E-04
   7.81250000E-02  0.734375000       1.35286320E-02  0.136068135       1.00737088E-03
  0.109375000      0.734375000       2.10287496E-02  0.161385477       8.84634850E-04
  0.140625000      0.734375000       2.86724493E-02  0.173996776       5.09471167E-04
  0.171875000      0.734375000       3.65206338E-02  0.178139746      -2.11771563E-04
  0.203125000      0.734375000       4.46694344E-02  0.176757485      -1.33325253E-03
  0.234375000      0.734375000       5.30975983E-02  0.171603650      -2.86424835E-03
  0.265625000      0.734375000       6.16552308E-02  0.163658082      -4.77278931E-03
  0.296875000      0.734375000       7.01034516E-02  0.153483853      -6.99154940E-03
  0.328125000      0.734375000       7.81589299E-02  0.141452432      -9.42485966E-03
  0.359375000      0.734375000       8.55281800E-02  0.127865359      -1.19570186E-02
  0.390625000      0.734375000       9.19309407E-02  0.113014221      -1.44618079E-02
  0.421875000      0.734375000       9.71168429E-02   9.72049683E-02  -1.68126058E-02
  0.453125000      0.734375000      0.100877896       8.07597786E-02  -1.88923217E-02
  0.484375000      0.734375000      0.103057474       6.40028119E-02  -2.06022058E-02
  0.515625000      0.734375000      0.103553638       4.72349972E-02  -2.18684189E-02
  0.546875000      0.734375000      0.102313578       3.06996554E-02  -2.26455200E-02
  0.578125000      0.734375000       9.93078053E-02   1.45276394E-02  -2.29163188E-02
  0.609375000      0.734375000       9.44378078E-02  -1.40317797E-03  -2.26869769E-02
  0.640625000      0.734375000       8.77773836E-02  -1.71114635E-02  -2.20794044E-02
  0.671875000      0.734375000       7.95330927E-02  -3.25143114E-02  -2.10786406E-02
  0.703125000      0.734375000       6.98036700E-02  -4.78960723E-02  -1.97465532E-02
  0.734375000      0.734375000       5.86752072E-02  -6.38988838E-02  -1.81540456E-02
  0.765625000      0.734375000       4.61663418E-02  -8.18994641E-02  -1.63706541E-02
  0.796875000      0.734375000       3.20434198E-02 -0.104945734      -1.44495815E-02
  0.828125000      0.734375000       1.51394792E-02 -0.139902264      -1.23955822E-02
  0.859375000      0.734375000      -6.97108125E-03 -0.200577945      -1.00765834E-02
  0.890625000      0.734375000      -3.09597421E-02 -0.291078240      -6.56576967E-03
  0.921875000      0.734375000      -4.66446504E-02 -0.391303599      -2.10488332E-03
  0.953125000      0.734375000      -4.38622832E-02 -0.449037552       2.09619803E-03
  0.984375000      0.734375000      -1.83289405E-02 -0.337689698       3.82860727E-03
   1.56250000E-02  0.765625000       1.16027147E-03   3.11421938E-02   8.05250253E-04
   4.68750000E-02  0.765625000       5.14567969E-03   8.76130089E-02   9.39617632E-04
   7.81250000E-02  0.765625000       1.16541423E-02  0.128666669       1.11394690E-03
  0.109375000      0.765625000       1.95363387E-02  0.153391808       1.26482802E-03
  0.140625000      0.765625000       2.83351541E-02  0.165535301       1.22679409E-03
  0.171875000      0.765625000       3.78757976E-02  0.169200107       8.42595764E-04
  0.203125000      0.765625000       4.80096489E-02  0.167402849       1.57851373E-05
  0.234375000      0.765625000       5.85219041E-02  0.162007332      -1.28123688E-03
  0.265625000      0.765625000       6.91330731E-02  0.154076606      -3.01848329E-03
  0.296875000      0.765625000       7.95256123E-02  0.144217581      -5.12249628E-03
  0.328125000      0.765625000       8.93714428E-02  0.132812843      -7.48874107E-03
  0.359375000      0.765625000       9.83535647E-02  0.120151848      -9.99268051E-03
  0.390625000      0.765625000      0.106181890      0.106497988      -1.25003234E-02
  0.421875000      0.765625000      0.112604901       9.21168178E-02  -1.48784593E-02
  0.453125000      0.765625000      0.117418125       7.72810802E-02  -1.70042273E-02
  0.484375000      0.765625000      0.120469168       6.22607842E-02  -1.87732615E-02
  0.515625000      0.765625000      0.121657208       4.73045409E-02  -2.01056749E-02
  0.546875000      0.765625000      0.120923489       3.26165855E-02  -2.09490806E-02
  0.578125000      0.765625000      0.118225276       1.83274150E-02  -2.12780386E-02
  0.609375000      0.765625000      0.113483816       4.42051468E-03  -2.10883282E-02
  0.640625000      0.765625000      0.106738299      -9.51793417E-03  -2.04856806E-02
  0.671875000      0.765625000       9.81360599E-02  -2.32525878E-02  -1.94747783E-02
  0.703125000      0.765625000       8.77846926E-02  -3.70718762E-02  -1.80933941E-02
  0.734375000      0.765625000       7.57956356E-02  -5.16027287E-02  -1.64024401E-02
  0.765625000      0.765625000       6.22659177E-02  -6.81559443E-02  -1.44606438E-02
  0.796875000      0.765625000       4.72120941E-02  -8.95125270E-02  -1.23103298E-02
  0.828125000      0.765625000       3.02945040E-02 -0.121514514      -9.95167624E-03
  0.859375000      0.765625000       9.43380408E-03 -0.175995260      -7.30846962E-03
  0.890625000      0.765625000      -1.58099439E-02 -0.266429275      -3.60334292E-03
  0.921875000      0.765625000      -3.68689373E-02 -0.379209220       1.81296119E-03
  0.953125000      0.765625000      -4.02117074E-02 -0.460571975       7.35346694E-03
  0.984375000      0.765625000      -1.79409385E-02 -0.373959750       1.00130113E-02
   1.56250000E-02  0.796875000       2.15103049E-04   2.97600441E-02   7.73406413E-04
   4.68750000E-02  0.796875000       2.38387799E-03   8.28273967E-02   9.48114553E-04
   7.81250000E-02  0.796875000       7.75888190E-03  0.121555530       1.32051716E-03
  0.109375000      0.796875000       1.57143138E-02  0.144652620       1.81259424E-03
  0.140625000      0.796875000       2.56203134E-02  0.155557394       2.17374833E-03
  0.171875000      0.796875000       3.69709469E-02  0.158275008       2.17093015E-03
  0.203125000      0.796875000       4.92898822E-02  0.155864403       1.65881240E-03
  0.234375000      0.796875000       6.20985888E-02  0.150215387       5.93662437E-04
  0.265625000      0.796875000       7.49506205E-02  0.142397612      -9.90195316E-04
  0.296875000      0.796875000       8.74386355E-02  0.133010343      -3.00660846E-03
  0.328125000      0.796875000       9.91933793E-02  0.122416191      -5.33703435E-03
  0.359375000      0.796875000      0.109884441      0.110874549      -7.84465019E-03
  0.390625000      0.796875000      0.119223297       9.86100063E-02  -1.03857005E-02
  0.421875000      0.796875000      0.126967430       8.58421698E-02  -1.28194401E-02
  0.453125000      0.796875000      0.132924020       7.27927685E-02  -1.50169376E-02
  0.484375000      0.796875000      0.136951447       5.96793294E-02  -1.68684199E-02
  0.515625000      0.796875000      0.138957262       4.67020050E-02  -1.82885099E-02
  0.546875000      0.796875000      0.138892263       3.40281725E-02  -1.92190837E-02
  0.578125000      0.796875000      0.136741430       2.17748433E-02  -1.96298268E-02
  0.609375000      0.796875000      0.132506102       9.95862670E-03  -1.95175689E-02
  0.640625000      0.796875000      0.126021102      -1.81757577E-03  -1.89061724E-02
  0.671875000      0.796875000      0.117345646      -1.36687718E-02  -1.78981498E-02
  0.703125000      0.796875000      0.106748886      -2.57037617E-02  -1.64749306E-02
  0.734375000      0.796875000       9.43193212E-02  -3.85506451E-02  -1.46790594E-02
  0.765625000      0.796875000       8.01470056E-02  -5.35061657E-02  -1.25448974E-02
  0.796875000      0.796875000       6.43119216E-02  -7.32747540E-02  -1.00799417E-02
  0.828125000      0.796875000       4.67932224E-02 -0.103317723      -7.22970441E-03
  0.859375000      0.796875000       2.70546004E-02 -0.153594345      -3.82614369E-03
  0.890625000      0.796875000       2.41898652E-03 -0.238952190       4.33810375E-04
  0.921875000      0.796875000      -2.29616854E-02 -0.360247612       7.30415992E-03
  0.953125000      0.796875000      -3.37963589E-02 -0.465356827       1.50284991E-02
  0.984375000      0.796875000      -1.66708175E-02 -0.408571690       1.92172918E-02
   1.56250000E-02  0.828125000      -1.43223058E-03   3.09703872E-02   7.06154970E-04
   4.68750000E-02  0.828125000      -2.53782398E-03   8.05404037E-02   9.26345296E-04
   7.81250000E-02  0.828125000       9.06519708E-04  0.115010008       1.64408202E-03
  0.109375000      0.828125000       8.97662900E-03  0.135159984       2.55000102E-03
  0.140625000      0.828125000       2.02032141E-02  0.143905550       3.36161931E-03
  0.171875000      0.828125000       3.36641669E-02  0.145104319       3.77018144E-03
  0.203125000      0.828125000       4.84963953E-02  0.141874254       3.57245491E-03
  0.234375000      0.828125000       6.38869107E-02  0.135998175       2.71620159E-03
  0.265625000      0.828125000       7.92027190E-02  0.128440648       1.25026936E-03
  0.296875000      0.828125000       9.39530879E-02  0.119724631      -7.18742958E-04
  0.328125000      0.828125000      0.107742809      0.110155344      -3.05347075E-03
  0.359375000      0.828125000      0.120244592       9.99427661E-02  -5.60223311E-03
  0.390625000      0.828125000      0.131186575       8.92634764E-02  -8.21040664E-03
  0.421875000      0.828125000      0.140348136       7.82876983E-02  -1.07295122E-02
  0.453125000      0.828125000      0.147558928       6.71864301E-02  -1.30249215E-02
  0.484375000      0.828125000      0.152697995       5.61271682E-02  -1.49820810E-02
  0.515625000      0.828125000      0.155690998       4.52640429E-02  -1.65109299E-02
  0.546875000      0.828125000      0.156505346       3.47254910E-02  -1.75482035E-02
  0.578125000      0.828125000      0.155142754       2.45988648E-02  -1.80576164E-02
  0.609375000      0.828125000      0.151621073       1.48979258E-02  -1.80280246E-02
  0.640625000      0.828125000      0.145897716       5.45553630E-03  -1.74675025E-02
  0.671875000      0.828125000      0.137868315      -4.23408765E-03  -1.64425913E-02
  0.703125000      0.828125000      0.127683118      -1.43547682E-02  -1.49904620E-02
  0.734375000      0.828125000      0.115564898      -2.53520794E-02  -1.30911162E-02
  0.765625000      0.828125000      0.101541102      -3.85101214E-02  -1.07376622E-02
  0.796875000      0.828125000       8.56422335E-02  -5.65395318E-02  -7.87024479E-03
  0.828125000      0.828125000       6.78780675E-02  -8.47732127E-02  -4.32312489E-03
  0.859375000      0.828125000       4.79889065E-02 -0.132513672       2.65231123E-04
  0.890625000      0.828125000       2.49651950E-02 -0.212375402       6.48879074E-03
  0.921875000      0.828125000      -2.61167390E-03 -0.333868146       1.48700885E-02
  0.953125000      0.828125000      -2.27195583E-02 -0.460794568       2.62788460E-02
  0.984375000      0.828125000      -1.38684390E-02 -0.439111143       3.31341848E-02
   1.56250000E-02  0.859375000      -4.26603667E-03   3.66616622E-02   5.27885451E-04
   4.68750000E-02  0.859375000      -1.04038138E-02   8.20790231E-02   8.33392958E-04
   7.81250000E-02  0.859375000      -9.73278284E-03  0.109343134       2.00017635E-03
  0.109375000      0.859375000      -1.37341558E-03  0.124384969       3.48576764E-03
  0.140625000      0.859375000       1.19663682E-02  0.130102783       4.79171099E-03
  0.171875000      0.859375000       2.81847864E-02  0.129217699       5.62627055E-03
  0.203125000      0.859375000       4.60481569E-02  0.125056833       5.71517693E-03
  0.234375000      0.859375000       6.43878430E-02  0.119078614       5.01964428E-03
  0.265625000      0.859375000       8.24234486E-02  0.112003833       3.61838844E-03
  0.296875000      0.859375000       9.96235311E-02  0.104207993       1.64604478E-03
  0.328125000      0.859375000      0.115600139       9.59046632E-02  -7.38162256E-04
  0.359375000      0.859375000      0.130053952       8.72389302E-02  -3.36691528E-03
  0.390625000      0.859375000      0.142749071       7.83333480E-02  -6.07500551E-03
  0.421875000      0.859375000      0.153502643       6.93076998E-02  -8.70698132E-03
  0.453125000      0.859375000      0.162180960       6.02838621E-02  -1.11234635E-02
  0.484375000      0.859375000      0.168697208       5.13820425E-02  -1.32061820E-02
  0.515625000      0.859375000      0.173008665       4.27127779E-02  -1.48614310E-02
  0.546875000      0.859375000      0.175112262       3.43664922E-02  -1.60216615E-02
  0.578125000      0.859375000      0.175038606       2.64005847E-02  -1.66451093E-02
  0.609375000      0.859375000      0.172841907       1.88190658E-02  -1.67135429E-02
  0.640625000      0.859375000      0.168574676       1.15268901E-02  -1.62281189E-02
  0.671875000      0.859375000      0.162151873       4.14643809E-03  -1.52036790E-02
  0.703125000      0.859375000      0.153464258      -3.86386272E-03  -1.36905545E-02
  0.734375000      0.859375000      0.142732322      -1.29955774E-02  -1.16962977E-02
  0.765625000      0.859375000      0.130095124      -2.42093541E-02  -9.10582673E-03
  0.796875000      0.859375000      0.115429766      -4.02798951E-02  -5.74144954E-03
  0.828125000      0.859375000       9.86018851E-02  -6.64451271E-02  -1.24814967E-03
  0.859375000      0.859375000       7.91051239E-02 -0.111459717       5.05355373E-03
  0.890625000      0.859375000       5.55950552E-02 -0.186898187       1.41968653E-02
  0.921875000      0.859375000       2.61903238E-02 -0.302365303       2.70317160E-02
  0.953125000      0.859375000      -3.38598574E-03 -0.442614168       4.29881401E-02
  0.984375000      0.859375000      -8.27471074E-03 -0.461254478       5.47596961E-02
   1.56250000E-02  0.890625000      -9.09832586E-03   5.00188582E-02  -1.42796518E-04
   4.68750000E-02  0.890625000      -2.23296937E-02   8.80770534E-02   4.68432787E-04
   7.81250000E-02  0.890625000      -2.39547882E-02  0.104286186       2.37308978E-03
  0.109375000      0.890625000      -1.43946968E-02  0.111510567       4.61206352E-03
  0.140625000      0.890625000       2.21837824E-03  0.113013893       6.42541191E-03
  0.171875000      0.890625000       2.24767420E-02  0.109821051       7.69557199E-03
  0.203125000      0.890625000       4.41569537E-02  0.104902759       8.01172387E-03
  0.234375000      0.890625000       6.59324601E-02   9.91120189E-02   7.40535278E-03
  0.265625000      0.890625000       8.70375931E-02   9.28259119E-02   6.00393023E-03
  0.296875000      0.890625000      0.106988922       8.62324983E-02   3.97461513E-03
  0.328125000      0.890625000      0.125455037       7.94372484E-02   1.49823038E-03
  0.359375000      0.890625000      0.142194867       7.25143775E-02  -1.24384079E-03
  0.390625000      0.890625000      0.157029629       6.55315593E-02  -4.07753093E-03
  0.421875000      0.890625000      0.169830948       5.85598201E-02  -6.84198551E-03
  0.453125000      0.890625000      0.180516228       5.16747683E-02  -9.39445850E-03
  0.484375000      0.890625000      0.189045995       4.49526422E-02  -1.16142137E-02
  0.515625000      0.890625000      0.195420980       3.84635404E-02  -1.34050678E-02
  0.546875000      0.890625000      0.199677497       3.22628506E-02  -1.46962199E-02
  0.578125000      0.890625000      0.201880619       2.63806246E-02  -1.54411756E-02
  0.609375000      0.890625000      0.202114001       2.08060481E-02  -1.56145683E-02
  0.640625000      0.890625000      0.200462699       1.54594854E-02  -1.52066629E-02
  0.671875000      0.890625000      0.196969897       1.01272985E-02  -1.42144440E-02
  0.703125000      0.890625000      0.191504329       4.30383533E-03  -1.26253907E-02
  0.734375000      0.890625000      0.183856905      -2.78905011E-03  -1.04426676E-02
  0.765625000      0.890625000      0.174147964      -1.20760631E-02  -7.61093386E-03
  0.796875000      0.890625000      0.162406221      -2.60122716E-02  -3.62256402E-03
  0.828125000      0.890625000      0.148094520      -4.95778173E-02   2.17399746E-03
  0.859375000      0.890625000      0.129875049      -9.06152427E-02   1.09652290E-02
  0.890625000      0.890625000      0.105075970     -0.159437105       2.45184265E-02
  0.921875000      0.890625000       7.05366731E-02 -0.265884548       4.43934798E-02
  0.953125000      0.890625000       2.79881433E-02 -0.406971216       6.92921132E-02
  0.984375000      0.890625000       2.75412272E-03 -0.466775239       8.93688798E-02
   1.56250000E-02  0.921875000      -1.58896931E-02   7.49997720E-02  -2.51528551E-03
   4.68750000E-02  0.921875000      -3.61144617E-02   9.65385437E-02  -6.78713026E-04
   7.81250000E-02  0.921875000      -3.59102599E-02   9.72331986E-02   2.61722202E-03
  0.109375000      0.921875000      -2.16281880E-02   9.47104469E-02   5.88566810E-03
  0.140625000      0.921875000       8.21406953E-04   9.07421634E-02   8.27925093E-03
  0.171875000      0.921875000       2.68226378E-02   8.58258307E-02   9.90617648E-03
  0.203125000      0.921875000       5.33263609E-02   8.07080567E-02   1.03517286E-02
  0.234375000      0.921875000       7.93035924E-02   7.55494311E-02   9.75263491E-03
  0.265625000      0.921875000      0.104183190       7.04006329E-02   8.28967243E-03
  0.296875000      0.921875000      0.127611488       6.52765036E-02   6.15988486E-03
  0.328125000      0.921875000      0.149355352       6.01831600E-02   3.56183923E-03
  0.359375000      0.921875000      0.169255316       5.51302247E-02   6.87545049E-04
  0.390625000      0.921875000      0.187203467       5.01360074E-02  -2.28275056E-03
  0.421875000      0.921875000      0.203134060       4.52282429E-02  -5.18478453E-03
  0.453125000      0.921875000      0.217019409       4.04418819E-02  -7.87395705E-03
  0.484375000      0.921875000      0.228867322       3.58149558E-02  -1.02283247E-02
  0.515625000      0.921875000      0.238717914       3.13831456E-02  -1.21503491E-02
  0.546875000      0.921875000      0.246638268       2.71734335E-02  -1.35670938E-02
  0.578125000      0.921875000      0.252714753       2.31962763E-02  -1.44283734E-02
  0.609375000      0.921875000      0.257041305       1.94343291E-02  -1.47024635E-02
  0.640625000      0.921875000      0.259701908       1.58231594E-02  -1.43685965E-02
  0.671875000      0.921875000      0.260742664       1.22139594E-02  -1.34045472E-02
  0.703125000      0.921875000      0.260123909       8.29629973E-03  -1.17660807E-02
  0.734375000      0.921875000      0.257598907       3.38329445E-03  -9.35106352E-03
  0.765625000      0.921875000      0.252859414      -3.80713539E-03  -6.06470229E-03
  0.796875000      0.921875000      0.245684206      -1.53711848E-02  -1.24253507E-03
  0.828125000      0.921875000      0.235077158      -3.53069827E-02   6.39065076E-03
  0.859375000      0.921875000      0.218255237      -6.98495060E-02   1.87159143E-02
  0.890625000      0.921875000      0.190391272     -0.127543241       3.85815650E-02
  0.921875000      0.921875000      0.145598203     -0.218448758       6.88974485E-02
  0.953125000      0.921875000       8.18817019E-02 -0.348143697      0.109077796    
  0.984375000      0.921875000       2.27667410E-02 -0.441254675      0.145013154    
   1.56250000E-02  0.953125000      -1.67038552E-02  0.107587479      -1.00177852E-02
   4.68750000E-02  0.953125000      -2.75879242E-02   9.50483680E-02  -3.00063775E-03
   7.81250000E-02  0.953125000      -8.23991746E-03   7.91606382E-02   2.83894502E-03
  0.109375000      0.953125000       2.14872770E-02   6.87644333E-02   7.34390272E-03
  0.140625000      0.953125000       5.44089787E-02   6.13090135E-02   1.04637379E-02
  0.171875000      0.953125000       8.77573118E-02   5.59027195E-02   1.22232772E-02
  0.203125000      0.953125000      0.120475531       5.14035597E-02   1.26732131E-02
  0.234375000      0.953125000      0.151914448       4.74330634E-02   1.20031163E-02
  0.265625000      0.953125000      0.181749016       4.37990911E-02   1.04306350E-02
  0.296875000      0.953125000      0.209803537       4.03925292E-02   8.17371532E-03
  0.328125000      0.953125000      0.235975921       3.71494368E-02   5.44222910E-03
  0.359375000      0.953125000      0.260206103       3.40337604E-02   2.43414612E-03
  0.390625000      0.953125000      0.282463610       3.10283452E-02  -6.67360611E-04
  0.421875000      0.953125000      0.302742660       2.81293057E-02  -3.69684701E-03
  0.453125000      0.953125000      0.321060896       2.53416635E-02  -6.50942093E-03
  0.484375000      0.953125000      0.337458283       2.26754043E-02  -8.98310356E-03
  0.515625000      0.953125000      0.351994991       2.01416053E-02  -1.10200522E-02
  0.546875000      0.953125000      0.364747465       1.77483540E-02  -1.25462161E-02
  0.578125000      0.953125000      0.375801861       1.54959820E-02  -1.35088563E-02
  0.609375000      0.953125000      0.385243744       1.33702606E-02  -1.38711017E-02
  0.640625000      0.953125000      0.393141687       1.13306008E-02  -1.36021990E-02
  0.671875000      0.953125000      0.399520546       9.28613544E-03  -1.26603851E-02
  0.703125000      0.953125000      0.404319763       7.03999121E-03  -1.09622553E-02
  0.734375000      0.953125000      0.407342523       4.13456513E-03  -8.32709484E-03
  0.765625000      0.953125000      0.408161193      -6.47265930E-04  -4.37561003E-03
  0.796875000      0.953125000      0.405709028      -8.91395938E-03   1.81651523E-03
  0.828125000      0.953125000      0.397583753      -2.30403356E-02   1.19559318E-02
  0.859375000      0.953125000      0.379320085      -4.70369980E-02   2.88129821E-02
  0.890625000      0.953125000      0.343757510      -8.69349539E-02   5.65856844E-02
  0.921875000      0.953125000      0.281061023     -0.151571304      0.100358538    
  0.953125000      0.953125000      0.181808352     -0.252054572      0.162855193    
  0.984375000      0.953125000       6.10331297E-02 -0.357455730      0.230233043    
   1.56250000E-02  0.984375000       6.21447861E-02   6.21444844E-02  -2.77341846E-02
   4.68750000E-02  0.984375000      0.168903038       4.46131527E-02  -2.41634622E-03
   7.81250000E-02  0.984375000      0.246332049       3.28150243E-02   6.34611724E-03
  0.109375000      0.984375000      0.305429816       2.62818392E-02   1.09477919E-02
  0.140625000      0.984375000      0.354004622       2.22922452E-02   1.37172928E-02
  0.171875000      0.984375000      0.395935297       1.96377859E-02   1.51202241E-02
  0.203125000      0.984375000      0.433228493       1.76547877E-02   1.52826766E-02
  0.234375000      0.984375000      0.466926694       1.60427652E-02   1.43758813E-02
  0.265625000      0.984375000      0.497624993       1.46549055E-02   1.26009816E-02
  0.296875000      0.984375000      0.525693059       1.34127233E-02   1.01661356E-02
  0.328125000      0.984375000      0.551377535       1.22714266E-02   7.27527356E-03
  0.359375000      0.984375000      0.574853778       1.12047531E-02   4.12237551E-03
  0.390625000      0.984375000      0.596255898       1.01976162E-02   8.87629983E-04
  0.421875000      0.984375000      0.615695000       9.24212206E-03  -2.26588198E-03
  0.453125000      0.984375000      0.633270979       8.33502691E-03  -5.19511243E-03
  0.484375000      0.984375000      0.649080276       7.47589488E-03  -7.77939800E-03
  0.515625000      0.984375000      0.663219512       6.66554458E-03  -9.92155168E-03
  0.546875000      0.984375000      0.675786972       5.90456137E-03  -1.15473215E-02
  0.578125000      0.984375000      0.686880112       5.19167399E-03  -1.26025397E-02
  0.609375000      0.984375000      0.696589828       4.52148682E-03  -1.30468756E-02
  0.640625000      0.984375000      0.704988003       3.88049800E-03  -1.28421839E-02
  0.671875000      0.984375000      0.712102830       3.23837297E-03  -1.19303623E-02
  0.703125000      0.984375000      0.717861414       2.52432167E-03  -1.01869022E-02
  0.734375000      0.984375000      0.721931815       1.55021786E-03  -7.30494689E-03
  0.765625000      0.984375000      0.723259747      -2.19015303E-04  -2.45878217E-03
  0.796875000      0.984375000      0.719699442      -3.33919562E-03   5.30279521E-03
  0.828125000      0.984375000      0.707780719      -8.57725646E-03   1.79159809E-02
  0.859375000      0.984375000      0.681871474      -1.73314735E-02   3.89105789E-02
  0.890625000      0.984375000      0.632666588      -3.18753570E-02   7.35606551E-02
  0.921875000      0.984375000      0.544762611      -5.60307354E-02  0.128928483    
  0.953125000      0.984375000      0.392577171      -9.61566269E-02  0.212217778    
  0.984375000      0.984375000      0.148210779     -0.148211673      0.323833048    
