 VARIABLES="X","Y","U","V","P"
 ZONE F=POINT, I=          16 , J=          16
   3.12500000E-02   3.12500000E-02   2.35182745E-03  -2.35475926E-03   2.59897411E-02
   9.37500000E-02   3.12500000E-02   5.78004308E-03  -1.08031137E-03   2.57268623E-02
  0.156250000       3.12500000E-02   5.38843405E-03   1.46414328E-03   2.52077673E-02
  0.218750000       3.12500000E-02  -7.35371374E-04   4.65205358E-03   2.45258696E-02
  0.281250000       3.12500000E-02  -1.47737619E-02   9.37896594E-03   2.37708949E-02
  0.343750000       3.12500000E-02  -3.79139334E-02   1.37541294E-02   2.32093520E-02
  0.406250000       3.12500000E-02  -6.60491437E-02   1.43742785E-02   2.30724644E-02
  0.468750000       3.12500000E-02  -9.04273093E-02   9.99726914E-03   2.35510264E-02
  0.531250000       3.12500000E-02 -0.102290958       1.85979297E-03   2.49375030E-02
  0.593750000       3.12500000E-02  -9.65208262E-02  -7.63670262E-03   2.72483565E-02
  0.656250000       3.12500000E-02  -7.32292980E-02  -1.56618431E-02   2.96794530E-02
  0.718750000       3.12500000E-02  -3.81448567E-02  -1.94297284E-02   3.06911282E-02
  0.781250000       3.12500000E-02  -2.76430603E-03  -1.59578342E-02   2.95092016E-02
  0.843750000       3.12500000E-02   1.81449205E-02  -4.95811924E-03   2.73537636E-02
  0.906250000       3.12500000E-02   1.78906843E-02   5.20589342E-03   2.59661023E-02
  0.968750000       3.12500000E-02   6.34080684E-03   6.33882778E-03   2.56236494E-02
   3.12500000E-02   9.37500000E-02   6.86345680E-04  -5.39987814E-03   2.62201894E-02
   9.37500000E-02   9.37500000E-02  -2.69455602E-03   1.90165360E-03   2.59192418E-02
  0.156250000       9.37500000E-02  -1.80352200E-02   1.41968727E-02   2.54496839E-02
  0.218750000       9.37500000E-02  -4.84247357E-02   2.84156054E-02   2.47905906E-02
  0.281250000       9.37500000E-02  -9.12360251E-02   4.24488485E-02   2.37904172E-02
  0.343750000       9.37500000E-02 -0.137328684       4.99018170E-02   2.25529410E-02
  0.406250000       9.37500000E-02 -0.175989449       4.50082719E-02   2.14664415E-02
  0.468750000       9.37500000E-02 -0.200026751       2.77651232E-02   2.10758671E-02
  0.531250000       9.37500000E-02 -0.206433564       2.34894641E-03   2.19572354E-02
  0.593750000       9.37500000E-02 -0.194457322      -2.58861072E-02   2.41918769E-02
  0.656250000       9.37500000E-02 -0.164297521      -5.08783013E-02   2.68758871E-02
  0.718750000       9.37500000E-02 -0.118538320      -6.50719553E-02   2.84644961E-02
  0.781250000       9.37500000E-02  -6.48004413E-02  -5.94491139E-02   2.79658288E-02
  0.843750000       9.37500000E-02  -1.73564702E-02  -2.98347659E-02   2.63212323E-02
  0.906250000       9.37500000E-02   5.93101140E-03   7.03496393E-03   2.52109021E-02
  0.968750000       9.37500000E-02   4.65196604E-03   1.73268896E-02   2.50005387E-02
   3.12500000E-02  0.156250000      -5.07917674E-03  -1.01516210E-03   2.68246420E-02
   9.37500000E-02  0.156250000      -2.34201048E-02   1.92206688E-02   2.63479128E-02
  0.156250000      0.156250000      -5.81891537E-02   4.69680578E-02   2.55746208E-02
  0.218750000      0.156250000     -0.106645793       7.44722635E-02   2.41445079E-02
  0.281250000      0.156250000     -0.160312980       9.28540826E-02   2.16815975E-02
  0.343750000      0.156250000     -0.208543539       9.38052684E-02   1.84043124E-02
  0.406250000      0.156250000     -0.244368240       7.55777210E-02   1.52094690E-02
  0.468750000      0.156250000     -0.265795171       4.26487178E-02   1.31885149E-02
  0.531250000      0.156250000     -0.273012638       1.07897213E-03   1.31398551E-02
  0.593750000      0.156250000     -0.265832484      -4.37836535E-02   1.52453938E-02
  0.656250000      0.156250000     -0.242939651      -8.60456154E-02   1.88368186E-02
  0.718750000      0.156250000     -0.202310085     -0.116306871       2.24343482E-02
  0.781250000      0.156250000     -0.143802702     -0.120473884       2.44841985E-02
  0.843750000      0.156250000      -7.52726719E-02  -8.47989321E-02   2.46784277E-02
  0.906250000      0.156250000      -1.94889940E-02  -1.70871932E-02   2.42107660E-02
  0.968750000      0.156250000       6.26316236E-04   2.25997847E-02   2.37381253E-02
   3.12500000E-02  0.218750000      -1.20224673E-02   1.60782151E-02   2.74420902E-02
   9.37500000E-02  0.218750000      -4.47462425E-02   5.31737357E-02   2.66021509E-02
  0.156250000      0.218750000      -9.17402580E-02   9.47590172E-02   2.48750038E-02
  0.218750000      0.218750000     -0.145499155      0.128880203       2.15050448E-02
  0.281250000      0.218750000     -0.196553677      0.143154457       1.62417982E-02
  0.343750000      0.218750000     -0.237150863      0.132322848       9.91317350E-03
  0.406250000      0.218750000     -0.264646709      0.100374132       4.06069634E-03
  0.468750000      0.218750000     -0.280404389       5.50325699E-02   9.10460876E-05
  0.531250000      0.218750000     -0.286981851       2.48668343E-03  -1.18126627E-03
  0.593750000      0.218750000     -0.285989463      -5.33677265E-02   5.01495553E-04
  0.656250000      0.218750000     -0.276371896     -0.108977377       4.85245558E-03
  0.718750000      0.218750000     -0.253081083     -0.157303125       1.08982660E-02
  0.781250000      0.218750000     -0.208068803     -0.183007360       1.70099530E-02
  0.843750000      0.218750000     -0.136952847     -0.161923572       2.12518815E-02
  0.906250000      0.218750000      -5.42744845E-02  -7.84382373E-02   2.26477254E-02
  0.968750000      0.218750000      -6.83609536E-03   1.63848214E-02   2.19736453E-02
   3.12500000E-02  0.281250000      -1.62573364E-02   4.43497486E-02   2.71578319E-02
   9.37500000E-02  0.281250000      -5.60071841E-02   9.73578542E-02   2.57586837E-02
  0.156250000      0.281250000     -0.105043456      0.146587417       2.24556308E-02
  0.218750000      0.281250000     -0.153770611      0.179524094       1.63706467E-02
  0.281250000      0.281250000     -0.194130883      0.183916718       7.85366353E-03
  0.343750000      0.281250000     -0.221514300      0.159537792      -1.40092976E-03
  0.406250000      0.281250000     -0.236399680      0.115541473      -9.35810618E-03
  0.468750000      0.281250000     -0.242776334       6.20037355E-02  -1.46501595E-02
  0.531250000      0.281250000     -0.245494127       4.81634727E-03  -1.67391039E-02
  0.593750000      0.281250000     -0.247853130      -5.43255396E-02  -1.55868176E-02
  0.656250000      0.281250000     -0.250077963     -0.115409091      -1.13225318E-02
  0.718750000      0.281250000     -0.247869194     -0.176371068      -4.18610405E-03
  0.781250000      0.281250000     -0.230258673     -0.226566255       5.07505564E-03
  0.843750000      0.281250000     -0.181642562     -0.238104761       1.42641272E-02
  0.906250000      0.281250000      -9.86100435E-02 -0.167979226       1.97033156E-02
  0.968750000      0.281250000      -2.48388406E-02  -1.52949579E-02   2.03169100E-02
   3.12500000E-02  0.343750000      -1.61321759E-02   7.67313167E-02   2.51785964E-02
   9.37500000E-02  0.343750000      -5.40090948E-02  0.142586172       2.31621508E-02
  0.156250000      0.343750000      -9.69270617E-02  0.193297833       1.81394741E-02
  0.218750000      0.343750000     -0.135022879      0.219626784       9.48909298E-03
  0.281250000      0.343750000     -0.162377387      0.211525768      -1.59528002E-03
  0.343750000      0.343750000     -0.177068949      0.174007341      -1.26260882E-02
  0.406250000      0.343750000     -0.181762516      0.120660059      -2.14015655E-02
  0.468750000      0.343750000     -0.181647673       6.31600469E-02  -2.69405898E-02
  0.531250000      0.343750000     -0.181408659       6.15386711E-03  -2.91858576E-02
  0.593750000      0.343750000     -0.183584720      -5.11130504E-02  -2.83859819E-02
  0.656250000      0.343750000     -0.189194083     -0.110774741      -2.47110799E-02
  0.718750000      0.343750000     -0.197863936     -0.174535871      -1.80449076E-02
  0.781250000      0.343750000     -0.203464448     -0.240408450      -8.16269033E-03
  0.843750000      0.343750000     -0.187781751     -0.288564205       4.28959634E-03
  0.906250000      0.343750000     -0.128371924     -0.259970099       1.53543791E-02
  0.968750000      0.343750000      -4.26592529E-02  -8.27972963E-02   1.95188913E-02
   3.12500000E-02  0.406250000      -1.21184038E-02  0.104974613       2.16868445E-02
   9.37500000E-02  0.406250000      -4.10823710E-02  0.181168705       1.91826951E-02
  0.156250000      0.406250000      -7.31409863E-02  0.229679316       1.28177274E-02
  0.218750000      0.406250000      -9.92455631E-02  0.247440130       2.43813195E-03
  0.281250000      0.406250000     -0.115709998      0.227533981      -1.00208148E-02
  0.343750000      0.406250000     -0.122686990      0.179678053      -2.16052551E-02
  0.406250000      0.406250000     -0.123841159      0.120853893      -3.02702431E-02
  0.468750000      0.406250000     -0.123738974       6.27706647E-02  -3.55262831E-02
  0.531250000      0.406250000     -0.124829054       7.41849095E-03  -3.76767330E-02
  0.593750000      0.406250000     -0.127205342      -4.78008874E-02  -3.70374247E-02
  0.656250000      0.406250000     -0.130992934     -0.104667887      -3.37641612E-02
  0.718750000      0.406250000     -0.138090804     -0.164857805      -2.78516784E-02
  0.781250000      0.406250000     -0.149948433     -0.232617930      -1.89446323E-02
  0.843750000      0.406250000     -0.156589240     -0.305393606      -6.24177512E-03
  0.906250000      0.406250000     -0.127509594     -0.331633925       8.71171616E-03
  0.968750000      0.406250000      -4.94512692E-02 -0.174911097       1.70105994E-02
   3.12500000E-02  0.468750000      -5.62430173E-03  0.122710861       1.77537221E-02
   9.37500000E-02  0.468750000      -2.14680601E-02  0.208227232       1.49857514E-02
  0.156250000      0.468750000      -4.06741872E-02  0.253875941       7.89417326E-03
  0.218750000      0.468750000      -5.55936880E-02  0.264265895      -3.24065727E-03
  0.281250000      0.468750000      -6.42860979E-02  0.235872477      -1.60827897E-02
  0.343750000      0.468750000      -6.78764284E-02  0.181922868      -2.75684875E-02
  0.406250000      0.468750000      -6.93808645E-02  0.121290870      -3.59191671E-02
  0.468750000      0.468750000      -7.15183914E-02   6.43977225E-02  -4.09703031E-02
  0.531250000      0.468750000      -7.50159919E-02   1.04112243E-02  -4.31163833E-02
  0.593750000      0.468750000      -7.91612267E-02  -4.42392454E-02  -4.25672866E-02
  0.656250000      0.468750000      -8.32498819E-02 -0.100322798      -3.93997058E-02
  0.718750000      0.468750000      -8.78266990E-02 -0.157503217      -3.37923467E-02
  0.781250000      0.468750000      -9.64892209E-02 -0.219435096      -2.58657169E-02
  0.843750000      0.468750000     -0.109942600     -0.298473597      -1.48254093E-02
  0.906250000      0.468750000     -0.104116432     -0.373458922       2.55396910E-04
  0.968750000      0.468750000      -4.54499051E-02 -0.269814312       1.09621184E-02
   3.12500000E-02  0.531250000       2.02020281E-03  0.126309171       1.45376157E-02
   9.37500000E-02  0.531250000       8.60807253E-04  0.221620798       1.17300432E-02
  0.156250000      0.531250000      -5.28877461E-03  0.265830725       4.55526309E-03
  0.218750000      0.531250000      -9.99241322E-03  0.271935254      -6.51744800E-03
  0.281250000      0.531250000      -1.26491953E-02  0.239562929      -1.91543177E-02
  0.343750000      0.531250000      -1.44410338E-02  0.183634430      -3.03943790E-02
  0.406250000      0.531250000      -1.66683681E-02  0.123338833      -3.85923833E-02
  0.468750000      0.531250000      -1.99385025E-02   6.77913278E-02  -4.36387844E-02
  0.531250000      0.531250000      -2.42857412E-02   1.49004012E-02  -4.58604544E-02
  0.593750000      0.531250000      -2.97522135E-02  -3.90776433E-02  -4.53668609E-02
  0.656250000      0.531250000      -3.60793322E-02  -9.50319171E-02  -4.21872661E-02
  0.718750000      0.531250000      -4.25462537E-02 -0.151719585      -3.65594327E-02
  0.781250000      0.531250000      -5.04928790E-02 -0.208587319      -2.90617943E-02
  0.843750000      0.531250000      -6.49654716E-02 -0.281382501      -1.98308453E-02
  0.906250000      0.531250000      -7.36084729E-02 -0.387728631      -7.12006632E-03
  0.968750000      0.531250000      -3.62774879E-02 -0.351542711       3.59117449E-03
   3.12500000E-02  0.593750000       8.94451234E-03  0.115338996       1.25091299E-02
   9.37500000E-02  0.593750000       2.19394714E-02  0.220744848       1.00618713E-02
  0.156250000      0.593750000       2.87555605E-02  0.266033590       3.42335040E-03
  0.218750000      0.593750000       3.39708030E-02  0.271222651      -6.91409595E-03
  0.281250000      0.593750000       3.76177281E-02  0.239297122      -1.89765394E-02
  0.343750000      0.593750000       3.84080857E-02  0.184923083      -3.00205611E-02
  0.406250000      0.593750000       3.65166143E-02  0.126198754      -3.83134298E-02
  0.468750000      0.593750000       3.30607742E-02   7.16938376E-02  -4.35313657E-02
  0.531250000      0.593750000       2.85086595E-02   1.99380852E-02  -4.58552018E-02
  0.593750000      0.593750000       2.22912207E-02  -3.23893018E-02  -4.53487746E-02
  0.656250000      0.593750000       1.38697047E-02  -8.69320333E-02  -4.20422666E-02
  0.718750000      0.593750000       3.48008098E-03 -0.142929703      -3.62142734E-02
  0.781250000      0.593750000      -8.63572210E-03 -0.197290659      -2.86931284E-02
  0.843750000      0.593750000      -2.61308532E-02 -0.260697246      -2.05540061E-02
  0.906250000      0.593750000      -4.50347103E-02 -0.380861402      -1.06035899E-02
  0.968750000      0.593750000      -2.64772326E-02 -0.414298177      -1.32938882E-03
   3.12500000E-02  0.656250000       1.33738257E-02   9.30151343E-02   1.15729803E-02
   9.37500000E-02  0.656250000       3.77401710E-02  0.205696478       9.88429971E-03
  0.156250000      0.656250000       5.72702959E-02  0.254728258       4.52444516E-03
  0.218750000      0.656250000       7.29663223E-02  0.261617184      -4.40968806E-03
  0.281250000      0.656250000       8.46997499E-02  0.233532429      -1.55044952E-02
  0.343750000      0.656250000       9.08064619E-02  0.183810741      -2.63339803E-02
  0.406250000      0.656250000       9.17303860E-02  0.128307447      -3.49451266E-02
  0.468750000      0.656250000       8.93650427E-02   7.54421502E-02  -4.05684300E-02
  0.531250000      0.656250000       8.47662389E-02   2.53809895E-02  -4.30985577E-02
  0.593750000      0.656250000       7.75498301E-02  -2.43569259E-02  -4.25346382E-02
  0.656250000      0.656250000       6.67829365E-02  -7.57374465E-02  -3.89242731E-02
  0.718750000      0.656250000       5.17602339E-02 -0.128680348      -3.26511599E-02
  0.781250000      0.656250000       3.23239341E-02 -0.179966018      -2.47761719E-02
  0.843750000      0.656250000       7.78231304E-03 -0.235973567      -1.68528706E-02
  0.906250000      0.656250000      -2.08303016E-02 -0.358065695      -8.92123487E-03
  0.968750000      0.656250000      -1.78533159E-02 -0.458630323      -1.22302049E-03
   3.12500000E-02  0.718750000       1.39311645E-02   6.57042414E-02   1.13732032E-02
   9.37500000E-02  0.718750000       4.43505831E-02  0.178209469       1.07195089E-02
  0.156250000      0.718750000       7.54196197E-02  0.231606364       7.46693928E-03
  0.218750000      0.718750000      0.102816060      0.241643637       7.13185640E-04
  0.281250000      0.718750000      0.125292525      0.219302028      -8.94214027E-03
  0.343750000      0.718750000      0.140516043      0.176726490      -1.94185413E-02
  0.406250000      0.718750000      0.148072481      0.126935884      -2.84732059E-02
  0.468750000      0.718750000      0.149465770       7.78175294E-02  -3.47414985E-02
  0.531250000      0.718750000      0.146013558       3.10928039E-02  -3.76755297E-02
  0.593750000      0.718750000      0.137736887      -1.45386588E-02  -3.71059515E-02
  0.656250000      0.718750000      0.123681217      -6.06995970E-02  -3.30898762E-02
  0.718750000      0.718750000      0.102578931     -0.107567310      -2.61327624E-02
  0.781250000      0.718750000       7.39785284E-02 -0.153026834      -1.75471846E-02
  0.843750000      0.718750000       3.91791835E-02 -0.203567013      -9.25008021E-03
  0.906250000      0.718750000      -2.76733190E-05 -0.322656691      -2.04614643E-03
  0.968750000      0.718750000      -1.02820434E-02 -0.486769617       5.01933508E-03
   3.12500000E-02  0.781250000       9.95749421E-03   4.18091230E-02   1.16901603E-02
   9.37500000E-02  0.781250000       3.82524282E-02  0.143376321       1.21625373E-02
  0.156250000      0.781250000       7.68944994E-02  0.196715295       1.17227454E-02
  0.218750000      0.781250000      0.116811663      0.209212989       7.83993024E-03
  0.281250000      0.781250000      0.152880400      0.193186849       1.51124259E-05
  0.343750000      0.781250000      0.180976972      0.159529984      -9.93666425E-03
  0.406250000      0.781250000      0.199240297      0.118329942      -1.94485467E-02
  0.468750000      0.781250000      0.208026364       7.62687102E-02  -2.65355967E-02
  0.531250000      0.781250000      0.208270431       3.58787477E-02  -3.01151592E-02
  0.593750000      0.781250000      0.200145438      -2.89343251E-03  -2.97413133E-02
  0.656250000      0.781250000      0.182846904      -4.09651622E-02  -2.54164487E-02
  0.718750000      0.781250000      0.155062854      -7.83982649E-02  -1.77515801E-02
  0.781250000      0.781250000      0.116691604     -0.115218103      -8.19642562E-03
  0.843750000      0.781250000       7.08618537E-02 -0.160751715       1.26314384E-03
  0.906250000      0.781250000       2.13719700E-02 -0.276789099       9.74467024E-03
  0.968750000      0.781250000      -1.98393827E-03 -0.499042779       1.82149559E-02
   3.12500000E-02  0.843750000       2.38202838E-03   2.94624604E-02   1.23785352E-02
   9.37500000E-02  0.843750000       1.98860280E-02  0.109908029       1.39995804E-02
  0.156250000      0.843750000       5.97172640E-02  0.151693255       1.68432817E-02
  0.218750000      0.843750000      0.111520663      0.162500322       1.59931071E-02
  0.281250000      0.843750000      0.162973464      0.152369559       9.95319709E-03
  0.343750000      0.843750000      0.206219494      0.129004329       5.12993080E-04
  0.406250000      0.843750000      0.237596989       9.92230773E-02  -9.44310892E-03
  0.468750000      0.843750000      0.256259739       6.79424405E-02  -1.74298603E-02
  0.531250000      0.843750000      0.262548685       3.76921333E-02  -2.18829848E-02
  0.593750000      0.843750000      0.256797373       9.19002574E-03  -2.20508762E-02
  0.656250000      0.843750000      0.238493264      -1.74298100E-02  -1.77793503E-02
  0.718750000      0.843750000      0.207093477      -4.27422859E-02  -9.69079323E-03
  0.781250000      0.843750000      0.163957521      -6.93708509E-02   1.05820643E-03
  0.843750000      0.843750000      0.112935230     -0.109762453       1.31716020E-02
  0.906250000      0.843750000       5.50004244E-02 -0.220378131       2.69608442E-02
  0.968750000      0.843750000       1.19576696E-02 -0.489079773       4.20533828E-02
   3.12500000E-02  0.906250000      -2.95026843E-02   5.65752909E-02   1.34542836E-02
   9.37500000E-02  0.906250000      -4.41224948E-02   7.98929408E-02   1.69439428E-02
  0.156250000      0.906250000       3.17417737E-03   9.45597962E-02   2.25416385E-02
  0.218750000      0.906250000       7.09143728E-02  0.100070596       2.36363001E-02
  0.281250000      0.906250000      0.138477445       9.57679525E-02   1.84919257E-02
  0.343750000      0.906250000      0.197076306       8.37526023E-02   9.19941347E-03
  0.406250000      0.906250000      0.242821395       6.73520491E-02  -1.20295887E-03
  0.468750000      0.906250000      0.274485767       4.94935699E-02  -1.00050960E-02
  0.531250000      0.906250000      0.292306602       3.20430435E-02  -1.53663419E-02
  0.593750000      0.906250000      0.297071517       1.58378482E-02  -1.63352601E-02
  0.656250000      0.906250000      0.290015906       1.29017886E-03  -1.26785217E-02
  0.718750000      0.906250000      0.272446156      -1.24933086E-02  -4.38236957E-03
  0.781250000      0.906250000      0.244627252      -2.86771003E-02   8.22879281E-03
  0.843750000      0.906250000      0.205264807      -6.00953065E-02   2.60557272E-02
  0.906250000      0.906250000      0.141119614     -0.147998109       5.32607064E-02
  0.968750000      0.906250000       4.99032736E-02 -0.427232385       9.04251635E-02
   3.12500000E-02  0.968750000       4.30342555E-02   4.30369489E-02   6.81091007E-03
   9.37500000E-02  0.968750000      0.118566789       3.25023159E-02   1.94673985E-02
  0.156250000      0.968750000      0.182130948       3.10701579E-02   2.67666429E-02
  0.218750000      0.968750000      0.245562226       3.23694572E-02   2.82573700E-02
  0.281250000      0.968750000      0.309688061       3.17636505E-02   2.35473905E-02
  0.343750000      0.968750000      0.370140731       2.86942013E-02   1.45189883E-02
  0.406250000      0.968750000      0.422816992       2.39845999E-02   4.03261930E-03
  0.468750000      0.968750000      0.465408444       1.86068788E-02  -5.17897494E-03
  0.531250000      0.968750000      0.497269928       1.32530406E-02  -1.11297481E-02
  0.593750000      0.968750000      0.518831849       8.30712821E-03  -1.26912789E-02
  0.656250000      0.968750000      0.530925155       3.78585979E-03  -9.36866831E-03
  0.718750000      0.968750000      0.534104884      -6.03524502E-04  -7.98613939E-04
  0.781250000      0.968750000      0.527418852      -6.07608119E-03   1.44404732E-02
  0.843750000      0.968750000      0.502696633      -1.86356790E-02   4.20511067E-02
  0.906250000      0.968750000      0.430700034      -5.33474609E-02  0.100240141    
  0.968750000      0.968750000      0.188672632     -0.188668221      0.230188847    
