 VARIABLES="X","Y","U","V","P"
 ZONE F=POINT, I=          32 , J=          32
   1.56250000E-02   1.56250000E-02  -2.86914510E-05   2.81396369E-05   2.17389781E-03
   4.68750000E-02   1.56250000E-02  -1.98172143E-04   1.40043936E-04   2.16278154E-03
   7.81250000E-02   1.56250000E-02  -5.50222117E-04   2.10514379E-04   2.15860573E-03
  0.109375000       1.56250000E-02  -1.00288587E-03   2.40654321E-04   2.16744561E-03
  0.140625000       1.56250000E-02  -1.49336946E-03   2.48328084E-04   2.19102600E-03
  0.171875000       1.56250000E-02  -1.98951084E-03   2.46302574E-04   2.22950149E-03
  0.203125000       1.56250000E-02  -2.47778231E-03   2.40444104E-04   2.28273543E-03
  0.234375000       1.56250000E-02  -2.95240432E-03   2.32634935E-04   2.35066423E-03
  0.265625000       1.56250000E-02  -3.40975309E-03   2.23147319E-04   2.43329722E-03
  0.296875000       1.56250000E-02  -3.84627678E-03   2.11780614E-04   2.53066840E-03
  0.328125000       1.56250000E-02  -4.25792765E-03   1.98240290E-04   2.64275703E-03
  0.359375000       1.56250000E-02  -4.64006793E-03   1.82230462E-04   2.76940502E-03
  0.390625000       1.56250000E-02  -4.98749036E-03   1.63476623E-04   2.91028665E-03
  0.421875000       1.56250000E-02  -5.29446546E-03   1.41731172E-04   3.06484289E-03
  0.453125000       1.56250000E-02  -5.55482274E-03   1.16802228E-04   3.23221041E-03
  0.484375000       1.56250000E-02  -5.76208252E-03   8.85700574E-05   3.41122318E-03
  0.515625000       1.56250000E-02  -5.90961426E-03   5.70067605E-05   3.60031473E-03
  0.546875000       1.56250000E-02  -5.99084143E-03   2.21924311E-05   3.79751297E-03
  0.578125000       1.56250000E-02  -5.99959586E-03  -1.55416419E-05   4.00042394E-03
  0.609375000       1.56250000E-02  -5.92971593E-03  -5.65195769E-05   4.20582900E-03
  0.640625000       1.56250000E-02  -5.77536970E-03  -1.00087658E-04   4.41043265E-03
  0.671875000       1.56250000E-02  -5.53233735E-03  -1.45283964E-04   4.61051986E-03
  0.703125000       1.56250000E-02  -5.19849267E-03  -1.90975552E-04   4.80205845E-03
  0.734375000       1.56250000E-02  -4.77415975E-03  -2.35842177E-04   4.98084351E-03
  0.765625000       1.56250000E-02  -4.26251628E-03  -2.78347958E-04   5.14265848E-03
  0.796875000       1.56250000E-02  -3.67016601E-03  -3.16602847E-04   5.28344559E-03
  0.828125000       1.56250000E-02  -3.00836237E-03  -3.47842957E-04   5.39951771E-03
  0.859375000       1.56250000E-02  -2.29606172E-03  -3.67130124E-04   5.48782432E-03
  0.890625000       1.56250000E-02  -1.56671717E-03  -3.64906184E-04   5.54637425E-03
  0.921875000       1.56250000E-02  -8.80238949E-04  -3.24272260E-04   5.57509111E-03
  0.953125000       1.56250000E-02  -3.35561024E-04  -2.23107272E-04   5.57755586E-03
  0.984375000       1.56250000E-02  -5.69021249E-05  -5.77516112E-05   5.56421699E-03
   1.56250000E-02   4.68750000E-02  -1.46110498E-04   2.01645060E-04   2.18504202E-03
   4.68750000E-02   4.68750000E-02  -6.45728840E-04   6.32657437E-04   2.17374368E-03
   7.81250000E-02   4.68750000E-02  -1.47679658E-03   8.97648744E-04   2.17236485E-03
  0.109375000       4.68750000E-02  -2.48916214E-03   1.01517094E-03   2.18325644E-03
  0.140625000       4.68750000E-02  -3.57524678E-03   1.04698609E-03   2.20763357E-03
  0.171875000       4.68750000E-02  -4.67338832E-03   1.03851140E-03   2.24599405E-03
  0.203125000       4.68750000E-02  -5.75238885E-03   1.01205905E-03   2.29856465E-03
  0.234375000       4.68750000E-02  -6.79593394E-03   9.75697185E-04   2.36549345E-03
  0.265625000       4.68750000E-02  -7.79329613E-03   9.31252900E-04   2.44690082E-03
  0.296875000       4.68750000E-02  -8.73516127E-03   8.78454535E-04   2.54286570E-03
  0.328125000       4.68750000E-02  -9.61209740E-03   8.16467276E-04   2.65338831E-03
  0.359375000       4.68750000E-02  -1.04141049E-02   7.44374818E-04   2.77833315E-03
  0.390625000       4.68750000E-02  -1.11305267E-02   6.61297876E-04   2.91739637E-03
  0.421875000       4.68750000E-02  -1.17500983E-02   5.66462113E-04   3.07002803E-03
  0.453125000       4.68750000E-02  -1.22610666E-02   4.59273346E-04   3.23540205E-03
  0.484375000       4.68750000E-02  -1.26514044E-02   3.39430175E-04   3.41237010E-03
  0.515625000       4.68750000E-02  -1.29091144E-02   2.06973316E-04   3.59938317E-03
  0.546875000       4.68750000E-02  -1.30225727E-02   6.23322267E-05   3.79451737E-03
  0.578125000       4.68750000E-02  -1.29805487E-02  -9.37017176E-05   3.99528025E-03
  0.609375000       4.68750000E-02  -1.27727892E-02  -2.60924164E-04   4.19860426E-03
  0.640625000       4.68750000E-02  -1.23911900E-02  -4.36731614E-04   4.40121628E-03
  0.671875000       4.68750000E-02  -1.18305851E-02  -6.17557322E-04   4.59937006E-03
  0.703125000       4.68750000E-02  -1.10894740E-02  -7.99108588E-04   4.78907023E-03
  0.734375000       4.68750000E-02  -1.01707801E-02  -9.76342591E-04   4.96611977E-03
  0.765625000       4.68750000E-02  -9.08271410E-03  -1.14330568E-03   5.12633380E-03
  0.796875000       4.68750000E-02  -7.84006156E-03  -1.29251566E-03   5.26570575E-03
  0.828125000       4.68750000E-02  -6.46678777E-03  -1.41297095E-03   5.38068824E-03
  0.859375000       4.68750000E-02  -5.00163110E-03  -1.48549140E-03   5.46853477E-03
  0.890625000       4.68750000E-02  -3.50893824E-03  -1.47465733E-03   5.52770728E-03
  0.921875000       4.68750000E-02  -2.09517824E-03  -1.32085453E-03   5.55862952E-03
  0.953125000       4.68750000E-02  -9.24062682E-04  -9.48417466E-04   5.56439580E-03
  0.984375000       4.68750000E-02  -2.11779057E-04  -3.28479829E-04   5.55089116E-03
   1.56250000E-02   7.81250000E-02  -2.27786804E-04   5.74053847E-04   2.18860456E-03
   4.68750000E-02   7.81250000E-02  -9.51357768E-04   1.48007390E-03   2.17402913E-03
   7.81250000E-02   7.81250000E-02  -2.08818913E-03   2.01437669E-03   2.17248523E-03
  0.109375000       7.81250000E-02  -3.43471020E-03   2.25356407E-03   2.18383549E-03
  0.140625000       7.81250000E-02  -4.86288825E-03   2.31907074E-03   2.20834976E-03
  0.171875000       7.81250000E-02  -6.30055461E-03   2.29842262E-03   2.24636192E-03
  0.203125000       7.81250000E-02  -7.70943053E-03   2.23617489E-03   2.29818281E-03
  0.234375000       7.81250000E-02  -9.06789675E-03   2.14969460E-03   2.36408203E-03
  0.265625000       7.81250000E-02  -1.03610661E-02   2.04383023E-03   2.44428939E-03
  0.296875000       7.81250000E-02  -1.15761906E-02   1.91883510E-03   2.53896113E-03
  0.328125000       7.81250000E-02  -1.27008371E-02   1.77355274E-03   2.64817150E-03
  0.359375000       7.81250000E-02  -1.37222605E-02   1.60650292E-03   2.77182064E-03
  0.390625000       7.81250000E-02  -1.46272117E-02   1.41621358E-03   2.90969596E-03
  0.421875000       7.81250000E-02  -1.54019343E-02   1.20138424E-03   3.06129083E-03
  0.453125000       7.81250000E-02  -1.60322450E-02   9.61029611E-04   3.22590233E-03
  0.484375000       7.81250000E-02  -1.65037010E-02   6.94714079E-04   3.40235233E-03
  0.515625000       7.81250000E-02  -1.68018937E-02   4.02672973E-04   3.58920312E-03
  0.546875000       7.81250000E-02  -1.69128180E-02   8.59168504E-05   3.78453359E-03
  0.578125000       7.81250000E-02  -1.68233477E-02  -2.54067330E-04   3.98581475E-03
  0.609375000       7.81250000E-02  -1.65224969E-02  -6.14654506E-04   4.19013761E-03
  0.640625000       7.81250000E-02  -1.60022341E-02  -9.90542932E-04   4.39410843E-03
  0.671875000       7.81250000E-02  -1.52577907E-02  -1.37467193E-03   4.59393812E-03
  0.703125000       7.81250000E-02  -1.42886173E-02  -1.75834401E-03   4.78548137E-03
  0.734375000       7.81250000E-02  -1.30994413E-02  -2.13121949E-03   4.96444106E-03
  0.765625000       7.81250000E-02  -1.17013790E-02  -2.48095766E-03   5.12647303E-03
  0.796875000       7.81250000E-02  -1.01135783E-02  -2.79184850E-03   5.26748039E-03
  0.828125000       7.81250000E-02  -8.36626813E-03  -3.04086250E-03   5.38382027E-03
  0.859375000       7.81250000E-02  -6.50687609E-03  -3.18886526E-03   5.47273504E-03
  0.890625000       7.81250000E-02  -4.61153872E-03  -3.16607789E-03   5.53273037E-03
  0.921875000       7.81250000E-02  -2.80324882E-03  -2.85826996E-03   5.56405168E-03
  0.953125000       7.81250000E-02  -1.27380388E-03  -2.11835187E-03   5.56897325E-03
  0.984375000       7.81250000E-02  -3.03883979E-04  -8.46535549E-04   5.55105321E-03
   1.56250000E-02  0.109375000      -2.71225435E-04   1.07158069E-03   2.17698608E-03
   4.68750000E-02  0.109375000      -1.12078048E-03   2.55231606E-03   2.15956359E-03
   7.81250000E-02  0.109375000      -2.43434100E-03   3.38877901E-03   2.15692609E-03
  0.109375000      0.109375000      -3.97045817E-03   3.75804096E-03   2.16781115E-03
  0.140625000      0.109375000      -5.58749028E-03   3.85602331E-03   2.19187373E-03
  0.171875000      0.109375000      -7.20887491E-03   3.81670846E-03   2.22922768E-03
  0.203125000      0.109375000      -8.79425742E-03   3.70829646E-03   2.28017056E-03
  0.234375000      0.109375000      -1.03202984E-02   3.55817890E-03   2.34502787E-03
  0.265625000      0.109375000      -1.17704701E-02   3.37472628E-03   2.42410181E-03
  0.296875000      0.109375000      -1.31305102E-02   3.15906713E-03   2.51766131E-03
  0.328125000      0.109375000      -1.43866464E-02   2.90998258E-03   2.62586446E-03
  0.359375000      0.109375000      -1.55249396E-02   2.62557203E-03   2.74872198E-03
  0.390625000      0.109375000      -1.65310353E-02   2.30386341E-03   2.88610160E-03
  0.421875000      0.109375000      -1.73900910E-02   1.94305996E-03   3.03764432E-03
  0.453125000      0.109375000      -1.80868227E-02   1.54180522E-03   3.20269121E-03
  0.484375000      0.109375000      -1.86056197E-02   1.09944877E-03   3.38021177E-03
  0.515625000      0.109375000      -1.89307742E-02   6.16377802E-04   3.56883160E-03
  0.546875000      0.109375000      -1.90469436E-02   9.42218976E-05   3.76667082E-03
  0.578125000      0.109375000      -1.89400036E-02  -4.64051962E-04   3.97123303E-03
  0.609375000      0.109375000      -1.85980946E-02  -1.05289952E-03   4.17957641E-03
  0.640625000      0.109375000      -1.80121791E-02  -1.66414515E-03   4.38821130E-03
  0.671875000      0.109375000      -1.71766728E-02  -2.28688587E-03   4.59315116E-03
  0.703125000      0.109375000      -1.60905719E-02  -2.90746288E-03   4.79006674E-03
  0.734375000      0.109375000      -1.47586633E-02  -3.50942556E-03   4.97438107E-03
  0.765625000      0.109375000      -1.31929405E-02  -4.07293579E-03   5.14143286E-03
  0.796875000      0.109375000      -1.14144795E-02  -4.57266532E-03   5.28685749E-03
  0.828125000      0.109375000      -9.45666619E-03  -4.97181015E-03   5.40675130E-03
  0.859375000      0.109375000      -7.37149268E-03  -5.20920008E-03   5.49816620E-03
  0.890625000      0.109375000      -5.24151418E-03  -5.17782103E-03   5.55942860E-03
  0.921875000      0.109375000      -3.20016593E-03  -4.70294617E-03   5.59062511E-03
  0.953125000      0.109375000      -1.46061787E-03  -3.54944868E-03   5.59369102E-03
  0.984375000      0.109375000      -3.49472451E-04  -1.50227943E-03   5.57179051E-03
   1.56250000E-02  0.140625000      -2.92384590E-04   1.63371139E-03   2.14709644E-03
   4.68750000E-02  0.140625000      -1.20899989E-03   3.75301274E-03   2.12772423E-03
   7.81250000E-02  0.140625000      -2.62311660E-03   4.91202809E-03   2.12387182E-03
  0.109375000      0.140625000      -4.26951563E-03   5.41356392E-03   2.13387702E-03
  0.140625000      0.140625000      -5.99623518E-03   5.54048363E-03   2.15712935E-03
  0.171875000      0.140625000      -7.72362808E-03   5.47722401E-03   2.19359645E-03
  0.203125000      0.140625000      -9.41070635E-03   5.31639811E-03   2.24353955E-03
  0.234375000      0.140625000      -1.10339215E-02   5.09543903E-03   2.30735261E-03
  0.265625000      0.140625000      -1.25764683E-02   4.82623000E-03   2.38541560E-03
  0.296875000      0.140625000      -1.40237566E-02   4.51086322E-03   2.47807428E-03
  0.328125000      0.140625000      -1.53616546E-02   4.14811121E-03   2.58561783E-03
  0.359375000      0.140625000      -1.65758543E-02   3.73573229E-03   2.70820153E-03
  0.390625000      0.140625000      -1.76515952E-02   3.27123213E-03   2.84582749E-03
  0.421875000      0.140625000      -1.85735412E-02   2.75226403E-03   2.99826963E-03
  0.453125000      0.140625000      -1.93257444E-02   2.17697304E-03   3.16498918E-03
  0.484375000      0.140625000      -1.98917389E-02   1.54435798E-03   3.34516447E-03
  0.515625000      0.140625000      -2.02547386E-02   8.54746206E-04   3.53749376E-03
  0.546875000      0.140625000      -2.03980561E-02   1.10287510E-04   3.74017563E-03
  0.578125000      0.140625000      -2.03058943E-02  -6.84462255E-04   3.95077420E-03
  0.609375000      0.140625000      -1.99641734E-02  -1.52156223E-03   4.16619610E-03
  0.640625000      0.140625000      -1.93612836E-02  -2.38993438E-03   4.38276492E-03
  0.671875000      0.140625000      -1.84891317E-02  -3.27460770E-03   4.59632603E-03
  0.703125000      0.140625000      -1.73444785E-02  -4.15654946E-03   4.80217021E-03
  0.734375000      0.140625000      -1.59304999E-02  -5.01246797E-03   4.99529066E-03
  0.765625000      0.140625000      -1.42585225E-02  -5.81399910E-03   5.17060654E-03
  0.796875000      0.140625000      -1.23502910E-02  -6.52484130E-03   5.32324333E-03
  0.828125000      0.140625000      -1.02415634E-02  -7.09282793E-03   5.44886012E-03
  0.859375000      0.140625000      -7.98881799E-03  -7.43283052E-03   5.54420380E-03
  0.890625000      0.140625000      -5.68200415E-03  -7.39775132E-03   5.60743734E-03
  0.921875000      0.140625000      -3.46686761E-03  -6.74628280E-03   5.63859567E-03
  0.953125000      0.140625000      -1.57791632E-03  -5.14138583E-03   5.63981989E-03
  0.984375000      0.140625000      -3.75517615E-04  -2.22965167E-03   5.61478082E-03
   1.56250000E-02  0.171875000      -3.04329762E-04   2.22895714E-03   2.09792587E-03
   4.68750000E-02  0.171875000      -1.26210193E-03   5.02883643E-03   2.07715435E-03
   7.81250000E-02  0.171875000      -2.74240179E-03   6.52691675E-03   2.07214546E-03
  0.109375000      0.171875000      -4.46465239E-03   7.16360565E-03   2.08112737E-03
  0.140625000      0.171875000      -6.26870478E-03   7.31746852E-03   2.10337364E-03
  0.171875000      0.171875000      -8.07204098E-03   7.22718798E-03   2.13879417E-03
  0.203125000      0.171875000      -9.83319152E-03   7.01083988E-03   2.18764762E-03
  0.234375000      0.171875000      -1.15288319E-02   6.71597896E-03   2.25041574E-03
  0.265625000      0.171875000      -1.31424684E-02   6.35793898E-03   2.32754136E-03
  0.296875000      0.171875000      -1.46597447E-02   5.93971554E-03   2.41948804E-03
  0.328125000      0.171875000      -1.60667039E-02   5.46003832E-03   2.52669468E-03
  0.359375000      0.171875000      -1.73491128E-02   4.91624046E-03   2.64946651E-03
  0.390625000      0.171875000      -1.84921250E-02   4.30520764E-03   2.78799562E-03
  0.421875000      0.171875000      -1.94801241E-02   3.62384785E-03   2.94219935E-03
  0.453125000      0.171875000      -2.02965885E-02   2.86954106E-03   3.11181392E-03
  0.484375000      0.171875000      -2.09240895E-02   2.04062345E-03   3.29608517E-03
  0.515625000      0.171875000      -2.13444121E-02   1.13697781E-03   3.49400146E-03
  0.546875000      0.171875000      -2.15388946E-02   1.60850468E-04   3.70380469E-03
  0.578125000      0.171875000      -2.14889683E-02  -8.82311258E-04   3.92317632E-03
  0.609375000      0.171875000      -2.11770050E-02  -1.98280299E-03   4.14872821E-03
  0.640625000      0.171875000      -2.05873661E-02  -3.12683987E-03   4.37668152E-03
  0.671875000      0.171875000      -1.97077487E-02  -4.29530628E-03   4.60251234E-03
  0.703125000      0.171875000      -1.85309425E-02  -5.46335801E-03   4.82107466E-03
  0.734375000      0.171875000      -1.70568563E-02  -6.59997202E-03   5.02675027E-03
  0.765625000      0.171875000      -1.52948629E-02  -7.66688678E-03   5.21381339E-03
  0.796875000      0.171875000      -1.32667208E-02  -8.61489400E-03   5.37665654E-03
  0.828125000      0.171875000      -1.10108936E-02  -9.37400572E-03   5.51036978E-03
  0.859375000      0.171875000      -8.59001186E-03  -9.83203202E-03   5.61121712E-03
  0.890625000      0.171875000      -6.10456150E-03  -9.79759824E-03   5.67720970E-03
  0.921875000      0.171875000      -3.71660059E-03  -8.95631872E-03   5.70859201E-03
  0.953125000      0.171875000      -1.68437103E-03  -6.85929693E-03   5.70803415E-03
  0.984375000      0.171875000      -3.98358796E-04  -3.00590415E-03   5.68012102E-03
   1.56250000E-02  0.203125000      -3.14128585E-04   2.84596300E-03   2.02918984E-03
   4.68750000E-02  0.203125000      -1.30628899E-03   6.35848101E-03   2.00720550E-03
   7.81250000E-02  0.203125000      -2.84334039E-03   8.21095798E-03   2.00107088E-03
  0.109375000      0.203125000      -4.63259825E-03   8.98739044E-03   2.00895127E-03
  0.140625000      0.203125000      -6.50681183E-03   9.16824024E-03   2.03004293E-03
  0.171875000      0.203125000      -8.38062912E-03   9.04982258E-03   2.06428533E-03
  0.203125000      0.203125000      -1.02119986E-02   8.77693854E-03   2.11196067E-03
  0.234375000      0.203125000      -1.19778868E-02   8.40757228E-03   2.17360584E-03
  0.265625000      0.203125000      -1.36623271E-02   7.96052814E-03   2.24977988E-03
  0.296875000      0.203125000      -1.52515154E-02   7.43963290E-03   2.34110048E-03
  0.328125000      0.203125000      -1.67319737E-02   6.84350915E-03   2.44814786E-03
  0.359375000      0.203125000      -1.80898216E-02   6.16891077E-03   2.57143937E-03
  0.390625000      0.203125000      -1.93103738E-02   5.41189220E-03   2.71134265E-03
  0.421875000      0.203125000      -2.03778483E-02   4.56831697E-03   2.86804978E-03
  0.453125000      0.203125000      -2.12751273E-02   3.63437459E-03   3.04149790E-03
  0.484375000      0.203125000      -2.19836123E-02   2.60718865E-03   3.23123019E-03
  0.515625000      0.203125000      -2.24832203E-02   1.48559385E-03   3.43639380E-03
  0.546875000      0.203125000      -2.27525663E-02   2.71128520E-04   3.65549978E-03
  0.578125000      0.203125000      -2.27692835E-02  -1.03093171E-03   3.88629641E-03
  0.609375000      0.203125000      -2.25109681E-02  -2.40981113E-03   4.12516901E-03
  0.640625000      0.203125000      -2.19564587E-02  -3.84955760E-03   4.36807889E-03
  0.671875000      0.203125000      -2.10874453E-02  -5.32702636E-03   4.61017014E-03
  0.703125000      0.203125000      -1.98907796E-02  -6.81114942E-03   4.84563038E-03
  0.734375000      0.203125000      -1.83611847E-02  -8.26211646E-03   5.06810145E-03
  0.765625000      0.203125000      -1.65045634E-02  -9.62979812E-03   5.27086528E-03
  0.796875000      0.203125000      -1.43420417E-02  -1.08492430E-02   5.44738909E-03
  0.828125000      0.203125000      -1.19154388E-02  -1.18287960E-02   5.59188565E-03
  0.859375000      0.203125000      -9.29589942E-03  -1.24244401E-02   5.70001313E-03
  0.890625000      0.203125000      -6.59857504E-03  -1.23947654E-02   5.76963741E-03
  0.921875000      0.203125000      -4.00705775E-03  -1.13454182E-02   5.80140902E-03
  0.953125000      0.203125000      -1.80808594E-03  -8.70815385E-03   5.79888187E-03
  0.984375000      0.203125000      -4.25125618E-04  -3.83175584E-03   5.76777477E-03
   1.56250000E-02  0.234375000      -3.24786350E-04   3.48344631E-03   1.94075145E-03
   4.68750000E-02  0.234375000      -1.35343033E-03   7.73856603E-03   1.91751530E-03
   7.81250000E-02  0.234375000      -2.95005273E-03   9.96093266E-03   1.91019545E-03
  0.109375000      0.234375000      -4.80995560E-03   1.08829457E-02   1.91685476E-03
  0.140625000      0.234375000      -6.75891433E-03   1.10921990E-02   1.93666364E-03
  0.171875000      0.234375000      -8.70868936E-03   1.09457616E-02   1.96955213E-03
  0.203125000      0.234375000      -1.06165837E-02   1.06165279E-02   2.01586657E-03
  0.234375000      0.234375000      -1.24598797E-02   1.01733841E-02   2.07621092E-03
  0.265625000      0.234375000      -1.42232710E-02   9.63871554E-03   2.15129601E-03
  0.296875000      0.234375000      -1.58937238E-02   9.01719555E-03   2.24188040E-03
  0.328125000      0.234375000      -1.74585246E-02   8.30724649E-03   2.34874641E-03
  0.359375000      0.234375000      -1.89044327E-02   7.50489766E-03   2.47262442E-03
  0.390625000      0.234375000      -2.02171840E-02   6.60508871E-03   2.61414424E-03
  0.421875000      0.234375000      -2.13810392E-02   5.60222752E-03   2.77378713E-03
  0.453125000      0.234375000      -2.23783813E-02   4.49074619E-03   2.95177475E-03
  0.484375000      0.234375000      -2.31893733E-02   3.26581392E-03   3.14801210E-03
  0.515625000      0.234375000      -2.37917453E-02   1.92430522E-03   3.36189219E-03
  0.546875000      0.234375000      -2.41607390E-02   4.65922581E-04   3.59218894E-03
  0.578125000      0.234375000      -2.42693517E-02  -1.10543915E-03   3.83704389E-03
  0.609375000      0.234375000      -2.40891818E-02  -2.77906097E-03   4.09244560E-03
  0.640625000      0.234375000      -2.35917624E-02  -4.53775190E-03   4.35419753E-03
  0.671875000      0.234375000      -2.27506012E-02  -6.35477621E-03   4.61691106E-03
  0.703125000      0.234375000      -2.15440840E-02  -8.19260627E-03   4.87403385E-03
  0.734375000      0.234375000      -1.99591909E-02  -1.00014061E-02   5.11817168E-03
  0.765625000      0.234375000      -1.79961640E-02  -1.17166191E-02   5.34137944E-03
  0.796875000      0.234375000      -1.56742632E-02  -1.32534746E-02   5.53573202E-03
  0.828125000      0.234375000      -1.30391680E-02  -1.44930072E-02   5.69423893E-03
  0.859375000      0.234375000      -1.01733375E-02  -1.52524021E-02   5.81172435E-03
  0.890625000      0.234375000      -7.21183140E-03  -1.52324457E-02   5.88590559E-03
  0.921875000      0.234375000      -4.36684024E-03  -1.39510296E-02   5.91803109E-03
  0.953125000      0.234375000      -1.96121749E-03  -1.07138716E-02   5.91295911E-03
  0.984375000      0.234375000      -4.58344526E-04  -4.71758051E-03   5.87790087E-03
   1.56250000E-02  0.265625000      -3.37351725E-04   4.14417777E-03   1.83241628E-03
   4.68750000E-02  0.265625000      -1.40805996E-03   9.17400792E-03   1.80777197E-03
   7.81250000E-02  0.265625000      -3.07228626E-03   1.17827896E-02   1.79911638E-03
  0.109375000      0.265625000      -5.01182443E-03   1.28569622E-02   1.80440536E-03
  0.140625000      0.265625000      -7.04493839E-03   1.30966604E-02   1.82271074E-03
  0.171875000      0.265625000      -9.08034667E-03   1.29228551E-02   1.85398385E-03
  0.203125000      0.265625000      -1.10746622E-02   1.25379795E-02   1.89862552E-03
  0.234375000      0.265625000      -1.30055510E-02   1.20224096E-02   1.95735926E-03
  0.265625000      0.265625000      -1.48585550E-02   1.14023313E-02   2.03102268E-03
  0.296875000      0.265625000      -1.66216642E-02   1.06833410E-02   2.12055026E-03
  0.328125000      0.265625000      -1.82832479E-02   9.86362901E-03   2.22692033E-03
  0.359375000      0.265625000      -1.98310949E-02   8.93834792E-03   2.35117227E-03
  0.390625000      0.265625000      -2.12517418E-02   7.90103804E-03   2.49419967E-03
  0.421875000      0.265625000      -2.25298777E-02   6.74417522E-03   2.65681488E-03
  0.453125000      0.265625000      -2.36476995E-02   5.45975752E-03   2.83968775E-03
  0.484375000      0.265625000      -2.45842934E-02   4.04004939E-03   3.04305670E-03
  0.515625000      0.265625000      -2.53150798E-02   2.47872574E-03   3.26674897E-03
  0.546875000      0.265625000      -2.58115288E-02   7.72243948E-04   3.50991706E-03
  0.578125000      0.265625000      -2.60415636E-02  -1.07803079E-03   3.77114862E-03
  0.609375000      0.265625000      -2.59693749E-02  -3.06398794E-03   4.04636562E-03
  0.640625000      0.265625000      -2.55568586E-02  -5.16818743E-03   4.33100993E-03
  0.671875000      0.265625000      -2.47666929E-02  -7.36137806E-03   4.61920165E-03
  0.703125000      0.265625000      -2.35654786E-02  -9.59972665E-03   4.90353350E-03
  0.734375000      0.265625000      -2.19287686E-02  -1.18221380E-02   5.17517701E-03
  0.765625000      0.265625000      -1.98476706E-02  -1.39464932E-02   5.42454002E-03
  0.796875000      0.265625000      -1.73372291E-02  -1.58626046E-02   5.64184925E-03
  0.828125000      0.265625000      -1.44468639E-02  -1.74161214E-02   5.81834605E-03
  0.859375000      0.265625000      -1.12735154E-02  -1.83752999E-02   5.94770629E-03
  0.890625000      0.265625000      -7.97911827E-03  -1.83722712E-02   6.02737162E-03
  0.921875000      0.265625000      -4.81457636E-03  -1.68275032E-02   6.05951063E-03
  0.953125000      0.265625000      -2.15013186E-03  -1.29141584E-02   6.05085399E-03
  0.984375000      0.265625000      -4.98851063E-04  -5.67710912E-03   6.01067068E-03
   1.56250000E-02  0.296875000      -3.52139119E-04   4.83229337E-03   1.70388771E-03
   4.68750000E-02  0.296875000      -1.47173216E-03   1.06730834E-02   1.67761277E-03
   7.81250000E-02  0.296875000      -3.21361795E-03   1.36863505E-02   1.66743109E-03
  0.109375000      0.296875000      -5.24386438E-03   1.49196927E-02   1.67109142E-03
  0.140625000      0.296875000      -7.37226754E-03   1.51919303E-02   1.68761937E-03
  0.171875000      0.296875000      -9.50421114E-03   1.49913915E-02   1.71691505E-03
  0.203125000      0.296875000      -1.15956310E-02   1.45516023E-02   1.75945531E-03
  0.234375000      0.296875000      -1.36246905E-02   1.39651252E-02   1.81606459E-03
  0.265625000      0.296875000      -1.55779924E-02   1.32622747E-02   1.88774616E-03
  0.296875000      0.296875000      -1.74449012E-02   1.24497302E-02   1.97560666E-03
  0.328125000      0.296875000      -1.92153007E-02   1.15254931E-02   2.08088011E-03
  0.359375000      0.296875000      -2.08785124E-02   1.04837604E-02   2.20487011E-03
  0.390625000      0.296875000      -2.24224869E-02   9.31639969E-03   2.34887749E-03
  0.421875000      0.296875000      -2.38329396E-02   8.01347382E-03   2.51410087E-03
  0.453125000      0.296875000      -2.50924584E-02   6.56376686E-03   2.70158262E-03
  0.484375000      0.296875000      -2.61795409E-02   4.95555205E-03   2.91219121E-03
  0.515625000      0.296875000      -2.70676687E-02   3.17781745E-03   3.14630172E-03
  0.546875000      0.296875000      -2.77246386E-02   1.22205156E-03   3.40357516E-03
  0.578125000      0.296875000      -2.81122886E-02  -9.14901146E-04   3.68295982E-03
  0.609375000      0.296875000      -2.81860251E-02  -3.23057594E-03   3.98118328E-03
  0.640625000      0.296875000      -2.78962012E-02  -5.70924114E-03   4.29304596E-03
  0.671875000      0.296875000      -2.71912105E-02  -8.32109619E-03   4.61211149E-03
  0.703125000      0.296875000      -2.60213539E-02  -1.10170078E-02   4.92991554E-03
  0.734375000      0.296875000      -2.43453979E-02  -1.37237497E-02   5.23606129E-03
  0.765625000      0.296875000      -2.21398510E-02  -1.63380187E-02   5.51871350E-03
  0.796875000      0.296875000      -1.94111895E-02  -1.87168755E-02   5.76546835E-03
  0.828125000      0.296875000      -1.62110664E-02  -2.06591599E-02   5.96509688E-03
  0.859375000      0.296875000      -1.26542393E-02  -2.18692981E-02   6.10943697E-03
  0.890625000      0.296875000      -8.93889368E-03  -2.18948331E-02   6.19555730E-03
  0.921875000      0.296875000      -5.36942016E-03  -2.00456865E-02   6.22693170E-03
  0.953125000      0.296875000      -2.38024001E-03  -1.53562296E-02   6.21296978E-03
  0.984375000      0.296875000      -5.46943920E-04  -6.72520231E-03   6.16600597E-03
   1.56250000E-02  0.328125000      -3.69272602E-04   5.55236544E-03   1.55479030E-03
   4.68750000E-02  0.328125000      -1.54510094E-03   1.22454036E-02   1.52663409E-03
   7.81250000E-02  0.328125000      -3.37558379E-03   1.56830139E-02   1.51466217E-03
  0.109375000      0.328125000      -5.50843356E-03   1.70827210E-02   1.51641294E-03
  0.140625000      0.328125000      -7.74376048E-03   1.73892081E-02   1.53076532E-03
  0.171875000      0.328125000      -9.98321921E-03   1.71620697E-02   1.55760767E-03
  0.203125000      0.328125000      -1.21820495E-02   1.66677032E-02   1.59745524E-03
  0.234375000      0.328125000      -1.43190939E-02   1.60116367E-02   1.65126636E-03
  0.265625000      0.328125000      -1.63823161E-02   1.52287716E-02   1.72012416E-03
  0.296875000      0.328125000      -1.83628611E-02   1.43271480E-02   1.80543051E-03
  0.328125000      0.328125000      -2.02526934E-02   1.33047337E-02   1.90863851E-03
  0.359375000      0.328125000      -2.20433660E-02   1.21547934E-02   2.03134073E-03
  0.390625000      0.328125000      -2.37250198E-02   1.08673340E-02   2.17521354E-03
  0.421875000      0.328125000      -2.52853036E-02   9.42954887E-03   2.34199502E-03
  0.453125000      0.328125000      -2.67081559E-02   7.82624446E-03   2.53326027E-03
  0.484375000      0.328125000      -2.79724561E-02   6.04052003E-03   2.75050243E-03
  0.515625000      0.328125000      -2.90505998E-02   4.05503251E-03   2.99478439E-03
  0.546875000      0.328125000      -2.99071129E-02   1.85403344E-03   3.26656224E-03
  0.578125000      0.328125000      -3.04969512E-02  -5.73914440E-04   3.56543111E-03
  0.609375000      0.328125000      -3.07656750E-02  -3.23389843E-03   3.88945732E-03
  0.640625000      0.328125000      -3.06503288E-02  -6.11620769E-03   4.23271582E-03
  0.671875000      0.328125000      -3.00809480E-02  -9.19396710E-03   4.58839675E-03
  0.703125000      0.328125000      -2.89856177E-02  -1.24151483E-02   4.94697131E-03
  0.734375000      0.328125000      -2.72987951E-02  -1.56945586E-02   5.29606268E-03
  0.765625000      0.328125000      -2.49739625E-02  -1.89040676E-02   5.62088471E-03
  0.796875000      0.328125000      -2.20013056E-02  -2.18588561E-02   5.90553833E-03
  0.828125000      0.328125000      -1.84303857E-02  -2.42950693E-02   6.13506185E-03
  0.859375000      0.328125000      -1.43962391E-02  -2.58312412E-02   6.29852246E-03
  0.890625000      0.328125000      -1.01454835E-02  -2.59057991E-02   6.39211107E-03
  0.921875000      0.328125000      -6.05796138E-03  -2.36983858E-02   6.42119674E-03
  0.953125000      0.328125000      -2.65834061E-03  -1.80988498E-02   6.39923196E-03
  0.984375000      0.328125000      -6.02647662E-04  -7.87703786E-03   6.34311140E-03
   1.56250000E-02  0.359375000      -3.88900953E-04   6.30923826E-03   1.38468260E-03
   4.68750000E-02  0.359375000      -1.62880681E-03   1.39013231E-02   1.35436247E-03
   7.81250000E-02  0.359375000      -3.55948019E-03   1.77849643E-02   1.34030939E-03
  0.109375000      0.359375000      -5.80729684E-03   1.93581395E-02   1.33978855E-03
  0.140625000      0.359375000      -8.16126913E-03   1.96997747E-02   1.35151576E-03
  0.171875000      0.359375000      -1.05188582E-02   1.94452181E-02   1.37532002E-03
  0.203125000      0.359375000      -1.28345583E-02   1.88957360E-02   1.41174579E-03
  0.234375000      0.359375000      -1.50880739E-02   1.81708075E-02   1.46183406E-03
  0.265625000      0.359375000      -1.72691010E-02   1.73104871E-02   1.52683875E-03
  0.296875000      0.359375000      -1.93710923E-02   1.63245983E-02   1.60834589E-03
  0.328125000      0.359375000      -2.13887710E-02   1.52114090E-02   1.70805363E-03
  0.359375000      0.359375000      -2.33167708E-02   1.39633864E-02   1.82792835E-03
  0.390625000      0.359375000      -2.51484737E-02   1.25686629E-02   1.97002967E-03
  0.421875000      0.359375000      -2.68746931E-02   1.10112391E-02   2.13662698E-03
  0.453125000      0.359375000      -2.84820907E-02   9.27124918E-03   2.32996442E-03
  0.484375000      0.359375000      -2.99513340E-02   7.32540432E-03   2.55223480E-03
  0.515625000      0.359375000      -3.12550217E-02   5.14818076E-03   2.80542113E-03
  0.546875000      0.359375000      -3.23553495E-02   2.71373894E-03   3.09099373E-03
  0.578125000      0.359375000      -3.32017876E-02  -1.56289025E-06   3.40946950E-03
  0.609375000      0.359375000      -3.37293781E-02  -3.01444530E-03   3.76129197E-03
  0.640625000      0.359375000      -3.38589735E-02  -6.32626796E-03   4.13967203E-03
  0.671875000      0.359375000      -3.34982574E-02  -9.91924480E-03   4.53787437E-03
  0.703125000      0.359375000      -3.25459465E-02  -1.37431631E-02   4.94533824E-03
  0.734375000      0.359375000      -3.09021398E-02  -1.77032258E-02   5.34742232E-03
  0.765625000      0.359375000      -2.84848362E-02  -2.16439553E-02   5.72570646E-03
  0.796875000      0.359375000      -2.52549201E-02  -2.53282394E-02   6.05932530E-03
  0.828125000      0.359375000      -2.12499890E-02  -2.84083989E-02   6.32795645E-03
  0.859375000      0.359375000      -1.66241750E-02  -3.03847566E-02   6.51615951E-03
  0.890625000      0.359375000      -1.16864592E-02  -3.05475257E-02   6.61850767E-03
  0.921875000      0.359375000      -6.92435540E-03  -2.79128477E-02   6.64278958E-03
  0.953125000      0.359375000      -2.99560977E-03  -2.12190934E-02   6.60854857E-03
  0.984375000      0.359375000      -6.65764266E-04  -9.14760493E-03   6.53973874E-03
   1.56250000E-02  0.390625000      -4.11288900E-04   7.10816961E-03   1.19304284E-03
   4.68750000E-02  0.390625000      -1.72385189E-03   1.56520139E-02   1.16024574E-03
   7.81250000E-02  0.390625000      -3.76718212E-03   2.00050976E-02   1.14377856E-03
  0.109375000      0.390625000      -6.14290033E-03   2.17583515E-02   1.14059018E-03
  0.140625000      0.390625000      -8.62728897E-03   2.21347250E-02   1.14916312E-03
  0.171875000      0.390625000      -1.11130560E-02   2.18504183E-02   1.16921356E-03
  0.203125000      0.390625000      -1.35539137E-02   2.12438870E-02   1.20137702E-03
  0.234375000      0.390625000      -1.59306489E-02   2.04497054E-02   1.24667108E-03
  0.265625000      0.390625000      -1.82350762E-02   1.95138510E-02   1.30655151E-03
  0.296875000      0.390625000      -2.04635672E-02   1.84485409E-02   1.38267921E-03
  0.328125000      0.390625000      -2.26144176E-02   1.72528289E-02   1.47712626E-03
  0.359375000      0.390625000      -2.46863775E-02   1.59187652E-02   1.59201853E-03
  0.390625000      0.390625000      -2.66773514E-02   1.44327953E-02   1.72998337E-03
  0.421875000      0.390625000      -2.85828728E-02   1.27756530E-02   1.89381477E-03
  0.453125000      0.390625000      -3.03941593E-02   1.09222764E-02   2.08646455E-03
  0.484375000      0.390625000      -3.20957452E-02   8.84189084E-03   2.31098756E-03
  0.515625000      0.390625000      -3.36626135E-02   6.49881223E-03   2.57050036E-03
  0.546875000      0.390625000      -3.50567549E-02   3.85397067E-03   2.86765187E-03
  0.578125000      0.390625000      -3.62236947E-02   8.67750670E-04   3.20438761E-03
  0.609375000      0.390625000      -3.70900035E-02  -2.49397755E-03   3.58384149E-03
  0.640625000      0.390625000      -3.75588760E-02  -6.25274610E-03   3.99995875E-03
  0.671875000      0.390625000      -3.75101380E-02  -1.04071191E-02   4.44605714E-03
  0.703125000      0.390625000      -3.68057340E-02  -1.49173625E-02   4.91093472E-03
  0.734375000      0.390625000      -3.52989361E-02  -1.96854584E-02   5.37767541E-03
  0.765625000      0.390625000      -3.28549296E-02  -2.45293044E-02   5.82341151E-03
  0.796875000      0.390625000      -2.93846540E-02  -2.91497093E-02   6.22076588E-03
  0.828125000      0.390625000      -2.48937979E-02  -3.30895483E-02   6.54143933E-03
  0.859375000      0.390625000      -1.95445232E-02  -3.56855467E-02   6.76274113E-03
  0.890625000      0.390625000      -1.37183685E-02  -3.60172875E-02   6.87579159E-03
  0.921875000      0.390625000      -8.05428158E-03  -3.28756571E-02   6.89139310E-03
  0.953125000      0.390625000      -3.41636501E-03  -2.48290002E-02   6.83811121E-03
  0.984375000      0.390625000      -7.36744318E-04  -1.05521269E-02   6.75093848E-03
   1.56250000E-02  0.421875000      -4.36876173E-04   7.95512274E-03   9.79313510E-04
   4.68750000E-02  0.421875000      -1.83188019E-03   1.75098870E-02   9.43669642E-04
   7.81250000E-02  0.421875000      -4.00170451E-03   2.23573204E-02   9.24472988E-04
  0.109375000      0.421875000      -6.51915185E-03   2.42962297E-02   9.18171601E-04
  0.140625000      0.421875000      -9.14591178E-03   2.47049294E-02   9.23035725E-04
  0.171875000      0.421875000      -1.17693059E-02   2.43863128E-02   9.38646379E-04
  0.203125000      0.421875000      -1.43422037E-02   2.37186980E-02   9.65542626E-04
  0.234375000      0.421875000      -1.68467090E-02   2.28531063E-02   1.00482674E-03
  0.265625000      0.421875000      -1.92772299E-02   2.18423996E-02   1.05804298E-03
  0.296875000      0.421875000      -2.16337163E-02   2.07020082E-02   1.12697098E-03
  0.328125000      0.421875000      -2.39189286E-02   1.94325000E-02   1.21384265E-03
  0.359375000      0.421875000      -2.61369310E-02   1.80261694E-02   1.32114871E-03
  0.390625000      0.421875000      -2.82916725E-02   1.64682455E-02   1.45189627E-03
  0.421875000      0.421875000      -3.03852856E-02   1.47364791E-02   1.60941319E-03
  0.453125000      0.421875000      -3.24159153E-02   1.28004961E-02   1.79738621E-03
  0.484375000      0.421875000      -3.43748480E-02   1.06212832E-02   2.01991620E-03
  0.515625000      0.421875000      -3.62427905E-02   8.15123226E-03   2.28128419E-03
  0.546875000      0.421875000      -3.79852839E-02   5.33505902E-03   2.58576288E-03
  0.578125000      0.421875000      -3.95477489E-02   2.11273972E-03   2.93726171E-03
  0.609375000      0.421875000      -4.08500023E-02  -1.57398847E-03   3.34021682E-03
  0.640625000      0.421875000      -4.17782888E-02  -5.77951409E-03   3.79473716E-03
  0.671875000      0.421875000      -4.21831459E-02  -1.05286147E-02   4.29249927E-03
  0.703125000      0.421875000      -4.18822840E-02  -1.58060249E-02   4.82276548E-03
  0.734375000      0.421875000      -4.06681336E-02  -2.15231758E-02   5.36682550E-03
  0.765625000      0.421875000      -3.83310691E-02  -2.74786241E-02   5.89703443E-03
  0.796875000      0.421875000      -3.47017124E-02  -3.33064348E-02   6.37761969E-03
  0.828125000      0.421875000      -2.97176763E-02  -3.84144038E-02   6.76885853E-03
  0.859375000      0.421875000      -2.35161111E-02  -4.19182554E-02   7.03628734E-03
  0.890625000      0.421875000      -1.65419355E-02  -4.25914079E-02   7.16384687E-03
  0.921875000      0.421875000      -9.63313505E-03  -3.88804972E-02   7.16521591E-03
  0.953125000      0.421875000      -3.98389855E-03  -2.91169100E-02   7.08222110E-03
  0.984375000      0.421875000      -8.20774410E-04  -1.21114356E-02   6.96715061E-03
   1.56250000E-02  0.453125000      -4.66385507E-04   8.85722041E-03   7.42842094E-04
   4.68750000E-02  0.453125000      -1.95547706E-03   1.94892529E-02   7.03966012E-04
   7.81250000E-02  0.453125000      -4.26773261E-03   2.48570982E-02   6.81626145E-04
  0.109375000      0.453125000      -6.94217905E-03   2.69854106E-02   6.71860529E-04
  0.140625000      0.453125000      -9.72371735E-03   2.74211206E-02   6.72432769E-04
  0.171875000      0.453125000      -1.24935973E-02   2.70604901E-02   6.82830752E-04
  0.203125000      0.453125000      -1.52037796E-02   2.63247229E-02   7.03506696E-04
  0.234375000      0.453125000      -1.78379640E-02   2.53829323E-02   7.35512876E-04
  0.265625000      0.453125000      -2.03936622E-02   2.42960099E-02   7.80381146E-04
  0.296875000      0.453125000      -2.28751395E-02   2.30836347E-02   8.39991029E-04
  0.328125000      0.453125000      -2.52906121E-02   2.17488986E-02   9.16712685E-04
  0.359375000      0.453125000      -2.76507083E-02   2.02852804E-02   1.01320783E-03
  0.390625000      0.453125000      -2.99670622E-02   1.86777040E-02   1.13289233E-03
  0.421875000      0.453125000      -3.22506279E-02   1.69017278E-02   1.27952069E-03
  0.453125000      0.453125000      -3.45093608E-02   1.49221662E-02   1.45754952E-03
  0.484375000      0.453125000      -3.67450006E-02   1.26917530E-02   1.67205697E-03
  0.515625000      0.453125000      -3.89487743E-02   1.01500144E-02   1.92857301E-03
  0.546875000      0.453125000      -4.10956517E-02   7.22310832E-03   2.23320187E-03
  0.578125000      0.453125000      -4.31366786E-02   3.82551271E-03   2.59200088E-03
  0.609375000      0.453125000      -4.49883416E-02  -1.35722308E-04   3.01065599E-03
  0.640625000      0.453125000      -4.65251170E-02  -4.75590071E-03   3.49958800E-03
  0.671875000      0.453125000      -4.75723483E-02  -1.01037556E-02   4.04887367E-03
  0.703125000      0.453125000      -4.78991754E-02  -1.62090641E-02   4.64967173E-03
  0.734375000      0.453125000      -4.72246334E-02  -2.30135806E-02   5.28288027E-03
  0.765625000      0.453125000      -4.52403203E-02  -3.03149763E-02   5.91671327E-03
  0.796875000      0.453125000      -4.16563638E-02  -3.76893356E-02   6.50548469E-03
  0.828125000      0.453125000      -3.62829715E-02  -4.43952605E-02   6.99390471E-03
  0.859375000      0.453125000      -2.91592926E-02  -4.92690578E-02   7.32875476E-03
  0.890625000      0.453125000      -2.07344145E-02  -5.06458133E-02   7.47963041E-03
  0.921875000      0.453125000      -1.20659024E-02  -4.64089848E-02   7.46036321E-03
  0.953125000      0.453125000      -4.86484915E-03  -3.44436094E-02   7.33123627E-03
  0.984375000      0.453125000      -9.41390754E-04  -1.38750486E-02   7.17121549E-03
   1.56250000E-02  0.484375000      -5.00909344E-04   9.82340053E-03   4.82837087E-04
   4.68750000E-02  0.484375000      -2.09856848E-03   2.16073021E-02   4.40246135E-04
   7.81250000E-02  0.484375000      -4.57232492E-03   2.75222473E-02   4.14451642E-04
  0.109375000      0.484375000      -7.42121041E-03   2.98407879E-02   4.00799065E-04
  0.140625000      0.484375000      -1.03707556E-02   3.02940439E-02   3.96695716E-04
  0.171875000      0.484375000      -1.32953953E-02   2.98793353E-02   4.01255325E-04
  0.203125000      0.484375000      -1.61462259E-02   2.90641896E-02   4.14752809E-04
  0.234375000      0.484375000      -1.89088788E-02   2.80376673E-02   4.38178249E-04
  0.265625000      0.484375000      -2.15845443E-02   2.68700812E-02   4.72979329E-04
  0.296875000      0.484375000      -2.41825767E-02   2.55866013E-02   5.21028705E-04
  0.328125000      0.484375000      -2.67176293E-02   2.41940860E-02   5.84671448E-04
  0.359375000      0.484375000      -2.92081684E-02   2.26884652E-02   6.66791631E-04
  0.390625000      0.484375000      -3.16752195E-02   2.10557655E-02   7.70820363E-04
  0.421875000      0.484375000      -3.41408253E-02   1.92707907E-02   9.01014253E-04
  0.453125000      0.484375000      -3.66259217E-02   1.72949657E-02   1.06238341E-03
  0.484375000      0.484375000      -3.91470939E-02   1.50738861E-02   1.26086408E-03
  0.515625000      0.484375000      -4.17117998E-02   1.25345336E-02   1.50327862E-03
  0.546875000      0.484375000      -4.43112254E-02   9.58306901E-03   1.79747189E-03
  0.578125000      0.484375000      -4.69102822E-02   6.10378105E-03   2.15190114E-03
  0.609375000      0.484375000      -4.94355261E-02   1.96096255E-03   2.57520308E-03
  0.640625000      0.484375000      -5.17646261E-02  -2.98885605E-03   3.08341323E-03
  0.671875000      0.484375000      -5.37018105E-02  -8.88886862E-03   3.67647083E-03
  0.703125000      0.484375000      -5.49679361E-02  -1.58339739E-02   4.34619095E-03
  0.734375000      0.484375000      -5.52061796E-02  -2.38285586E-02   5.07563213E-03
  0.765625000      0.484375000      -5.39892167E-02  -3.27055603E-02   5.83086535E-03
  0.796875000      0.484375000      -5.08588850E-02  -4.20180075E-02   6.55709114E-03
  0.828125000      0.484375000      -4.54105362E-02  -5.08938320E-02   7.17998575E-03
  0.859375000      0.484375000      -3.74551862E-02  -5.78552485E-02   7.61831226E-03
  0.890625000      0.484375000      -2.73003727E-02  -6.06448129E-02   7.81361759E-03
  0.921875000      0.484375000      -1.61546543E-02  -5.62290251E-02   7.76989106E-03
  0.953125000      0.484375000      -6.45408034E-03  -4.15290669E-02   7.57094286E-03
  0.984375000      0.484375000      -1.17618917E-03  -1.59935653E-02   7.33481534E-03
   1.56250000E-02  0.515625000      -5.42105699E-04   1.08653493E-02   1.98273396E-04
   4.68750000E-02  0.515625000      -2.26699724E-03   2.38854960E-02   1.51467990E-04
   7.81250000E-02  0.515625000      -4.92589967E-03   3.03740352E-02   1.21916419E-04
  0.109375000      0.515625000      -7.96981156E-03   3.28791365E-02   1.04215724E-04
  0.140625000      0.515625000      -1.11018922E-02   3.33346874E-02   9.51261027E-05
  0.171875000      0.515625000      -1.41890747E-02   3.28479260E-02   9.33442352E-05
  0.203125000      0.515625000      -1.71817187E-02   3.19365524E-02   9.89573309E-05
  0.234375000      0.515625000      -2.00679190E-02   3.08117159E-02   1.12721558E-04
  0.265625000      0.515625000      -2.28532515E-02   2.95546930E-02   1.35853596E-04
  0.296875000      0.515625000      -2.55529806E-02   2.81975381E-02   1.70079700E-04
  0.328125000      0.515625000      -2.81891134E-02   2.67522596E-02   2.17647961E-04
  0.359375000      0.515625000      -3.07890624E-02   2.52188630E-02   2.81406421E-04
  0.390625000      0.515625000      -3.33847404E-02   2.35863253E-02   3.64751555E-04
  0.421875000      0.515625000      -3.60114463E-02   2.18309462E-02   4.72042128E-04
  0.453125000      0.515625000      -3.87063101E-02   1.99133419E-02   6.08698931E-04
  0.484375000      0.515625000      -4.15055826E-02   1.77746937E-02   7.81226438E-04
  0.515625000      0.515625000      -4.44400311E-02   1.53317787E-02   9.97399446E-04
  0.546875000      0.515625000      -4.75275367E-02   1.24717969E-02   1.26669998E-03
  0.578125000      0.515625000      -5.07619753E-02   9.04769357E-03   1.59975549E-03
  0.609375000      0.515625000      -5.40971607E-02   4.87671327E-03   2.00876500E-03
  0.640625000      0.515625000      -5.74211925E-02  -2.52239115E-04   2.50695017E-03
  0.671875000      0.515625000      -6.05394505E-02  -6.57091662E-03   3.12444498E-03
  0.703125000      0.515625000      -6.31515086E-02  -1.42749269E-02   3.84792499E-03
  0.734375000      0.515625000      -6.48277476E-02  -2.34748162E-02   4.66733985E-03
  0.765625000      0.515625000      -6.50069341E-02  -3.40994224E-02   5.55217732E-03
  0.796875000      0.515625000      -6.30079731E-02  -4.57565263E-02   6.44326583E-03
  0.828125000      0.515625000      -5.80951720E-02  -5.75202554E-02   7.24824052E-03
  0.859375000      0.515625000      -4.96654697E-02  -6.76181316E-02   7.84901530E-03
  0.890625000      0.515625000      -3.76488045E-02  -7.30576217E-02   8.13688058E-03
  0.921875000      0.515625000      -2.31928788E-02  -6.94213882E-02   8.07995163E-03
  0.953125000      0.515625000      -9.53223929E-03  -5.17002568E-02   7.78198894E-03
  0.984375000      0.515625000      -1.73179223E-03  -1.89017542E-02   7.41711026E-03
   1.56250000E-02  0.546875000      -5.92440774E-04   1.19988769E-02  -1.12144902E-04
   4.68750000E-02  0.546875000      -2.46935082E-03   2.63514686E-02  -1.63841323E-04
   7.81250000E-02  0.546875000      -5.34355361E-03   3.34386081E-02  -1.97331319E-04
  0.109375000      0.546875000      -8.60750861E-03   3.61198895E-02  -2.19051522E-04
  0.140625000      0.546875000      -1.19384993E-02   3.65545079E-02  -2.33104583E-04
  0.171875000      0.546875000      -1.51954237E-02   3.59697752E-02  -2.41251750E-04
  0.203125000      0.546875000      -1.83284432E-02   3.49380076E-02  -2.43884162E-04
  0.234375000      0.546875000      -2.13289466E-02   3.36947106E-02  -2.40600581E-04
  0.265625000      0.546875000      -2.42077745E-02   3.23337354E-02  -2.30433332E-04
  0.296875000      0.546875000      -2.69869603E-02   3.08954474E-02  -2.11956081E-04
  0.328125000      0.546875000      -2.96966843E-02   2.93984264E-02  -1.83314783E-04
  0.359375000      0.546875000      -3.23741511E-02   2.78485306E-02  -1.41936602E-04
  0.390625000      0.546875000      -3.50631364E-02   2.62399614E-02  -8.46210023E-05
  0.421875000      0.546875000      -3.78138125E-02   2.45535709E-02  -7.24866550E-06
  0.453125000      0.546875000      -4.06822227E-02   2.27531325E-02   9.55611176E-05
  0.484375000      0.546875000      -4.37288731E-02   2.07802504E-02   2.30330203E-04
  0.515625000      0.546875000      -4.70154509E-02   1.85469631E-02   4.05488099E-04
  0.546875000      0.546875000      -5.05980328E-02   1.59267299E-02   6.31083210E-04
  0.578125000      0.546875000      -5.45150191E-02   1.27445422E-02   9.19454847E-04
  0.609375000      0.546875000      -5.87678924E-02   8.76862369E-03   1.28518767E-03
  0.640625000      0.546875000      -6.32951334E-02   3.70813953E-03   1.74485915E-03
  0.671875000      0.546875000      -6.79374933E-02  -2.76937615E-03   2.32942495E-03
  0.703125000      0.546875000      -7.23911226E-02  -1.10093346E-02   3.06755910E-03
  0.734375000      0.546875000      -7.61700720E-02  -2.12838948E-02   3.94336227E-03
  0.765625000      0.546875000      -7.85674080E-02  -3.37128341E-02   4.93863039E-03
  0.796875000      0.546875000      -7.86138028E-02  -4.80952784E-02   6.00273721E-03
  0.828125000      0.546875000      -7.51068443E-02  -6.36016279E-02   7.03714043E-03
  0.859375000      0.546875000      -6.68279529E-02  -7.82465041E-02   7.88658205E-03
  0.890625000      0.546875000      -5.30775562E-02  -8.81978869E-02   8.36531632E-03
  0.921875000      0.546875000      -3.46364900E-02  -8.71793479E-02   8.35292600E-03
  0.953125000      0.546875000      -1.52813941E-02  -6.69580847E-02   7.93689489E-03
  0.984375000      0.546875000      -3.04592703E-03  -2.36786976E-02   7.37429829E-03
   1.56250000E-02  0.578125000      -6.55603188E-04   1.32459477E-02  -4.50320978E-04
   4.68750000E-02  0.578125000      -2.71825097E-03   2.90417559E-02  -5.07689372E-04
   7.81250000E-02  0.578125000      -5.84711507E-03   3.67489420E-02  -5.45136863E-04
  0.109375000      0.578125000      -9.36211087E-03   3.95860896E-02  -5.70517965E-04
  0.140625000      0.578125000      -1.29106669E-02   3.99654880E-02  -5.88936382E-04
  0.171875000      0.578125000      -1.63436849E-02   3.92464474E-02  -6.02986198E-04
  0.203125000      0.578125000      -1.96123123E-02   3.80607843E-02  -6.13621436E-04
  0.234375000      0.578125000      -2.27126330E-02   3.66706774E-02  -6.20953331E-04
  0.265625000      0.578125000      -2.56620385E-02   3.51840854E-02  -6.24414650E-04
  0.296875000      0.578125000      -2.84903124E-02   3.36508304E-02  -6.23184314E-04
  0.328125000      0.578125000      -3.12363952E-02   3.20973471E-02  -6.15866855E-04
  0.359375000      0.578125000      -3.39475460E-02   3.05369776E-02  -6.00473024E-04
  0.390625000      0.578125000      -3.66796665E-02   2.89716590E-02  -5.74360776E-04
  0.421875000      0.578125000      -3.94982547E-02   2.73904987E-02  -5.34044520E-04
  0.453125000      0.578125000      -4.24796939E-02   2.57657804E-02  -4.74789354E-04
  0.484375000      0.578125000      -4.57121432E-02   2.40468532E-02  -3.90625675E-04
  0.515625000      0.578125000      -4.92950305E-02   2.21504401E-02  -2.73703743E-04
  0.546875000      0.578125000      -5.33352122E-02   1.99471638E-02  -1.14298091E-04
  0.578125000      0.578125000      -5.79369217E-02   1.72445606E-02   9.99055410E-05
  0.609375000      0.578125000      -6.31816164E-02   1.37686180E-02   3.83942242E-04
  0.640625000      0.578125000      -6.90929145E-02   9.14991461E-03   7.56092137E-04
  0.671875000      0.578125000      -7.55828172E-02   2.92524579E-03   1.23787450E-03
  0.703125000      0.578125000      -8.23874474E-02  -5.44063514E-03   1.89429987E-03
  0.734375000      0.578125000      -8.89712498E-02  -1.64839663E-02   2.74540647E-03
  0.765625000      0.578125000      -9.44395661E-02  -3.06407362E-02   3.77671863E-03
  0.796875000      0.578125000      -9.74584445E-02  -4.80957031E-02   4.96882852E-03
  0.828125000      0.578125000      -9.62396786E-02  -6.83210790E-02   6.24941848E-03
  0.859375000      0.578125000      -8.88178349E-02  -8.92230496E-02   7.44780805E-03
  0.890625000      0.578125000      -7.37285540E-02 -0.106057480       8.28562863E-03
  0.921875000      0.578125000      -5.11455536E-02 -0.110340863       8.47741123E-03
  0.953125000      0.578125000      -2.48387568E-02  -8.94549191E-02   7.99098518E-03
  0.984375000      0.578125000      -5.76468930E-03  -3.24872993E-02   7.18921795E-03
   1.56250000E-02  0.609375000      -7.37150782E-04   1.46377683E-02  -8.19054665E-04
   4.68750000E-02  0.609375000      -3.03233694E-03   3.20056602E-02  -8.83022556E-04
   7.81250000E-02  0.609375000      -6.46803342E-03   4.03472558E-02  -9.24176187E-04
  0.109375000      0.609375000      -1.02727842E-02   4.33052108E-02  -9.52135539E-04
  0.140625000      0.609375000      -1.40600335E-02   4.35799174E-02  -9.73600196E-04
  0.171875000      0.609375000      -1.76738612E-02   4.26766947E-02  -9.92182409E-04
  0.203125000      0.609375000      -2.10688189E-02   4.12920676E-02  -1.00968999E-03
  0.234375000      0.609375000      -2.42480747E-02   3.97170521E-02  -1.02682260E-03
  0.265625000      0.609375000      -2.72374786E-02   3.80747840E-02  -1.04377593E-03
  0.296875000      0.609375000      -3.00756842E-02   3.64250988E-02  -1.06037268E-03
  0.328125000      0.609375000      -3.28107812E-02   3.48029993E-02  -1.07591378E-03
  0.359375000      0.609375000      -3.54997143E-02   3.32304612E-02  -1.08933181E-03
  0.390625000      0.609375000      -3.82094346E-02   3.17194276E-02  -1.09886879E-03
  0.421875000      0.609375000      -4.10194919E-02   3.02712023E-02  -1.10220350E-03
  0.453125000      0.609375000      -4.40256931E-02   2.88730133E-02  -1.09588762E-03
  0.484375000      0.609375000      -4.73444536E-02   2.74916980E-02  -1.07540726E-03
  0.515625000      0.609375000      -5.11169024E-02   2.60624848E-02  -1.03497203E-03
  0.546875000      0.609375000      -5.55107817E-02   2.44715251E-02  -9.66902706E-04
  0.578125000      0.609375000      -6.07161783E-02   2.25306060E-02  -8.61536362E-04
  0.609375000      0.609375000      -6.69276714E-02   1.99432336E-02  -7.06912833E-04
  0.640625000      0.609375000      -7.43012428E-02   1.62660740E-02  -4.87797923E-04
  0.671875000      0.609375000      -8.28710571E-02   1.08764768E-02  -1.84295306E-04
  0.703125000      0.609375000      -9.24173445E-02   2.96885101E-03   2.30717473E-04
  0.734375000      0.609375000     -0.102316052      -8.39880574E-03   8.81100306E-04
  0.765625000      0.609375000     -0.111413963      -2.41454113E-02   1.78687461E-03
  0.796875000      0.609375000     -0.117950447      -4.50199768E-02   2.96268938E-03
  0.828125000      0.609375000     -0.119542778      -7.10073709E-02   4.42642439E-03
  0.859375000      0.609375000     -0.113517374      -9.99693722E-02   6.05049497E-03
  0.890625000      0.609375000      -9.77030247E-02 -0.126202434       7.47927744E-03
  0.921875000      0.609375000      -7.15713054E-02 -0.138900548       8.19181278E-03
  0.953125000      0.609375000      -3.83008532E-02 -0.120463386       7.86300562E-03
  0.984375000      0.609375000      -1.02986200E-02  -4.85470518E-02   6.88747922E-03
   1.56250000E-02  0.640625000      -8.45620583E-04   1.62196364E-02  -1.22243341E-03
   4.68750000E-02  0.640625000      -3.43944319E-03   3.53107601E-02  -1.29424105E-03
   7.81250000E-02  0.640625000      -7.25184381E-03   4.42879945E-02  -1.33837911E-03
  0.109375000      0.640625000      -1.13945790E-02   4.73097339E-02  -1.36697921E-03
  0.140625000      0.640625000      -1.54435532E-02   4.74094488E-02  -1.38881989E-03
  0.171875000      0.640625000      -1.92394592E-02   4.62548137E-02  -1.40933087E-03
  0.203125000      0.640625000      -2.27448046E-02   4.46122847E-02  -1.43121427E-03
  0.234375000      0.640625000      -2.59738285E-02   4.28033061E-02  -1.45616010E-03
  0.265625000      0.640625000      -2.89637037E-02   4.09661978E-02  -1.48521469E-03
  0.296875000      0.640625000      -3.17635164E-02   3.91703472E-02  -1.51896011E-03
  0.328125000      0.640625000      -3.44305709E-02   3.74588370E-02  -1.55766436E-03
  0.359375000      0.640625000      -3.70301642E-02   3.58624384E-02  -1.60133094E-03
  0.390625000      0.640625000      -3.96377742E-02   3.44045013E-02  -1.64958788E-03
  0.421875000      0.640625000      -4.23433110E-02   3.31019536E-02  -1.70155801E-03
  0.453125000      0.640625000      -4.52575833E-02   3.19635570E-02  -1.75601605E-03
  0.484375000      0.640625000      -4.85209227E-02   3.09848115E-02  -1.81118411E-03
  0.515625000      0.640625000      -5.23136072E-02   3.01369652E-02  -1.86459988E-03
  0.546875000      0.640625000      -5.68663925E-02   2.93472670E-02  -1.91331329E-03
  0.578125000      0.640625000      -6.24660216E-02   2.84648202E-02  -1.95400976E-03
  0.609375000      0.640625000      -6.94433823E-02   2.72045713E-02  -1.98342884E-03
  0.640625000      0.640625000      -7.81207755E-02   2.50646807E-02  -1.99762313E-03
  0.671875000      0.640625000      -8.86865854E-02   2.12254021E-02  -1.98872527E-03
  0.703125000      0.640625000     -0.100980684       1.44759407E-02  -1.93648809E-03
  0.734375000      0.640625000     -0.114232980       3.26512707E-03  -1.79213472E-03
  0.765625000      0.640625000     -0.126890719      -1.40292030E-02  -1.30793720E-03
  0.796875000      0.640625000     -0.136777073      -3.86852324E-02  -4.29575390E-04
  0.828125000      0.640625000     -0.141139418      -7.13577718E-02   1.02763693E-03
  0.859375000      0.640625000     -0.136849746     -0.109905519       3.07629956E-03
  0.890625000      0.640625000     -0.121200651     -0.147704706       5.34662511E-03
  0.921875000      0.640625000      -9.28892717E-02 -0.171820849       7.04866275E-03
  0.953125000      0.640625000      -5.39445356E-02 -0.159741282       7.37074763E-03
  0.984375000      0.640625000      -1.61811989E-02  -7.50213563E-02   6.44750427E-03
   1.56250000E-02  0.671875000      -9.94444592E-04   1.80588197E-02  -1.66676519E-03
   4.68750000E-02  0.671875000      -3.98187898E-03   3.90508398E-02  -1.74803613E-03
   7.81250000E-02  0.671875000      -8.26491229E-03   4.86411341E-02  -1.79354358E-03
  0.109375000      0.671875000      -1.28044887E-02   5.16367257E-02  -1.81922002E-03
  0.140625000      0.671875000      -1.71378292E-02   5.14626503E-02  -1.83732202E-03
  0.171875000      0.671875000      -2.11098790E-02   4.99675274E-02  -1.85519317E-03
  0.203125000      0.671875000      -2.46992279E-02   4.79923412E-02  -1.87731441E-03
  0.234375000      0.671875000      -2.79376730E-02   4.58889715E-02  -1.90634083E-03
  0.265625000      0.671875000      -3.08779366E-02   4.38091308E-02  -1.94438605E-03
  0.296875000      0.671875000      -3.35815065E-02   4.18295264E-02  -1.99294323E-03
  0.328125000      0.671875000      -3.61147523E-02   3.99990156E-02  -2.05341214E-03
  0.359375000      0.671875000      -3.85490730E-02   3.83556411E-02  -2.12697592E-03
  0.390625000      0.671875000      -4.09641042E-02   3.69338840E-02  -2.21479498E-03
  0.421875000      0.671875000      -4.34536114E-02   3.57681476E-02  -2.31812685E-03
  0.453125000      0.671875000      -4.61345017E-02   3.48937884E-02  -2.43839761E-03
  0.484375000      0.671875000      -4.91596013E-02   3.43451723E-02  -2.57759099E-03
  0.515625000      0.671875000      -5.27346507E-02   3.41476053E-02  -2.73859501E-03
  0.546875000      0.671875000      -5.71383238E-02   3.42977643E-02  -2.92600156E-03
  0.578125000      0.671875000      -6.27390444E-02   3.47211733E-02  -3.14749498E-03
  0.609375000      0.671875000      -6.99911416E-02   3.51866148E-02  -3.41588585E-03
  0.640625000      0.671875000      -7.93745667E-02   3.51556800E-02  -3.75003694E-03
  0.671875000      0.671875000      -9.12302658E-02   3.35725322E-02  -4.17018961E-03
  0.703125000      0.671875000     -0.105471283       2.86861882E-02  -4.67894785E-03
  0.734375000      0.671875000     -0.121242471       1.81073807E-02  -5.22130262E-03
  0.765625000      0.671875000     -0.136709660      -7.10434048E-04  -5.64158848E-03
  0.796875000      0.671875000     -0.149230242      -2.95549817E-02  -5.46004577E-03
  0.828125000      0.671875000     -0.155948699      -6.93620220E-02  -4.33936482E-03
  0.859375000      0.671875000     -0.153785318     -0.118310034      -1.98932248E-03
  0.890625000      0.671875000     -0.139613792     -0.169081137       1.30554324E-03
  0.921875000      0.671875000     -0.111180797     -0.207155794       4.51355334E-03
  0.953125000      0.671875000      -6.87870458E-02 -0.205718130       6.16794173E-03
  0.984375000      0.671875000      -2.21901778E-02 -0.113384843       5.66573255E-03
   1.56250000E-02  0.703125000      -1.20546005E-03   2.02578530E-02  -2.16190144E-03
   4.68750000E-02  0.703125000      -4.72528674E-03   4.33571003E-02  -2.25456152E-03
   7.81250000E-02  0.703125000      -9.60475206E-03   5.34951836E-02  -2.29834835E-03
  0.109375000      0.703125000      -1.46097317E-02   5.63250631E-02  -2.31526187E-03
  0.140625000      0.703125000      -1.92437395E-02   5.57395369E-02  -2.32246891E-03
  0.171875000      0.703125000      -2.33713575E-02   5.37882671E-02  -2.33073789E-03
  0.203125000      0.703125000      -2.70012189E-02   5.13888858E-02  -2.34647328E-03
  0.234375000      0.703125000      -3.01926341E-02   4.89205271E-02  -2.37390678E-03
  0.265625000      0.703125000      -3.30198184E-02   4.65434864E-02  -2.41605844E-03
  0.296875000      0.703125000      -3.55590843E-02   4.43367511E-02  -2.47535622E-03
  0.328125000      0.703125000      -3.78852934E-02   4.23503295E-02  -2.55409977E-03
  0.359375000      0.703125000      -4.00727689E-02   4.06256542E-02  -2.65478576E-03
  0.390625000      0.703125000      -4.21993881E-02   3.92055809E-02  -2.78020371E-03
  0.421875000      0.703125000      -4.43534777E-02   3.81407626E-02  -2.93395808E-03
  0.453125000      0.703125000      -4.66444194E-02   3.74945477E-02  -3.12071340E-03
  0.484375000      0.703125000      -4.92179841E-02   3.73456329E-02  -3.34699452E-03
  0.515625000      0.703125000      -5.22772111E-02   3.77852805E-02  -3.62245180E-03
  0.546875000      0.703125000      -5.61083779E-02   3.89004871E-02  -3.96173680E-03
  0.578125000      0.703125000      -6.11054972E-02   4.07241136E-02  -4.38809581E-03
  0.609375000      0.703125000      -6.77741319E-02   4.31153364E-02  -4.93804226E-03
  0.640625000      0.703125000      -7.66766965E-02   4.55281958E-02  -5.66550670E-03
  0.671875000      0.703125000      -8.82706717E-02   4.66708317E-02  -6.63687428E-03
  0.703125000      0.703125000     -0.102618381       4.42053676E-02  -7.89827667E-03
  0.734375000      0.703125000     -0.119027570       3.48062962E-02  -9.40099172E-03
  0.765625000      0.703125000     -0.135773286       1.48504609E-02  -1.09056700E-02
  0.796875000      0.703125000     -0.150029212      -1.82848051E-02  -1.19386762E-02
  0.828125000      0.703125000     -0.158924133      -6.49602488E-02  -1.16079366E-02
  0.859375000      0.703125000     -0.159618318     -0.124123327      -9.22264718E-03
  0.890625000      0.703125000     -0.148719668     -0.188285708      -4.88100713E-03
  0.921875000      0.703125000     -0.122825272     -0.242234319       2.23695839E-04
  0.953125000      0.703125000      -7.99896717E-02 -0.255832821       3.87913082E-03
  0.984375000      0.703125000      -2.71327402E-02 -0.162697434       4.24880162E-03
   1.56250000E-02  0.734375000      -1.51525671E-03   2.29776911E-02  -2.72330642E-03
   4.68750000E-02  0.734375000      -5.77355595E-03   4.84134033E-02  -2.82964017E-03
   7.81250000E-02  0.734375000      -1.14148613E-02   5.89574352E-02  -2.86587025E-03
  0.109375000      0.734375000      -1.69563126E-02   6.14070371E-02  -2.86400551E-03
  0.140625000      0.734375000      -2.18872875E-02   6.02203757E-02  -2.84916931E-03
  0.171875000      0.734375000      -2.61209942E-02   5.76666407E-02  -2.83715408E-03
  0.203125000      0.734375000      -2.97187082E-02   5.47360778E-02  -2.83711986E-03
  0.234375000      0.734375000      -3.27816382E-02   5.18258214E-02  -2.85473792E-03
  0.265625000      0.734375000      -3.54130715E-02   4.90951538E-02  -2.89388141E-03
  0.296875000      0.734375000      -3.77066582E-02   4.66165729E-02  -2.95769190E-03
  0.328125000      0.734375000      -3.97446677E-02   4.44337279E-02  -3.04922601E-03
  0.359375000      0.734375000      -4.16003540E-02   4.25848700E-02  -3.17187631E-03
  0.390625000      0.734375000      -4.33427319E-02   4.11153734E-02  -3.32988519E-03
  0.421875000      0.734375000      -4.50437926E-02   4.00868393E-02  -3.52902571E-03
  0.453125000      0.734375000      -4.67887372E-02   3.95859629E-02  -3.77724553E-03
  0.484375000      0.734375000      -4.86904904E-02   3.97322476E-02  -4.08608466E-03
  0.515625000      0.734375000      -5.09095117E-02   4.06810790E-02  -4.47255420E-03
  0.546875000      0.734375000      -5.36785498E-02   4.26109806E-02  -4.96267248E-03
  0.578125000      0.734375000      -5.73271960E-02   4.56680804E-02  -5.59758907E-03
  0.609375000      0.734375000      -6.22935072E-02   4.98186387E-02  -6.44217711E-03
  0.640625000      0.734375000      -6.90992922E-02   5.45507148E-02  -7.59284385E-03
  0.671875000      0.734375000      -7.82580376E-02   5.84255494E-02  -9.17443726E-03
  0.703125000      0.734375000      -9.00843441E-02   5.86582273E-02  -1.12952823E-02
  0.734375000      0.734375000     -0.104391083       5.11133298E-02  -1.39345136E-02
  0.765625000      0.734375000     -0.120120861       3.10729984E-02  -1.67860631E-02
  0.796875000      0.734375000     -0.135109663      -5.20075159E-03  -1.91911794E-02
  0.828125000      0.734375000     -0.146326959      -5.78667596E-02  -2.00625584E-02
  0.859375000      0.734375000     -0.150849551     -0.125936389      -1.79940127E-02
  0.890625000      0.734375000     -0.145357728     -0.202805251      -1.27935195E-02
  0.921875000      0.734375000     -0.125145629     -0.273771465      -5.66137396E-03
  0.953125000      0.734375000      -8.55939314E-02 -0.306641340       4.80893010E-04
  0.984375000      0.734375000      -3.02453395E-02 -0.220063627       2.18721759E-03
   1.56250000E-02  0.765625000      -1.98687566E-03   2.64789127E-02  -3.37645411E-03
   4.68750000E-02  0.765625000      -7.29298964E-03   5.44745326E-02  -3.49854142E-03
   7.81250000E-02  0.765625000      -1.39030330E-02   6.51453510E-02  -3.51557485E-03
  0.109375000      0.765625000      -2.00321060E-02   6.68873414E-02  -3.47772310E-03
  0.140625000      0.765625000      -2.52060480E-02   6.48427010E-02  -3.42331920E-03
  0.171875000      0.765625000      -2.94387229E-02   6.15084507E-02  -3.37532721E-03
  0.203125000      0.765625000      -3.28789800E-02   5.79300672E-02  -3.34637752E-03
  0.234375000      0.765625000      -3.56889367E-02   5.45026660E-02  -3.34347016E-03
  0.265625000      0.765625000      -3.80088314E-02   5.13677783E-02  -3.37056653E-03
  0.296875000      0.765625000      -3.99512090E-02   4.85783368E-02  -3.43105756E-03
  0.328125000      0.765625000      -4.16036695E-02   4.61612158E-02  -3.52784758E-03
  0.359375000      0.765625000      -4.30339202E-02   4.41425443E-02  -3.66485538E-03
  0.390625000      0.765625000      -4.42953184E-02   4.25612703E-02  -3.84731824E-03
  0.421875000      0.765625000      -4.54330780E-02   4.14802805E-02  -4.08258056E-03
  0.453125000      0.765625000      -4.64922749E-02   4.09980714E-02  -4.38152812E-03
  0.484375000      0.765625000      -4.75280657E-02   4.12602425E-02  -4.75997478E-03
  0.515625000      0.765625000      -4.86190617E-02   4.24671918E-02  -5.24173444E-03
  0.546875000      0.765625000      -4.98842150E-02   4.48651761E-02  -5.86377457E-03
  0.578125000      0.765625000      -5.15021533E-02   4.86893803E-02  -6.68406487E-03
  0.609375000      0.765625000      -5.37312999E-02   5.40056229E-02  -7.79351965E-03
  0.640625000      0.765625000      -5.69303483E-02   6.03869036E-02  -9.32852831E-03
  0.671875000      0.765625000      -6.15749285E-02   6.64185137E-02  -1.14684096E-02
  0.703125000      0.765625000      -6.82436377E-02   6.91955090E-02  -1.43865328E-02
  0.734375000      0.765625000      -7.74927139E-02   6.41775206E-02  -1.81089602E-02
  0.765625000      0.765625000      -8.94923732E-02   4.57932726E-02  -2.22945232E-02
  0.796875000      0.765625000     -0.103349671       8.98603536E-03  -2.60622166E-02
  0.828125000      0.765625000     -0.116309613      -4.78141531E-02  -2.83183046E-02
  0.859375000      0.765625000     -0.125505909     -0.122211307      -2.69018319E-02
  0.890625000      0.765625000     -0.127592832     -0.209882498      -2.12044287E-02
  0.921875000      0.765625000     -0.116448693     -0.298004508      -1.21950945E-02
  0.953125000      0.765625000      -8.44364911E-02 -0.353932559      -3.30452505E-03
  0.984375000      0.765625000      -3.11150923E-02 -0.281412512       1.78669870E-04
   1.56250000E-02  0.796875000      -2.73074093E-03   3.11955698E-02  -4.16517351E-03
   4.68750000E-02  0.796875000      -9.54844803E-03   6.18795231E-02  -4.30214591E-03
   7.81250000E-02  0.796875000      -1.73534025E-02   7.21529126E-02  -4.27657831E-03
  0.109375000      0.796875000      -2.40407865E-02   7.26937652E-02  -4.17237636E-03
  0.140625000      0.796875000      -2.92865410E-02   6.94534928E-02  -4.05027904E-03
  0.171875000      0.796875000      -3.32942083E-02   6.51355311E-02  -3.94375343E-03
  0.203125000      0.796875000      -3.63500789E-02   6.07966818E-02  -3.86886112E-03
  0.234375000      0.796875000      -3.86984646E-02   5.67920506E-02  -3.83224036E-03
  0.265625000      0.796875000      -4.05217223E-02   5.32193780E-02  -3.83687136E-03
  0.296875000      0.796875000      -4.19496670E-02   5.00951484E-02  -3.88480094E-03
  0.328125000      0.796875000      -4.30717021E-02   4.74173166E-02  -3.97819374E-03
  0.359375000      0.796875000      -4.39459458E-02   4.51897904E-02  -4.12042439E-03
  0.390625000      0.796875000      -4.46053743E-02   4.34342474E-02  -4.31699213E-03
  0.421875000      0.796875000      -4.50623110E-02   4.22020853E-02  -4.57590353E-03
  0.453125000      0.796875000      -4.53126281E-02   4.15867493E-02  -4.90990840E-03
  0.484375000      0.796875000      -4.53397408E-02   4.17365804E-02  -5.33789443E-03
  0.515625000      0.796875000      -4.51184511E-02   4.28641811E-02  -5.88887557E-03
  0.546875000      0.796875000      -4.46215533E-02   4.52420749E-02  -6.60781562E-03
  0.578125000      0.796875000      -4.38334495E-02   4.91507426E-02  -7.56535307E-03
  0.609375000      0.796875000      -4.27781679E-02   5.47304451E-02  -8.87041073E-03
  0.640625000      0.796875000      -4.15753461E-02   6.16760030E-02  -1.06838457E-02
  0.671875000      0.796875000      -4.05328982E-02   6.87563270E-02  -1.32157300E-02
  0.703125000      0.796875000      -4.02709693E-02   7.32977688E-02  -1.66810527E-02
  0.734375000      0.796875000      -4.18206975E-02   7.09160864E-02  -2.11513340E-02
  0.765625000      0.796875000      -4.66047451E-02   5.58871105E-02  -2.63156146E-02
  0.796875000      0.796875000      -5.59945144E-02   2.21903622E-02  -3.11815552E-02
  0.828125000      0.796875000      -6.91256523E-02  -3.48788686E-02  -3.45544666E-02
  0.859375000      0.796875000      -8.33643749E-02 -0.111668840      -3.40132490E-02
  0.890625000      0.796875000      -9.47084129E-02 -0.206957579      -2.82217041E-02
  0.921875000      0.796875000      -9.57719684E-02 -0.310978472      -1.76402796E-02
  0.953125000      0.796875000      -7.57924318E-02 -0.392921954      -5.81388036E-03
  0.984375000      0.796875000      -2.94979177E-02 -0.342016935      -8.19306952E-05
   1.56250000E-02  0.828125000      -3.94036714E-03   3.78656462E-02  -5.17009571E-03
   4.68750000E-02  0.828125000      -1.29459910E-02   7.10304379E-02  -5.30914078E-03
   7.81250000E-02  0.828125000      -2.20932476E-02   7.99515694E-02  -5.19020855E-03
  0.109375000      0.828125000      -2.90779695E-02   7.85645097E-02  -4.96461149E-03
  0.140625000      0.828125000      -3.39606851E-02   7.37084374E-02  -4.73036012E-03
  0.171875000      0.828125000      -3.72771546E-02   6.82018995E-02  -4.53406712E-03
  0.203125000      0.828125000      -3.95140760E-02   6.30202889E-02  -4.39207535E-03
  0.234375000      0.828125000      -4.10136804E-02   5.84136769E-02  -4.30732500E-03
  0.265625000      0.828125000      -4.19960618E-02   5.44007756E-02  -4.27863933E-03
  0.296875000      0.828125000      -4.26009074E-02   5.09441495E-02  -4.30486631E-03
  0.328125000      0.828125000      -4.29140776E-02   4.80014309E-02  -4.38616937E-03
  0.359375000      0.828125000      -4.29819301E-02   4.55460772E-02  -4.52455273E-03
  0.390625000      0.828125000      -4.28175703E-02   4.35718484E-02  -4.72425390E-03
  0.421875000      0.828125000      -4.24024947E-02   4.21057865E-02  -4.99339448E-03
  0.453125000      0.828125000      -4.16877754E-02   4.12189141E-02  -5.34515083E-03
  0.484375000      0.828125000      -4.05920967E-02   4.10372019E-02  -5.79982065E-03
  0.515625000      0.828125000      -3.89946178E-02   4.17475775E-02  -6.38884353E-03
  0.546875000      0.828125000      -3.67316641E-02   4.36035395E-02  -7.16241822E-03
  0.578125000      0.828125000      -3.36070322E-02   4.68839109E-02  -8.19792971E-03
  0.609375000      0.828125000      -2.94283852E-02   5.17743602E-02  -9.61194187E-03
  0.640625000      0.828125000      -2.40884535E-02   5.81052080E-02  -1.15695382E-02
  0.671875000      0.828125000      -1.76820382E-02   6.49001300E-02  -1.42693277E-02
  0.703125000      0.828125000      -1.06791537E-02   6.99176937E-02  -1.79206170E-02
  0.734375000      0.828125000      -4.06205608E-03   6.92633390E-02  -2.25827545E-02
  0.765625000      0.828125000       5.32845734E-04   5.77665716E-02  -2.80224197E-02
  0.796875000      0.828125000       3.91101174E-04   2.98778825E-02  -3.34110968E-02
  0.828125000      0.828125000      -8.86509009E-03  -2.01506764E-02  -3.70896161E-02
  0.859375000      0.828125000      -2.68012658E-02  -9.42028016E-02  -3.75210568E-02
  0.890625000      0.828125000      -4.72732261E-02 -0.192595318      -3.17616500E-02
  0.921875000      0.828125000      -6.24361634E-02 -0.309104979      -1.97957028E-02
  0.953125000      0.828125000      -5.88481203E-02 -0.418353677      -4.49260883E-03
  0.984375000      0.828125000      -2.51040217E-02 -0.396615744       4.25277883E-03
   1.56250000E-02  0.859375000      -5.94409415E-03   4.77489755E-02  -6.55352743E-03
   4.68750000E-02  0.859375000      -1.80316605E-02   8.22377279E-02  -6.63710292E-03
   7.81250000E-02  0.859375000      -2.82715745E-02   8.81285220E-02  -6.30912557E-03
  0.109375000      0.859375000      -3.47002894E-02   8.37979540E-02  -5.85946301E-03
  0.140625000      0.859375000      -3.82079408E-02   7.68622011E-02  -5.44384168E-03
  0.171875000      0.859375000      -3.98656204E-02   7.00190216E-02  -5.11731859E-03
  0.203125000      0.859375000      -4.04193886E-02   6.39905632E-02  -4.88634128E-03
  0.234375000      0.859375000      -4.03009355E-02   5.88212833E-02  -4.74008545E-03
  0.265625000      0.859375000      -3.97431254E-02   5.44145703E-02  -4.66901204E-03
  0.296875000      0.859375000      -3.88795882E-02   5.06686717E-02  -4.66649327E-03
  0.328125000      0.859375000      -3.77854481E-02   4.74932045E-02  -4.72927094E-03
  0.359375000      0.859375000      -3.64960879E-02   4.48304042E-02  -4.85679694E-03
  0.390625000      0.859375000      -3.50115970E-02   4.26367372E-02  -5.05143777E-03
  0.421875000      0.859375000      -3.32939215E-02   4.09067981E-02  -5.32016391E-03
  0.453125000      0.859375000      -3.12691815E-02   3.96778584E-02  -5.67581924E-03
  0.484375000      0.859375000      -2.88230423E-02   3.90368327E-02  -6.13880996E-03
  0.515625000      0.859375000      -2.57805381E-02   3.91096771E-02  -6.73963549E-03
  0.546875000      0.859375000      -2.18940340E-02   4.00954932E-02  -7.53152883E-03
  0.578125000      0.859375000      -1.68488026E-02   4.22280431E-02  -8.59462563E-03
  0.609375000      0.859375000      -1.02951191E-02   4.57071438E-02  -1.00452946E-02
  0.640625000      0.859375000      -1.89918501E-03   5.04499935E-02  -1.20445201E-02
  0.671875000      0.859375000       8.47485196E-03   5.57930768E-02  -1.47186220E-02
  0.703125000      0.859375000       2.04669870E-02   6.00527227E-02  -1.82455722E-02
  0.734375000      0.859375000       3.29935588E-02   6.00112006E-02  -2.27011796E-02
  0.765625000      0.859375000       4.40922007E-02   5.13516702E-02  -2.77870037E-02
  0.796875000      0.859375000       5.08915484E-02   2.96557769E-02  -3.26555744E-02
  0.828125000      0.859375000       4.96234223E-02  -9.39510670E-03  -3.57900150E-02
  0.859375000      0.859375000       3.69065404E-02  -7.43091032E-02  -3.57428864E-02
  0.890625000      0.859375000       1.29201915E-02 -0.168043464      -3.00937928E-02
  0.921875000      0.859375000      -1.52457627E-02 -0.290343165      -1.65849738E-02
  0.953125000      0.859375000      -3.17039229E-02 -0.424258411       3.92115396E-03
  0.984375000      0.859375000      -1.72224399E-02 -0.438945770       1.73861869E-02
   1.56250000E-02  0.890625000      -9.21582896E-03   6.29076511E-02  -8.68185144E-03
   4.68750000E-02  0.890625000      -2.51557231E-02   9.51036513E-02  -8.48003663E-03
   7.81250000E-02  0.890625000      -3.48836742E-02   9.52271670E-02  -7.66915455E-03
  0.109375000      0.890625000      -3.84746529E-02   8.67155343E-02  -6.80696312E-03
  0.140625000      0.890625000      -3.83763984E-02   7.73503631E-02  -6.11129962E-03
  0.171875000      0.890625000      -3.64048183E-02   6.92131519E-02  -5.61322039E-03
  0.203125000      0.890625000      -3.35555151E-02   6.24970235E-02  -5.27972169E-03
  0.234375000      0.890625000      -3.02796997E-02   5.69166690E-02  -5.06626070E-03
  0.265625000      0.890625000      -2.67699808E-02   5.22478335E-02  -4.95025422E-03
  0.296875000      0.890625000      -2.31287964E-02   4.83269989E-02  -4.91744559E-03
  0.328125000      0.890625000      -1.94058474E-02   4.50143218E-02  -4.96110041E-03
  0.359375000      0.890625000      -1.56216677E-02   4.22325842E-02  -5.07732341E-03
  0.390625000      0.890625000      -1.17672477E-02   3.98928896E-02  -5.26508642E-03
  0.421875000      0.890625000      -7.79605098E-03   3.79595682E-02  -5.53020881E-03
  0.453125000      0.890625000      -3.63020902E-03   3.64330038E-02  -5.88575099E-03
  0.484375000      0.890625000       8.55513150E-04   3.53492163E-02  -6.35255873E-03
  0.515625000      0.890625000       5.82806952E-03   3.47828120E-02  -6.95330650E-03
  0.546875000      0.890625000       1.15159126E-02   3.48502249E-02  -7.74763990E-03
  0.578125000      0.890625000       1.82448216E-02   3.57035808E-02  -8.80567171E-03
  0.609375000      0.890625000       2.64318958E-02   3.74981724E-02  -1.02308551E-02
  0.640625000      0.890625000       3.65005732E-02   4.02052477E-02  -1.21622076E-02
  0.671875000      0.890625000       4.87202704E-02   4.34588194E-02  -1.47419935E-02
  0.703125000      0.890625000       6.29572570E-02   4.61761653E-02  -1.81018673E-02
  0.734375000      0.890625000       7.82615021E-02   4.60772440E-02  -2.22382303E-02
  0.765625000      0.890625000       9.25628617E-02   3.99040058E-02  -2.67947577E-02
  0.796875000      0.890625000      0.102816761       2.40607448E-02  -3.08799893E-02
  0.828125000      0.890625000      0.105848312      -5.56672458E-03  -3.30429450E-02
  0.859375000      0.890625000       9.87457484E-02  -5.83369434E-02  -3.09758987E-02
  0.890625000      0.890625000       7.94362053E-02 -0.140750319      -2.18066126E-02
  0.921875000      0.890625000       4.79516461E-02 -0.258020967      -3.21902847E-03
  0.953125000      0.890625000       1.07646529E-02 -0.402968913       2.31859833E-02
  0.984375000      0.890625000      -3.89979454E-03 -0.460078269       4.54300232E-02
   1.56250000E-02  0.921875000      -1.38044106E-02   8.59265178E-02  -1.24988984E-02
   4.68750000E-02  0.921875000      -3.20978612E-02  0.106314979      -1.10716056E-02
   7.81250000E-02  0.921875000      -3.54441628E-02   9.70864296E-02  -9.15045943E-03
  0.109375000      0.921875000      -3.05596236E-02   8.35587978E-02  -7.56923854E-03
  0.140625000      0.921875000      -2.21916251E-02   7.20366687E-02  -6.49675168E-03
  0.171875000      0.921875000      -1.27808144E-02   6.31400794E-02  -5.82160242E-03
  0.203125000      0.921875000      -3.23195988E-03   5.61674535E-02  -5.40970219E-03
  0.234375000      0.921875000       6.16119197E-03   5.05727381E-02  -5.14375418E-03
  0.265625000      0.921875000       1.52449301E-02   4.59938087E-02  -4.99738520E-03
  0.296875000      0.921875000       2.39960980E-02   4.21842858E-02  -4.95781656E-03
  0.328125000      0.921875000       3.24520096E-02   3.89739871E-02  -4.99930372E-03
  0.359375000      0.921875000       4.06673104E-02   3.62695158E-02  -5.11209387E-03
  0.390625000      0.921875000       4.86975946E-02   3.39677110E-02  -5.29870531E-03
  0.421875000      0.921875000       5.65940067E-02   3.20141017E-02  -5.56446612E-03
  0.453125000      0.921875000       6.44226894E-02   3.03815603E-02  -5.92113147E-03
  0.484375000      0.921875000       7.22709000E-02   2.90651731E-02  -6.38758298E-03
  0.515625000      0.921875000       8.02646503E-02   2.81000957E-02  -6.99306838E-03
  0.546875000      0.921875000       8.85808915E-02   2.75298879E-02  -7.78795686E-03
  0.578125000      0.921875000       9.74562466E-02   2.74226665E-02  -8.84128362E-03
  0.609375000      0.921875000      0.107202731       2.78511159E-02  -1.02487989E-02
  0.640625000      0.921875000      0.118181020       2.88140513E-02  -1.21334521E-02
  0.671875000      0.921875000      0.130701274       3.01220827E-02  -1.46226101E-02
  0.703125000      0.921875000      0.144813865       3.11781261E-02  -1.78046599E-02
  0.734375000      0.921875000      0.159934253       3.06664817E-02  -2.16069724E-02
  0.765625000      0.921875000      0.174477130       2.64834668E-02  -2.55970303E-02
  0.796875000      0.921875000      0.185903430       1.58055313E-02  -2.87906658E-02
  0.828125000      0.921875000      0.192178756      -6.62788749E-03  -2.95093115E-02
  0.859375000      0.921875000      0.189719200      -4.77394015E-02  -2.40768977E-02
  0.890625000      0.921875000      0.172149628     -0.114507839      -8.92606564E-03
  0.921875000      0.921875000      0.133644834     -0.214320302       1.95631757E-02
  0.953125000      0.921875000       7.40377679E-02 -0.349922121       6.05241135E-02
  0.984375000      0.921875000       1.97663121E-02 -0.444226742       9.81234387E-02
   1.56250000E-02  0.953125000      -1.35109955E-02  0.113240473      -2.05944087E-02
   4.68750000E-02  0.953125000      -1.84935294E-02  0.102273665      -1.40134934E-02
   7.81250000E-02  0.953125000       3.54633853E-03   8.24302286E-02  -9.89815872E-03
  0.109375000      0.953125000       3.01772915E-02   6.66951984E-02  -7.43970508E-03
  0.140625000      0.953125000       5.52638024E-02   5.54411113E-02  -6.11492712E-03
  0.171875000      0.953125000       7.81795382E-02   4.74041998E-02  -5.34901675E-03
  0.203125000      0.953125000       9.91869196E-02   4.13420871E-02  -4.91470192E-03
  0.234375000      0.953125000      0.118558995       3.66278067E-02  -4.67333943E-03
  0.265625000      0.953125000      0.136555642       3.28533053E-02  -4.56466153E-03
  0.296875000      0.953125000      0.153375834       2.97484659E-02  -4.55854647E-03
  0.328125000      0.953125000      0.169174731       2.71502156E-02  -4.63256985E-03
  0.359375000      0.953125000      0.184090242       2.49579474E-02  -4.77656350E-03
  0.390625000      0.953125000      0.198244691       2.30903812E-02  -4.99207620E-03
  0.421875000      0.953125000      0.211743087       2.14929599E-02  -5.28421719E-03
  0.453125000      0.953125000      0.224683359       2.01306678E-02  -5.66567201E-03
  0.484375000      0.953125000      0.237164527       1.89843979E-02  -6.15657028E-03
  0.515625000      0.953125000      0.249297500       1.80529468E-02  -6.78810012E-03
  0.546875000      0.953125000      0.261214316       1.73441730E-02  -7.60920532E-03
  0.578125000      0.953125000      0.273074448       1.68749150E-02  -8.68778676E-03
  0.609375000      0.953125000      0.285069942       1.66612696E-02  -1.01142209E-02
  0.640625000      0.953125000      0.297414184       1.66885648E-02  -1.19970804E-02
  0.671875000      0.953125000      0.310293257       1.68582983E-02  -1.44385770E-02
  0.703125000      0.953125000      0.323748887       1.68860275E-02  -1.74771920E-02
  0.734375000      0.953125000      0.337461442       1.61382705E-02  -2.09613610E-02
  0.765625000      0.953125000      0.350536376       1.34030702E-02  -2.43504420E-02
  0.796875000      0.953125000      0.361703515       6.29291125E-03  -2.65168101E-02
  0.828125000      0.953125000      0.367688298      -9.38862469E-03  -2.41950974E-02
  0.859375000      0.953125000      0.362078935      -3.69382873E-02  -1.39233265E-02
  0.890625000      0.953125000      0.336057514      -8.17594007E-02   9.39457025E-03
  0.921875000      0.953125000      0.278951734     -0.151507348       5.15810587E-02
  0.953125000      0.953125000      0.181746632     -0.255973816      0.115135938    
  0.984375000      0.953125000       6.11391775E-02 -0.363337815      0.184595361    
   1.56250000E-02  0.984375000       6.33749142E-02   6.33753687E-02  -3.77367772E-02
   4.68750000E-02  0.984375000      0.173621267       4.68721204E-02  -1.28049133E-02
   7.81250000E-02  0.984375000      0.254950881       3.44588868E-02  -6.08802168E-03
  0.109375000      0.984375000      0.316195428       2.67872438E-02  -4.04449832E-03
  0.140625000      0.984375000      0.364717364       2.17364486E-02  -3.36648431E-03
  0.171875000      0.984375000      0.404679000       1.82270613E-02  -3.13072884E-03
  0.203125000      0.984375000      0.438545227       1.56410839E-02  -3.08410404E-03
  0.234375000      0.984375000      0.467840880       1.36565026E-02  -3.13188252E-03
  0.265625000      0.984375000      0.493579865       1.20844124E-02  -3.24355951E-03
  0.296875000      0.984375000      0.516467452       1.08050732E-02  -3.40719847E-03
  0.328125000      0.984375000      0.537014246       9.74355824E-03  -3.61768063E-03
  0.359375000      0.984375000      0.555607617       8.85157380E-03  -3.87376384E-03
  0.390625000      0.984375000      0.572551847       8.09425954E-03  -4.18231590E-03
  0.421875000      0.984375000      0.588091850       7.44723249E-03  -4.55410685E-03
  0.453125000      0.984375000      0.602431417       6.89360313E-03  -5.00485674E-03
  0.484375000      0.984375000      0.615746737       6.42269989E-03  -5.55932755E-03
  0.515625000      0.984375000      0.628197968       6.02911785E-03  -6.24964852E-03
  0.546875000      0.984375000      0.639937997       5.71100786E-03  -7.12764729E-03
  0.578125000      0.984375000      0.651118398       5.46888309E-03  -8.26118328E-03
  0.609375000      0.984375000      0.661891043       5.30244363E-03  -9.73668136E-03
  0.640625000      0.984375000      0.672397733       5.20200981E-03  -1.16523150E-02
  0.671875000      0.984375000      0.682736993       5.13419788E-03  -1.40868779E-02
  0.703125000      0.984375000      0.692887664       5.01298532E-03  -1.70308407E-02
  0.734375000      0.984375000      0.702549815       4.64570848E-03  -2.02446114E-02
  0.765625000      0.984375000      0.710786700       3.58940940E-03  -2.29569785E-02
  0.796875000      0.984375000      0.715049505       6.74696290E-04  -2.31214911E-02
  0.828125000      0.984375000      0.710499883      -5.21862693E-03  -1.74977258E-02
  0.859375000      0.984375000      0.690123379      -1.51474755E-02  -2.55626277E-03
  0.890625000      0.984375000      0.643760681      -3.12010553E-02   2.80647315E-02
  0.921875000      0.984375000      0.555651486      -5.68916947E-02   8.21309835E-02
  0.953125000      0.984375000      0.400483876      -9.82590541E-02  0.166733935    
  0.984375000      0.984375000      0.151108250     -0.151103482      0.281068385    
