 VARIABLES="X","Y","U","V","P"
 ZONE F=POINT, I=          16 , J=          16
   3.12500000E-02   3.12500000E-02   1.07875443E-03  -1.08261616E-03   8.31423327E-03
   9.37500000E-02   3.12500000E-02   1.50690204E-03   6.45732507E-04   8.07523727E-03
  0.156250000       3.12500000E-02  -1.84083078E-03   2.69276928E-03   7.69298896E-03
  0.218750000       3.12500000E-02  -9.01980884E-03   4.47810953E-03   7.24245887E-03
  0.281250000       3.12500000E-02  -1.93513669E-02   5.84663032E-03   6.79005357E-03
  0.343750000       3.12500000E-02  -3.17971073E-02   6.59361947E-03   6.41618948E-03
  0.406250000       3.12500000E-02  -4.49617058E-02   6.56669308E-03   6.23513898E-03
  0.468750000       3.12500000E-02  -5.72326481E-02   5.70079964E-03   6.39704522E-03
  0.531250000       3.12500000E-02  -6.69357479E-02   3.99900554E-03   7.06506381E-03
  0.593750000       3.12500000E-02  -7.24402517E-02   1.50149467E-03   8.36728234E-03
  0.656250000       3.12500000E-02  -7.21808076E-02  -1.76651333E-03   1.03209578E-02
  0.718750000       3.12500000E-02  -6.45445809E-02  -5.87743148E-03   1.24941692E-02
  0.781250000       3.12500000E-02  -4.89698276E-02  -9.70717240E-03   1.43518168E-02
  0.843750000       3.12500000E-02  -2.76792813E-02  -1.15946122E-02   1.52419582E-02
  0.906250000       3.12500000E-02  -7.35424925E-03  -8.74194782E-03   1.49888778E-02
  0.968750000       3.12500000E-02   6.91003050E-04   6.87598134E-04   1.43511277E-02
   3.12500000E-02   9.37500000E-02  -2.33016745E-03   1.59404590E-04   8.55241809E-03
   9.37500000E-02   9.37500000E-02  -1.06873391E-02   7.31200539E-03   8.28909222E-03
  0.156250000       9.37500000E-02  -2.49317773E-02   1.35972658E-02   7.91374035E-03
  0.218750000       9.37500000E-02  -4.25354019E-02   1.83376372E-02   7.43501447E-03
  0.281250000       9.37500000E-02  -6.16195053E-02   2.13874280E-02   6.89653261E-03
  0.343750000       9.37500000E-02  -8.05177987E-02   2.23849341E-02   6.38391310E-03
  0.406250000       9.37500000E-02  -9.76166725E-02   2.10300423E-02   6.02828432E-03
  0.468750000       9.37500000E-02 -0.111309335       1.71944983E-02   6.00164710E-03
  0.531250000       9.37500000E-02 -0.120012954       1.09061357E-02   6.48847362E-03
  0.593750000       9.37500000E-02 -0.122212574       2.29129661E-03   7.62865413E-03
  0.656250000       9.37500000E-02 -0.116504602      -8.53420608E-03   9.35749523E-03
  0.718750000       9.37500000E-02 -0.102405950      -2.08597630E-02   1.14384210E-02
  0.781250000       9.37500000E-02  -8.06194097E-02  -3.21061127E-02   1.33017013E-02
  0.843750000       9.37500000E-02  -5.30973151E-02  -3.80317196E-02   1.43163837E-02
  0.906250000       9.37500000E-02  -2.45056972E-02  -3.12460214E-02   1.42674996E-02
  0.968750000       9.37500000E-02  -5.37506025E-03  -4.00434760E-03   1.37671735E-02
   3.12500000E-02  0.156250000      -6.25140220E-03   8.72948952E-03   8.86437390E-03
   9.37500000E-02  0.156250000      -2.19839327E-02   2.28068903E-02   8.47733766E-03
  0.156250000      0.156250000      -4.19033356E-02   3.22415642E-02   7.97223020E-03
  0.218750000      0.156250000      -6.29620329E-02   3.83350924E-02   7.29975197E-03
  0.281250000      0.156250000      -8.37243497E-02   4.12205383E-02   6.49080006E-03
  0.343750000      0.156250000     -0.102870144       4.05849963E-02   5.64694079E-03
  0.406250000      0.156250000     -0.119096801       3.61490734E-02   4.93308902E-03
  0.468750000      0.156250000     -0.131151170       2.78193466E-02   4.55893995E-03
  0.531250000      0.156250000     -0.137875199       1.57071520E-02   4.73668799E-03
  0.593750000      0.156250000     -0.138287231       9.92334681E-05   5.60942944E-03
  0.656250000      0.156250000     -0.131755248      -1.85880344E-02   7.19082728E-03
  0.718750000      0.156250000     -0.117991500      -3.86793092E-02   9.30067990E-03
  0.781250000      0.156250000      -9.70080048E-02  -5.70731647E-02   1.14064924E-02
  0.843750000      0.156250000      -6.95368275E-02  -6.80790842E-02   1.28548918E-02
  0.906250000      0.156250000      -3.81500833E-02  -6.12006113E-02   1.32355317E-02
  0.968750000      0.156250000      -1.09815886E-02  -2.03694124E-02   1.28708268E-02
   3.12500000E-02  0.218750000      -7.96934962E-03   2.29382552E-02   8.85357056E-03
   9.37500000E-02  0.218750000      -2.67079398E-02   4.30438071E-02   8.33293051E-03
  0.156250000      0.218750000      -4.84567285E-02   5.36484942E-02   7.60045415E-03
  0.218750000      0.218750000      -7.00009912E-02   5.95124401E-02   6.60644798E-03
  0.281250000      0.218750000      -9.02688131E-02   6.10610768E-02   5.40114194E-03
  0.343750000      0.218750000     -0.108360663       5.79763800E-02   4.11408488E-03
  0.406250000      0.218750000     -0.123377524       5.00012115E-02   2.94549228E-03
  0.468750000      0.218750000     -0.134450018       3.70982066E-02   2.13977206E-03
  0.531250000      0.218750000     -0.140775666       1.94840711E-02   1.93399133E-03
  0.593750000      0.218750000     -0.141678795      -2.35693180E-03   2.48089246E-03
  0.656250000      0.218750000     -0.136692911      -2.76471786E-02   3.89918918E-03
  0.718750000      0.218750000     -0.125325039      -5.47542870E-02   6.07348979E-03
  0.781250000      0.218750000     -0.106925100      -8.03901106E-02   8.54185969E-03
  0.843750000      0.218750000      -8.10486823E-02  -9.81238112E-02   1.06280558E-02
  0.906250000      0.218750000      -4.84868102E-02  -9.51225460E-02   1.16707953E-02
  0.968750000      0.218750000      -1.53807653E-02  -4.67388108E-02   1.15595181E-02
   3.12500000E-02  0.281250000      -7.74097815E-03   3.86370793E-02   8.21723416E-03
   9.37500000E-02  0.281250000      -2.59984508E-02   6.43170327E-02   7.60337990E-03
  0.156250000      0.281250000      -4.69957441E-02   7.50995949E-02   6.63801190E-03
  0.218750000      0.281250000      -6.73124120E-02   7.99077228E-02   5.30260475E-03
  0.281250000      0.281250000      -8.60405862E-02   7.96553195E-02   3.67925037E-03
  0.343750000      0.281250000     -0.102606371       7.40412325E-02   1.92725123E-03
  0.406250000      0.281250000     -0.116454102       6.28091544E-02   2.76419159E-04
  0.468750000      0.281250000     -0.127012670       4.59342226E-02  -1.00023183E-03
  0.531250000      0.281250000     -0.133694232       2.36703865E-02  -1.63931050E-03
  0.593750000      0.281250000     -0.135931522      -3.38817062E-03  -1.46342488E-03
  0.656250000      0.281250000     -0.133283347      -3.42384055E-02  -2.76726729E-04
  0.718750000      0.281250000     -0.125140369      -6.76675066E-02   1.91743032E-03
  0.781250000      0.281250000     -0.110356256     -0.100660786       4.74702986E-03
  0.843750000      0.281250000      -8.73902813E-02 -0.126701683       7.53789488E-03
  0.906250000      0.281250000      -5.53507805E-02 -0.131157354       9.38213617E-03
  0.968750000      0.281250000      -1.85239799E-02  -8.06487277E-02   9.64819081E-03
   3.12500000E-02  0.343750000      -6.24685967E-03   5.26150614E-02   6.93936925E-03
   9.37500000E-02  0.343750000      -2.16998272E-02   8.40293318E-02   6.28625229E-03
  0.156250000      0.343750000      -4.01350409E-02   9.48029160E-02   5.13941795E-03
  0.218750000      0.343750000      -5.79413846E-02   9.83187705E-02   3.51739163E-03
  0.281250000      0.343750000      -7.42315799E-02   9.62631851E-02   1.52914959E-03
  0.343750000      0.343750000      -8.86543095E-02   8.84312391E-02  -6.44330343E-04
  0.406250000      0.343750000     -0.100928739       7.45579451E-02  -2.75251456E-03
  0.468750000      0.343750000     -0.110738069       5.45747839E-02  -4.49833227E-03
  0.531250000      0.343750000     -0.117688105       2.86848620E-02  -5.58643229E-03
  0.593750000      0.343750000     -0.121323138      -2.50771875E-03  -5.79733169E-03
  0.656250000      0.343750000     -0.121264711      -3.78062129E-02  -4.91405092E-03
  0.718750000      0.343750000     -0.116916977      -7.65764415E-02  -2.80366256E-03
  0.781250000      0.343750000     -0.106770933     -0.116674215       2.69792392E-04
  0.843750000      0.343750000      -8.82093981E-02 -0.152214393       3.68533423E-03
  0.906250000      0.343750000      -5.86231910E-02 -0.167274624       6.34753890E-03
  0.968750000      0.343750000      -2.04060525E-02 -0.119581766       7.07786111E-03
   3.12500000E-02  0.406250000      -4.07241844E-03   6.29268587E-02   5.23208687E-03
   9.37500000E-02  0.406250000      -1.53566785E-02  0.100439921       4.58490709E-03
  0.156250000      0.406250000      -3.00061163E-02  0.111466147       3.32773593E-03
  0.218750000      0.406250000      -4.43123057E-02  0.113765910       1.50990160E-03
  0.281250000      0.406250000      -5.73070794E-02  0.110108525      -7.45154917E-04
  0.343750000      0.406250000      -6.87849149E-02  0.100503094      -3.24766757E-03
  0.406250000      0.406250000      -7.87045583E-02   8.47040564E-02  -5.73697640E-03
  0.468750000      0.406250000      -8.70252848E-02   6.25870973E-02  -7.89757166E-03
  0.531250000      0.406250000      -9.36340392E-02   3.42610069E-02  -9.40005854E-03
  0.593750000      0.406250000      -9.83195305E-02   2.64738221E-04  -9.97381005E-03
  0.656250000      0.406250000     -0.100822680      -3.81098241E-02  -9.43264551E-03
  0.718750000      0.406250000     -0.100683719      -8.07407200E-02  -7.53406994E-03
  0.781250000      0.406250000      -9.61819738E-02 -0.127144665      -4.41935658E-03
  0.843750000      0.406250000      -8.35817158E-02 -0.172898576      -5.85022441E-04
  0.906250000      0.406250000      -5.84300570E-02 -0.201326579       2.79146223E-03
  0.968750000      0.406250000      -2.10947767E-02 -0.161083579       4.01955424E-03
   3.12500000E-02  0.468750000      -1.73340854E-03   6.87276199E-02   3.38545069E-03
   9.37500000E-02  0.468750000      -8.28186236E-03  0.112462342       2.78742611E-03
  0.156250000      0.468750000      -1.84032619E-02  0.124209449       1.49963913E-03
  0.218750000      0.468750000      -2.85404529E-02  0.125469476      -4.04614664E-04
  0.281250000      0.468750000      -3.75527740E-02  0.120425180      -2.80022109E-03
  0.343750000      0.468750000      -4.53171805E-02  0.109450795      -5.50123723E-03
  0.406250000      0.468750000      -5.20012304E-02   9.23890471E-02  -8.24721530E-03
  0.468750000      0.468750000      -5.78623042E-02   6.91166818E-02  -1.07122846E-02
  0.531250000      0.468750000      -6.31820410E-02   3.96930054E-02  -1.25384061E-02
  0.593750000      0.468750000      -6.81848079E-02   4.55139950E-03  -1.34013910E-02
  0.656250000      0.468750000      -7.28943944E-02  -3.51580754E-02  -1.31907519E-02
  0.718750000      0.468750000      -7.71544725E-02  -7.95510486E-02  -1.16187222E-02
  0.781250000      0.468750000      -7.91538581E-02 -0.130821466      -8.69944971E-03
  0.843750000      0.468750000      -7.39657506E-02 -0.186999857      -4.72716708E-03
  0.906250000      0.468750000      -5.51084653E-02 -0.231228620      -8.23995622E-04
  0.968750000      0.468750000      -2.07225978E-02 -0.202900499       8.87678529E-04
   3.12500000E-02  0.531250000       2.56288506E-04   7.02015758E-02   1.64507050E-03
   9.37500000E-02  0.531250000      -1.68351177E-03  0.119471125       1.16846897E-03
  0.156250000      0.531250000      -6.90185837E-03  0.132539317      -6.46329645E-05
  0.218750000      0.531250000      -1.25385933E-02  0.132920638      -1.93246792E-03
  0.281250000      0.531250000      -1.71628147E-02  0.126626968      -4.32603434E-03
  0.343750000      0.531250000      -2.06950828E-02  0.114570752      -7.07306899E-03
  0.406250000      0.531250000      -2.34716758E-02   9.67612267E-02  -9.92042571E-03
  0.468750000      0.531250000      -2.59959996E-02   7.31644481E-02  -1.25398636E-02
  0.531250000      0.531250000      -2.89469361E-02   4.39497456E-02  -1.45582035E-02
  0.593750000      0.531250000      -3.32078859E-02   9.58836079E-03  -1.56141184E-02
  0.656250000      0.531250000      -3.93776745E-02  -2.92911828E-02  -1.56511087E-02
  0.718750000      0.531250000      -4.77917939E-02  -7.27245882E-02  -1.44707793E-02
  0.781250000      0.531250000      -5.67299128E-02 -0.126695782      -1.19501250E-02
  0.843750000      0.531250000      -6.00732267E-02 -0.192959800      -8.11629370E-03
  0.906250000      0.531250000      -4.90976609E-02 -0.255094767      -3.87977669E-03
  0.968750000      0.531250000      -1.94461495E-02 -0.243068263      -1.70734641E-03
   3.12500000E-02  0.593750000       1.71729783E-03   6.82258606E-02   2.21683498E-04
   9.37500000E-02  0.593750000       3.52875446E-03  0.121571690      -1.38040399E-04
  0.156250000      0.593750000       2.98005436E-03  0.136206269      -1.16796279E-03
  0.218750000      0.593750000       2.01840489E-03  0.135860056      -2.86052423E-03
  0.281250000      0.593750000       1.96262868E-03  0.128384352      -5.10731246E-03
  0.343750000      0.593750000       2.88428413E-03  0.115449131      -7.75152445E-03
  0.406250000      0.593750000       4.27426351E-03   9.73007903E-02  -1.05487490E-02
  0.468750000      0.593750000       5.43062715E-03   7.40268975E-02  -1.31723490E-02
  0.531250000      0.593750000       5.47574880E-03   4.60258760E-02  -1.52485305E-02
  0.593750000      0.593750000       3.02256458E-03   1.42544899E-02  -1.64085273E-02
  0.656250000      0.593750000      -3.51743354E-03  -2.12252997E-02  -1.65760983E-02
  0.718750000      0.593750000      -1.50638800E-02  -6.08129948E-02  -1.57797039E-02
  0.781250000      0.593750000      -3.03580202E-02 -0.114362739      -1.37383975E-02
  0.843750000      0.593750000      -4.26564291E-02 -0.189642683      -1.02116987E-02
  0.906250000      0.593750000      -4.07417342E-02 -0.271297097      -5.70590701E-03
  0.968750000      0.593750000      -1.73715223E-02 -0.279885411      -3.00760102E-03
   3.12500000E-02  0.656250000       2.50145933E-03   6.40050471E-02  -8.19551642E-04
   9.37500000E-02  0.656250000       6.80477079E-03  0.119674116      -1.03810220E-03
  0.156250000      0.656250000       1.02201235E-02  0.135236740      -1.76913117E-03
  0.218750000      0.656250000       1.39404368E-02  0.134077102      -3.14140366E-03
  0.281250000      0.656250000       1.86877772E-02  0.125490233      -5.13169589E-03
  0.343750000      0.656250000       2.41553411E-02  0.111976683      -7.59250484E-03
  0.406250000      0.656250000       2.95149647E-02   9.40525532E-02  -1.02634691E-02
  0.468750000      0.656250000       3.37484851E-02   7.19171017E-02  -1.27928453E-02
  0.531250000      0.656250000       3.57385054E-02   4.61312011E-02  -1.47886751E-02
  0.593750000      0.656250000       3.44138294E-02   1.79530308E-02  -1.59105379E-02
  0.656250000      0.656250000       2.85431109E-02  -1.24928467E-02  -1.59787498E-02
  0.718750000      0.656250000       1.70425121E-02  -4.64836806E-02  -1.53687391E-02
  0.781250000      0.656250000      -1.72132580E-03  -9.46248844E-02  -1.39402086E-02
  0.843750000      0.656250000      -2.21183654E-02 -0.176680610      -1.06833149E-02
  0.906250000      0.656250000      -2.99058110E-02 -0.278385639      -5.64052584E-03
  0.968750000      0.656250000      -1.44082047E-02 -0.311666280      -2.06163665E-03
   3.12500000E-02  0.718750000       2.16589146E-03   5.93349338E-02  -1.55611068E-03
   9.37500000E-02  0.718750000       7.20963161E-03  0.114991605      -1.55666657E-03
  0.156250000      0.718750000       1.39041198E-02  0.129805803      -1.83172454E-03
  0.218750000      0.718750000       2.24486329E-02  0.127245113      -2.75825942E-03
  0.281250000      0.718750000       3.23436484E-02  0.117689520      -4.42868518E-03
  0.343750000      0.718750000       4.25114483E-02  0.104159921      -6.69101300E-03
  0.406250000      0.718750000       5.17060198E-02   8.73397440E-02  -9.24386457E-03
  0.468750000      0.718750000       5.86320907E-02   6.74985275E-02  -1.16940411E-02
  0.531250000      0.718750000       6.20021150E-02   4.52175327E-02  -1.36232805E-02
  0.593750000      0.718750000       6.06945604E-02   2.15228219E-02  -1.46849584E-02
  0.656250000      0.718750000       5.38394302E-02  -3.31837148E-03  -1.47023965E-02
  0.718750000      0.718750000       4.14782390E-02  -3.17840539E-02  -1.39576131E-02
  0.781250000      0.718750000       2.44284905E-02  -7.35055283E-02  -1.22813983E-02
  0.843750000      0.718750000       2.16442905E-03 -0.155140206      -9.31308698E-03
  0.906250000      0.718750000      -1.52160088E-02 -0.274764717      -2.95936386E-03
  0.968750000      0.718750000      -9.96532850E-03 -0.336043835       2.56214524E-03
   3.12500000E-02  0.781250000      -4.70364845E-04   5.76353669E-02  -2.16574315E-03
   9.37500000E-02  0.781250000       2.92580738E-03  0.108242333      -1.67850382E-03
  0.156250000      0.781250000       1.31232953E-02  0.119654447      -1.31816580E-03
  0.218750000      0.781250000       2.72339433E-02  0.114736736      -1.69481826E-03
  0.281250000      0.781250000       4.29833084E-02  0.104556113      -3.04742972E-03
  0.343750000      0.781250000       5.82421087E-02   9.18778181E-02  -5.17573953E-03
  0.406250000      0.781250000       7.14240074E-02   7.72640184E-02  -7.69974245E-03
  0.468750000      0.781250000       8.11622292E-02   6.09332472E-02  -1.01661179E-02
  0.531250000      0.781250000       8.62493515E-02   4.33496945E-02  -1.21221542E-02
  0.593750000      0.781250000       8.57629105E-02   2.52058096E-02  -1.32023990E-02
  0.656250000      0.781250000       7.91338831E-02   6.49857242E-03  -1.32043678E-02
  0.718750000      0.781250000       6.67299479E-02  -1.68268364E-02  -1.23241041E-02
  0.781250000      0.781250000       4.98114377E-02  -5.44938333E-02  -1.00384997E-02
  0.843750000      0.781250000       2.96063479E-02 -0.131691635      -5.14599914E-03
  0.906250000      0.781250000       7.15149473E-03 -0.258394718       3.71672073E-03
  0.968750000      0.781250000      -2.25687493E-03 -0.348274171       1.35216806E-02
   3.12500000E-02  0.843750000      -6.14321604E-03   6.42431527E-02  -2.85148015E-03
   9.37500000E-02  0.843750000      -7.11406395E-03   9.91955101E-02  -1.48147729E-03
  0.156250000      0.843750000       8.37846380E-03  0.102995493      -1.98762355E-04
  0.218750000      0.843750000       3.04013044E-02   9.52490419E-02   2.08342426E-05
  0.281250000      0.843750000       5.33607826E-02   8.53287280E-02  -1.11373584E-03
  0.343750000      0.843750000       7.45408088E-02   7.46693462E-02  -3.24827246E-03
  0.406250000      0.843750000       9.24486518E-02   6.33944273E-02  -5.88300172E-03
  0.468750000      0.843750000      0.105992109       5.15387729E-02  -8.49462673E-03
  0.531250000      0.843750000      0.114337146       3.93315703E-02  -1.05948625E-02
  0.593750000      0.843750000      0.117024213       2.70408858E-02  -1.17945131E-02
  0.656250000      0.843750000      0.114138737       1.41903581E-02  -1.18570086E-02
  0.718750000      0.843750000      0.105539903      -3.51111777E-03  -1.06538162E-02
  0.781250000      0.843750000       9.23276320E-02  -3.76844183E-02  -7.34372530E-03
  0.843750000      0.843750000       7.36956149E-02 -0.109681815       1.28272735E-03
  0.906250000      0.843750000       4.39594984E-02 -0.228241935       1.78444795E-02
  0.968750000      0.843750000       1.27277989E-02 -0.337816119       3.65604721E-02
   3.12500000E-02  0.906250000      -1.14064729E-02   8.17847848E-02  -4.93117329E-03
   9.37500000E-02  0.906250000      -1.14773978E-02   8.26758072E-02  -1.05375797E-03
  0.156250000      0.906250000       1.72406454E-02   7.52802044E-02   1.57637487E-03
  0.218750000      0.906250000       5.17561287E-02   6.64031208E-02   2.31376244E-03
  0.281250000      0.906250000       8.45211595E-02   5.84344491E-02   1.19469373E-03
  0.343750000      0.906250000      0.113833681       5.10657243E-02  -1.11941202E-03
  0.406250000      0.906250000      0.138968542       4.39601354E-02  -3.99453519E-03
  0.468750000      0.906250000      0.159450635       3.69596407E-02  -6.85055275E-03
  0.531250000      0.906250000      0.174970895       3.00606899E-02  -9.17302817E-03
  0.593750000      0.906250000      0.185420305       2.31893770E-02  -1.05373776E-02
  0.656250000      0.906250000      0.190939486       1.54170413E-02  -1.05902776E-02
  0.718750000      0.906250000      0.192518055       2.28249794E-03  -8.89636576E-03
  0.781250000      0.906250000      0.189098701      -2.68587749E-02  -3.09262751E-03
  0.843750000      0.906250000      0.170617446      -8.34207237E-02   1.24468114E-02
  0.906250000      0.906250000      0.121181980     -0.175370157       4.24784012E-02
  0.968750000      0.906250000       4.33960818E-02 -0.281709373       8.07091892E-02
   3.12500000E-02  0.968750000       4.65898439E-02   4.65932935E-02  -1.19833667E-02
   9.37500000E-02  0.968750000      0.128840461       3.56666595E-02   9.46610700E-04
  0.156250000      0.968750000      0.193439931       2.89450735E-02   5.00626583E-03
  0.218750000      0.968750000      0.247005031       2.46318839E-02   5.49280830E-03
  0.281250000      0.968750000      0.293027163       2.13992950E-02   3.95476399E-03
  0.343750000      0.968750000      0.333113730       1.86921917E-02   1.24812592E-03
  0.406250000      0.968750000      0.368058830       1.62536912E-02  -1.96771976E-03
  0.468750000      0.968750000      0.398282349       1.39675401E-02  -5.11587644E-03
  0.531250000      0.968750000      0.424039602       1.17858248E-02  -7.68494327E-03
  0.593750000      0.968750000      0.445446730       9.61762760E-03  -9.21341404E-03
  0.656250000      0.968750000      0.461993814       6.92779338E-03  -9.07963794E-03
  0.718750000      0.968750000      0.470051706       1.13213062E-03  -5.32395206E-03
  0.781250000      0.968750000      0.459462613      -1.17144641E-02   5.66552533E-03
  0.843750000      0.968750000      0.413544238      -3.41922417E-02   2.91934013E-02
  0.906250000      0.968750000      0.308839649      -7.04962537E-02   7.25978315E-02
  0.968750000      0.968750000      0.119167186     -0.119161390      0.136538818    
