 VARIABLES="X","Y","U","V","P"
 ZONE F=POINT, I=          16 , J=          16
   3.12500000E-02   3.12500000E-02   8.83694389E-04  -8.88320094E-04   7.91131146E-03
   9.37500000E-02   3.12500000E-02   1.07064447E-03   6.90855901E-04   7.69758131E-03
  0.156250000       3.12500000E-02  -2.13951082E-03   2.50818348E-03   7.35489745E-03
  0.218750000       3.12500000E-02  -8.81371740E-03   4.15640697E-03   6.95071742E-03
  0.281250000       3.12500000E-02  -1.84624884E-02   5.48448833E-03   6.54787291E-03
  0.343750000       3.12500000E-02  -3.02123781E-02   6.25926256E-03   6.22347882E-03
  0.406250000       3.12500000E-02  -4.27769795E-02   6.30067941E-03   6.08446635E-03
  0.468750000       3.12500000E-02  -5.46052232E-02   5.52385813E-03   6.27029780E-03
  0.531250000       3.12500000E-02  -6.40525073E-02   3.91994882E-03   6.93317316E-03
  0.593750000       3.12500000E-02  -6.95023388E-02   1.52580801E-03   8.19304027E-03
  0.656250000       3.12500000E-02  -6.94125891E-02  -1.62096997E-03   1.00716669E-02
  0.718750000       3.12500000E-02  -6.21818118E-02  -5.61701274E-03   1.21537577E-02
  0.781250000       3.12500000E-02  -4.72178683E-02  -9.35594179E-03   1.39303431E-02
  0.843750000       3.12500000E-02  -2.66778395E-02  -1.11945262E-02   1.47822276E-02
  0.906250000       3.12500000E-02  -7.08739925E-03  -8.40720069E-03   1.45448875E-02
  0.968750000       3.12500000E-02   6.57013850E-04   6.53379830E-04   1.39370654E-02
   3.12500000E-02   9.37500000E-02  -2.21953471E-03   4.36519331E-04   8.12672451E-03
   9.37500000E-02   9.37500000E-02  -1.00923600E-02   7.02747889E-03   7.89144542E-03
  0.156250000       9.37500000E-02  -2.35311352E-02   1.27952937E-02   7.55951647E-03
  0.218750000       9.37500000E-02  -4.03036252E-02   1.72944963E-02   7.13427132E-03
  0.281250000       9.37500000E-02  -5.86586930E-02   2.03330293E-02   6.65603206E-03
  0.343750000       9.37500000E-02  -7.69859478E-02   2.14749444E-02   6.20490313E-03
  0.406250000       9.37500000E-02  -9.37030241E-02   2.03574151E-02   5.90263912E-03
  0.468750000       9.37500000E-02 -0.107220471       1.68059785E-02   5.90944244E-03
  0.531250000       9.37500000E-02 -0.115960427       1.08189452E-02   6.39910437E-03
  0.593750000       9.37500000E-02 -0.118402310       2.51117442E-03   7.50621874E-03
  0.656250000       9.37500000E-02 -0.113120973      -7.98774976E-03   9.17045772E-03
  0.718750000       9.37500000E-02  -9.95825231E-02  -2.00339016E-02   1.11652762E-02
  0.781250000       9.37500000E-02  -7.84402639E-02  -3.10639646E-02   1.29475277E-02
  0.843750000       9.37500000E-02  -5.16140461E-02  -3.68749350E-02   1.39148775E-02
  0.906250000       9.37500000E-02  -2.37180814E-02  -3.02375294E-02   1.38641521E-02
  0.968750000       9.37500000E-02  -5.15084947E-03  -3.84888169E-03   1.33787859E-02
   3.12500000E-02  0.156250000      -5.78987366E-03   8.43315572E-03   8.39604624E-03
   9.37500000E-02  0.156250000      -2.05658041E-02   2.16518436E-02   8.05426575E-03
  0.156250000      0.156250000      -3.95827442E-02   3.05988640E-02   7.61119509E-03
  0.218750000      0.156250000      -5.99198490E-02   3.65777016E-02   7.01527577E-03
  0.281250000      0.156250000      -8.01516473E-02   3.96196060E-02   6.29160274E-03
  0.343750000      0.156250000      -9.89653021E-02   3.93178910E-02   5.53211570E-03
  0.406250000      0.156250000     -0.115058348       3.53180394E-02   4.88950638E-03
  0.468750000      0.156250000     -0.127166793       2.74679922E-02   4.56125382E-03
  0.531250000      0.156250000     -0.134109721       1.58377625E-02   4.75080963E-03
  0.593750000      0.156250000     -0.134870633       6.91981055E-04   5.59955183E-03
  0.656250000      0.156250000     -0.128764302      -1.75626390E-02   7.11977016E-03
  0.718750000      0.156250000     -0.115462735      -3.73101570E-02   9.14330967E-03
  0.781250000      0.156250000      -9.49692130E-02  -5.54397404E-02   1.11594871E-02
  0.843750000      0.156250000      -6.80186674E-02  -6.62966222E-02   1.25390235E-02
  0.906250000      0.156250000      -3.71951684E-02  -5.95590025E-02   1.28882928E-02
  0.968750000      0.156250000      -1.06512364E-02  -1.96598470E-02   1.25233084E-02
   3.12500000E-02  0.218750000      -7.43809436E-03   2.16486193E-02   8.36548209E-03
   9.37500000E-02  0.218750000      -2.51471587E-02   4.08944413E-02   7.90623762E-03
  0.156250000      0.218750000      -4.60359380E-02   5.12358397E-02   7.26249628E-03
  0.218750000      0.218750000      -6.69791177E-02   5.72010279E-02   6.37584645E-03
  0.281250000      0.218750000      -8.68788958E-02   5.91149442E-02   5.28487191E-03
  0.343750000      0.218750000     -0.104813576       5.65648898E-02   4.10548598E-03
  0.406250000      0.218750000     -0.119859755       4.92100567E-02   3.02390428E-03
  0.468750000      0.218750000     -0.131115153       3.69435437E-02   2.27314397E-03
  0.531250000      0.218750000     -0.137734413       1.99297182E-02   2.08459469E-03
  0.593750000      0.218750000     -0.138989627      -1.37946359E-03   2.61347997E-03
  0.656250000      0.218750000     -0.134365171      -2.62208059E-02   3.96953616E-03
  0.718750000      0.218750000     -0.123341046      -5.29813692E-02   6.05560094E-03
  0.781250000      0.218750000     -0.105272606      -7.83397108E-02   8.42509419E-03
  0.843750000      0.218750000      -7.97500163E-02  -9.58841443E-02   1.04209362E-02
  0.906250000      0.218750000      -4.76170443E-02  -9.29460973E-02   1.14033222E-02
  0.968750000      0.218750000      -1.50662279E-02  -4.53845188E-02   1.12766810E-02
   3.12500000E-02  0.281250000      -7.28911255E-03   3.63643207E-02   7.76337739E-03
   9.37500000E-02  0.281250000      -2.46536359E-02   6.12278953E-02   7.21884705E-03
  0.156250000      0.281250000      -4.49037403E-02   7.20186532E-02   6.36268966E-03
  0.218750000      0.281250000      -6.47359341E-02   7.71783143E-02   5.15949633E-03
  0.281250000      0.281250000      -8.32193643E-02   7.75139332E-02   3.67321330E-03
  0.343750000      0.281250000      -9.97477993E-02   7.26300851E-02   2.04552244E-03
  0.406250000      0.281250000     -0.113728806       6.21796772E-02   4.90885112E-04
  0.468750000      0.281250000     -0.124546111       4.60585877E-02  -7.27995415E-04
  0.531250000      0.281250000     -0.131557688       2.44591739E-02  -1.35060865E-03
  0.593750000      0.281250000     -0.134134978      -2.06373911E-03  -1.19412772E-03
  0.656250000      0.281250000     -0.131778598      -3.25079896E-02  -7.16115610E-05
  0.718750000      0.281250000     -0.123854876      -6.56376854E-02   2.03454937E-03
  0.781250000      0.281250000     -0.109243467      -9.83647257E-02   4.76223044E-03
  0.843750000      0.281250000      -8.64626020E-02 -0.124169692       7.45088421E-03
  0.906250000      0.281250000      -5.46939224E-02 -0.128573745       9.21549462E-03
  0.968750000      0.281250000      -1.82787720E-02  -7.87346661E-02   9.45313089E-03
   3.12500000E-02  0.343750000      -5.93406428E-03   4.95777726E-02   6.56725559E-03
   9.37500000E-02  0.343750000      -2.07204185E-02   8.01451206E-02   5.98349934E-03
  0.156250000      0.343750000      -3.85577902E-02   9.11715925E-02   4.95587010E-03
  0.218750000      0.343750000      -5.59933297E-02   9.52840000E-02   3.47977364E-03
  0.281250000      0.343750000      -7.21350908E-02   9.40335691E-02   1.64085662E-03
  0.343750000      0.343750000      -8.66033733E-02   8.71159881E-02  -4.01020370E-04
  0.406250000      0.343750000      -9.90799591E-02   7.41670728E-02  -2.41212081E-03
  0.468750000      0.343750000     -0.109199122       5.50276637E-02  -4.10504127E-03
  0.531250000      0.343750000     -0.116504386       2.98283398E-02  -5.18513285E-03
  0.593750000      0.343750000     -0.120469585      -8.70354939E-04  -5.42538753E-03
  0.656250000      0.343750000     -0.120635599      -3.58752683E-02  -4.60951962E-03
  0.718750000      0.343750000     -0.116381451      -7.44369254E-02  -2.58297520E-03
  0.781250000      0.343750000     -0.106253967     -0.114298865       3.94928938E-04
  0.843750000      0.343750000      -8.77121165E-02 -0.149558485       3.70996259E-03
  0.906250000      0.343750000      -5.82271665E-02 -0.164443523       6.28635194E-03
  0.968750000      0.343750000      -2.02486180E-02 -0.117265068       6.97969552E-03
   3.12500000E-02  0.406250000      -3.91747290E-03   5.94218746E-02   4.96181939E-03
   9.37500000E-02  0.406250000      -1.47927720E-02   9.59477872E-02   4.37934883E-03
  0.156250000      0.406250000      -2.90064104E-02  0.107408874       3.24277370E-03
  0.218750000      0.406250000      -4.30458188E-02  0.110519223       1.57448300E-03
  0.281250000      0.406250000      -5.59620894E-02  0.107863545      -5.28728182E-04
  0.343750000      0.406250000      -6.75332993E-02   9.93415415E-02  -2.90095923E-03
  0.406250000      0.406250000      -7.76905641E-02   8.45981687E-02  -5.30002546E-03
  0.468750000      0.406250000      -8.63506421E-02   6.34024143E-02  -7.42010074E-03
  0.531250000      0.406250000      -9.33336318E-02   3.57691273E-02  -8.93022679E-03
  0.593750000      0.406250000      -9.83325094E-02   2.17819400E-03  -9.54723079E-03
  0.656250000      0.406250000     -0.100992016      -3.60770300E-02  -9.08150896E-03
  0.718750000      0.406250000     -0.100836717      -7.86284357E-02  -7.25950953E-03
  0.781250000      0.406250000      -9.62225944E-02 -0.124838367      -4.22569644E-03
  0.843750000      0.406250000      -8.35003704E-02 -0.170277908      -4.78125818E-04
  0.906250000      0.406250000      -5.82925826E-02 -0.198416293       2.81865243E-03
  0.968750000      0.406250000      -2.10252237E-02 -0.158540040       4.00700793E-03
   3.12500000E-02  0.468750000      -1.73071085E-03   6.50649220E-02   3.20939627E-03
   9.37500000E-02  0.468750000      -8.13424494E-03  0.107573934       2.66781542E-03
  0.156250000      0.468750000      -1.79923270E-02  0.119849272       1.49634841E-03
  0.218750000      0.468750000      -2.79548448E-02  0.122084185      -2.61518930E-04
  0.281250000      0.468750000      -3.69296186E-02  0.118202642      -2.50913552E-03
  0.343750000      0.468750000      -4.47903313E-02  0.108456045      -5.08644711E-03
  0.406250000      0.468750000      -5.16909733E-02   9.25695151E-02  -7.75354682E-03
  0.468750000      0.468750000      -5.78655824E-02   7.02967495E-02  -1.01954658E-02
  0.531250000      0.468750000      -6.35464340E-02   4.15693596E-02  -1.20512545E-02
  0.593750000      0.468750000      -6.88550025E-02   6.71327719E-03  -1.29785743E-02
  0.656250000      0.468750000      -7.36664981E-02  -3.31176594E-02  -1.28481407E-02
  0.718750000      0.468750000      -7.78201893E-02  -7.75710046E-02  -1.13421502E-02
  0.781250000      0.468750000      -7.96297938E-02 -0.128687054      -8.48584529E-03
  0.843750000      0.468750000      -7.42310286E-02 -0.184541851      -4.58081346E-03
  0.906250000      0.468750000      -5.51952273E-02 -0.228391767      -7.43549259E-04
  0.968750000      0.468750000      -2.07303576E-02 -0.200295448       9.30694572E-04
   3.12500000E-02  0.531250000       1.41365366E-04   6.66509494E-02   1.53848215E-03
   9.37500000E-02  0.531250000      -1.91524311E-03  0.114442468       1.10175600E-03
  0.156250000      0.531250000      -7.07878778E-03  0.128001511      -2.16837379E-05
  0.218750000      0.531250000      -1.26325209E-02  0.129455641      -1.74960925E-03
  0.281250000      0.531250000      -1.72432456E-02  0.124433376      -4.00110381E-03
  0.343750000      0.531250000      -2.08366811E-02  0.113704473      -6.63101859E-03
  0.406250000      0.531250000      -2.37402469E-02   9.71560925E-02  -9.40902997E-03
  0.468750000      0.531250000      -2.64473166E-02   7.46249706E-02  -1.20204147E-02
  0.531250000      0.531250000      -2.96265166E-02   4.61331829E-02  -1.40902419E-02
  0.593750000      0.531250000      -3.41299027E-02   1.19897900E-02  -1.52342599E-02
  0.656250000      0.531250000      -4.03710790E-02  -2.73179598E-02  -1.53469369E-02
  0.718750000      0.531250000      -4.86686900E-02  -7.09009171E-02  -1.42247155E-02
  0.781250000      0.531250000      -5.74524924E-02 -0.124750078      -1.17566306E-02
  0.843750000      0.531250000      -6.05835877E-02 -0.190737307      -7.97476154E-03
  0.906250000      0.531250000      -4.93587106E-02 -0.252451599      -3.79045983E-03
  0.968750000      0.531250000      -1.95157733E-02 -0.240540966      -1.65107730E-03
   3.12500000E-02  0.593750000       1.49462325E-03   6.50126338E-02   1.41497905E-04
   9.37500000E-02  0.593750000       2.95794313E-03  0.116670586      -1.85820012E-04
  0.156250000      0.593750000       2.24299356E-03  0.131652966      -1.12413405E-03
  0.218750000      0.593750000       1.22613937E-03  0.132383630      -2.68542580E-03
  0.281250000      0.593750000       1.14188972E-03  0.126218081      -4.79460787E-03
  0.343750000      0.593750000       2.03666743E-03  0.114644229      -7.32314261E-03
  0.406250000      0.593750000       3.41157150E-03   9.77763683E-02  -1.00513119E-02
  0.468750000      0.593750000       4.59064590E-03   7.55660534E-02  -1.26688117E-02
  0.531250000      0.593750000       4.74909879E-03   4.82446551E-02  -1.48038305E-02
  0.593750000      0.593750000       2.56237178E-03   1.65961646E-02  -1.60703473E-02
  0.656250000      0.593750000      -3.99143388E-03  -1.91068240E-02  -1.62858181E-02
  0.718750000      0.593750000      -1.57767870E-02  -5.90118393E-02  -1.55662522E-02
  0.781250000      0.593750000      -3.11194602E-02 -0.112500362      -1.35894697E-02
  0.843750000      0.593750000      -4.33086455E-02 -0.187658936      -1.01113552E-02
  0.906250000      0.593750000      -4.11292538E-02 -0.268930227      -5.65308798E-03
  0.968750000      0.593750000      -1.74883064E-02 -0.277544975      -2.98583694E-03
   3.12500000E-02  0.656250000       2.18322035E-03   6.13324344E-02  -9.09402908E-04
   9.37500000E-02  0.656250000       5.91634586E-03  0.115150586      -1.10715558E-03
  0.156250000      0.656250000       8.93272087E-03  0.130871773      -1.76177127E-03
  0.218750000      0.656250000       1.24282818E-02  0.130693495      -3.01398430E-03
  0.281250000      0.656250000       1.70650594E-02  0.123371601      -4.86840121E-03
  0.343750000      0.656250000       2.25107111E-02  0.111174300      -7.20847491E-03
  0.406250000      0.656250000       2.79442910E-02   9.44676399E-02  -9.80199408E-03
  0.468750000      0.656250000       3.23648117E-02   7.33072907E-02  -1.23157827E-02
  0.531250000      0.656250000       3.46499011E-02   4.80906032E-02  -1.43589489E-02
  0.593750000      0.656250000       3.36147249E-02   1.99987479E-02  -1.55675970E-02
  0.656250000      0.656250000       2.79802494E-02  -1.02999704E-02  -1.57200415E-02
  0.718750000      0.656250000       1.65283531E-02  -4.45660800E-02  -1.52015295E-02
  0.781250000      0.656250000      -2.39968207E-03  -9.26656947E-02  -1.38585018E-02
  0.843750000      0.656250000      -2.28359289E-02 -0.174863711      -1.06494147E-02
  0.906250000      0.656250000      -3.03916838E-02 -0.276349127      -5.66742290E-03
  0.968750000      0.656250000      -1.45632252E-02 -0.309598088      -2.12458475E-03
   3.12500000E-02  0.718750000       1.75128505E-03   5.73945343E-02  -1.68312422E-03
   9.37500000E-02  0.718750000       6.02091523E-03  0.111079328      -1.67497399E-03
  0.156250000      0.718750000       1.20923892E-02  0.125851750      -1.89690432E-03
  0.218750000      0.718750000       2.02100612E-02  0.124103293      -2.71766214E-03
  0.281250000      0.718750000       2.98668444E-02  0.115679562      -4.25209431E-03
  0.343750000      0.718750000       3.99712659E-02  0.103336066      -6.38357177E-03
  0.406250000      0.718750000       4.92758825E-02   8.75940621E-02  -8.84400960E-03
  0.468750000      0.718750000       5.64775243E-02   6.85882717E-02  -1.12618962E-02
  0.531250000      0.718750000       6.02429211E-02   4.67880815E-02  -1.32217864E-02
  0.593750000      0.718750000       5.93508258E-02   2.32537352E-02  -1.43593140E-02
  0.656250000      0.718750000       5.28502725E-02  -1.40037446E-03  -1.44749023E-02
  0.718750000      0.718750000       4.07445654E-02  -2.98951175E-02  -1.38220852E-02
  0.781250000      0.718750000       2.37971880E-02  -7.14552850E-02  -1.22557394E-02
  0.843750000      0.718750000       1.45228254E-03 -0.153293878      -9.41028725E-03
  0.906250000      0.718750000      -1.58080906E-02 -0.273109615      -3.11164139E-03
  0.968750000      0.718750000      -1.01587540E-02 -0.334324509       2.36002100E-03
   3.12500000E-02  0.781250000      -9.84079670E-04   5.66219315E-02  -2.35148752E-03
   9.37500000E-02  0.781250000       1.48495776E-03  0.105101973      -1.86465099E-03
  0.156250000      0.781250000       1.08664418E-02  0.116366446      -1.49005186E-03
  0.218750000      0.781250000       2.43021548E-02  0.112031236      -1.77820725E-03
  0.281250000      0.781250000       3.96371149E-02  0.102764189      -2.99084838E-03
  0.343750000      0.781250000       5.47384061E-02   9.10592154E-02  -4.97196056E-03
  0.406250000      0.781250000       6.80046529E-02   7.73213133E-02  -7.38266064E-03
  0.468750000      0.781250000       7.80314133E-02   6.16584122E-02  -9.79579799E-03
  0.531250000      0.781250000       8.35381299E-02   4.44721431E-02  -1.17643904E-02
  0.593750000      0.781250000       8.35152268E-02   2.65078880E-02  -1.29100727E-02
  0.656250000      0.781250000       7.74066076E-02   7.97205698E-03  -1.30132250E-02
  0.718750000      0.781250000       6.54163212E-02  -1.51617900E-02  -1.22258663E-02
  0.781250000      0.781250000       4.87138182E-02  -5.25378063E-02  -1.00942422E-02
  0.843750000      0.781250000       2.87279505E-02 -0.129888743      -5.36997896E-03
  0.906250000      0.781250000       6.53758086E-03 -0.257080048       3.35864630E-03
  0.968750000      0.781250000      -2.49615312E-03 -0.346987605       1.31209381E-02
   3.12500000E-02  0.843750000      -6.53307559E-03   6.41309619E-02  -3.10195237E-03
   9.37500000E-02  0.843750000      -8.50769877E-03   9.70806479E-02  -1.77943404E-03
  0.156250000      0.843750000       5.84048871E-03  0.100640215      -5.18521934E-04
  0.218750000      0.843750000       2.69428454E-02   9.32066441E-02  -2.19471985E-04
  0.281250000      0.843750000       4.92862500E-02   8.39061290E-02  -1.20058749E-03
  0.343750000      0.843750000       7.01753497E-02   7.39327371E-02  -3.16384598E-03
  0.406250000      0.843750000       8.80916342E-02   6.32803440E-02  -5.65949315E-03
  0.468750000      0.843750000      0.101881027       5.19044101E-02  -8.19478370E-03
  0.531250000      0.843750000      0.110620722       4.00027521E-02  -1.02895629E-02
  0.593750000      0.843750000      0.113758594       2.78829150E-02  -1.15445256E-02
  0.656250000      0.843750000      0.111311160       1.51676890E-02  -1.17059173E-02
  0.718750000      0.843750000      0.103154838      -2.20504776E-03  -1.06333317E-02
  0.781250000      0.843750000       9.04847309E-02  -3.61270308E-02  -7.52657000E-03
  0.843750000      0.843750000       7.24734217E-02 -0.108318925       8.80712119E-04
  0.906250000      0.843750000       4.32759002E-02 -0.227288499       1.72749199E-02
  0.968750000      0.843750000       1.24994200E-02 -0.336996615       3.59129608E-02
   3.12500000E-02  0.906250000      -1.14918817E-02   8.21449757E-02  -5.29829273E-03
   9.37500000E-02  0.906250000      -1.22821676E-02   8.18068832E-02  -1.49663736E-03
  0.156250000      0.906250000       1.51877971E-02   7.40696937E-02   1.08120881E-03
  0.218750000      0.906250000       4.85999398E-02   6.52412921E-02   1.90246373E-03
  0.281250000      0.906250000       8.05653334E-02   5.75500652E-02   9.62290447E-04
  0.343750000      0.906250000      0.109432273       5.05312309E-02  -1.15030806E-03
  0.406250000      0.906250000      0.134444758       4.37621251E-02  -3.85838863E-03
  0.468750000      0.906250000      0.155059904       3.70346233E-02  -6.61482755E-03
  0.531250000      0.906250000      0.170884997       3.03272605E-02  -8.91461037E-03
  0.593750000      0.906250000      0.181736201       2.35870238E-02  -1.03259021E-02
  0.656250000      0.906250000      0.187713698       1.59450322E-02  -1.04845427E-02
  0.718750000      0.906250000      0.189839721       3.04948166E-03  -8.95590521E-03
  0.781250000      0.906250000      0.187123477      -2.60061920E-02  -3.39797232E-03
  0.843750000      0.906250000      0.169386432      -8.27157497E-02   1.18917776E-02
  0.906250000      0.906250000      0.120540127     -0.174883649       4.17328253E-02
  0.968750000      0.906250000       4.31960039E-02 -0.281316906       7.98592493E-02
   3.12500000E-02  0.968750000       4.68110852E-02   4.68153581E-02  -1.24033494E-02
   9.37500000E-02  0.968750000      0.129164860       3.55487540E-02   3.89283872E-04
  0.156250000      0.968750000      0.193349004       2.86470689E-02   4.38110530E-03
  0.218750000      0.968750000      0.246282145       2.42960304E-02   4.95886663E-03
  0.281250000      0.968750000      0.291684270       2.11128537E-02   3.61633627E-03
  0.343750000      0.968750000      0.331287503       1.84930991E-02   1.13144913E-03
  0.406250000      0.968750000      0.365930736       1.61488969E-02  -1.89695368E-03
  0.468750000      0.968750000      0.396029264       1.39454864E-02  -4.92694508E-03
  0.531250000      0.968750000      0.421807557       1.18273534E-02  -7.45829567E-03
  0.593750000      0.968750000      0.443348080       9.70824622E-03  -9.02585685E-03
  0.656250000      0.968750000      0.460130453       7.07152672E-03  -9.00634378E-03
  0.718750000      0.968750000      0.468563437       1.36260735E-03  -5.46290027E-03
  0.781250000      0.968750000      0.458433807      -1.14862639E-02   5.31251729E-03
  0.843750000      0.968750000      0.412923455      -3.40131223E-02   2.85998005E-02
  0.906250000      0.968750000      0.308521837      -7.03733712E-02   7.18059018E-02
  0.968750000      0.968750000      0.119070016     -0.119064741      0.135620713    
